#
# column #1=histogram, #2=x-axis bin, #3=binned cross-section, #4=error, #5=number of events 
# this can be easily plotted in gnuplot with the commands:
#    NHi=3
#    plot 'output.dat' using ($2):($1==NHi ? $3 : 1/0) w st
# where NHi selects the histogram
#
#
# run time =      -0.00min
# TotCS =      4.0574123830E-05           1.53016E-05
#
# Histogram 1: m_jj                                              
 1|   0.000E+00|                      NaN|   0.0000000000000000E+00|          0|
 1|   5.000E+01|                 Infinity|   1.9259280394283634E-02|       2696|
 1|   1.000E+02|                 Infinity|   1.1384236006219673E-02|       7716|
 1|   1.500E+02|                 Infinity|   1.0750823813438266E-02|       8652|
 1|   2.000E+02|                 Infinity|   1.1256579987082011E-02|       7892|
 1|   2.500E+02|                 Infinity|   1.1408658578622726E-02|       7683|
 1|   3.000E+02|                 Infinity|   1.2467897530561517E-02|       6433|
 1|   3.500E+02|                 Infinity|   1.3525869293285418E-02|       5466|
 1|   4.000E+02|                 Infinity|   1.3581892738756662E-02|       5421|
 1|   4.500E+02|                 Infinity|   1.6016922810454557E-02|       3898|
 1|   5.000E+02|                 Infinity|   1.7402492911639783E-02|       3302|
 1|   5.500E+02|                 Infinity|   1.9768096709561138E-02|       2559|
 1|   6.000E+02|                 Infinity|   2.1016567585459930E-02|       2264|
 1|   6.500E+02|                 Infinity|   2.3230699676234090E-02|       1853|
 1|   7.000E+02|                 Infinity|   2.5165695359475018E-02|       1579|
 1|   7.500E+02|                 Infinity|   2.7186362391351842E-02|       1353|
 1|   8.000E+02|                 Infinity|   2.9111125486979101E-02|       1180|
 1|   8.500E+02|                 Infinity|   2.9840776634222691E-02|       1123|
 1|   9.000E+02|                 Infinity|   3.3786868919974296E-02|        876|
 1|   9.500E+02|                 Infinity|   3.6466247874473640E-02|        752|
 1|   1.000E+03|                 Infinity|   3.9163022499397869E-02|        652|
 1|   1.050E+03|                 Infinity|   4.5129368240652418E-02|        491|
 1|   1.100E+03|                 Infinity|   5.3224629541234948E-02|        353|
 1|   1.150E+03|                 Infinity|   5.9868434008924963E-02|        279|
 1|   1.200E+03|                 Infinity|   6.8199433947047347E-02|        215|
 1|   1.250E+03|                 Infinity|   7.6249285166302333E-02|        172|
 1|   1.300E+03|                 Infinity|   7.8326044998795738E-02|        163|
 1|   1.350E+03|                 Infinity|   8.5435765771676095E-02|        137|
 1|   1.400E+03|                 Infinity|   9.1669849702821132E-02|        119|
 1|   1.450E+03|                 Infinity|   1.0259783520851541E-01|         95|
 1|   1.500E+03|                 Infinity|   1.1250879009260240E-01|         79|
 1|   1.550E+03|                 Infinity|   1.1785113019775793E-01|         72|
 1|   1.600E+03|                 Infinity|   1.2216944435630522E-01|         67|
 1|   1.650E+03|                 Infinity|   1.3130643285972254E-01|         58|
 1|   1.700E+03|                 Infinity|   1.5075567228888181E-01|         44|
 1|   1.750E+03|                 Infinity|   1.6222142113076254E-01|         38|
 1|   1.800E+03|                 Infinity|   1.4907119849998599E-01|         45|
 1|   1.850E+03|                 Infinity|   1.9245008972987526E-01|         27|
 1|   1.900E+03|                 Infinity|   2.0851441405707477E-01|         23|
 1|   1.950E+03|                 Infinity|   2.7735009811261457E-01|         13|
 1|   2.000E+03|                 Infinity|   2.6726124191242440E-01|         14|
 1|   2.050E+03|                 Infinity|   2.5000000000000000E-01|         16|
 1|   2.100E+03|                 Infinity|   2.7735009811261457E-01|         13|
 1|   2.150E+03|                 Infinity|   3.1622776601683794E-01|         10|
 1|   2.200E+03|                 Infinity|   4.4721359549995793E-01|          5|
 1|   2.250E+03|                 Infinity|   5.0000000000000000E-01|          4|
 1|   2.300E+03|                 Infinity|   4.0824829046386307E-01|          6|
 1|   2.350E+03|                 Infinity|   4.4721359549995793E-01|          5|
 1|   2.400E+03|                 Infinity|   7.0710678118654746E-01|          2|
 1|   2.450E+03|                 Infinity|   5.0000000000000000E-01|          4|
 1|   2.500E+03|                 Infinity|   7.0710678118654746E-01|          2|
 1|   2.550E+03|                 Infinity|   1.0000000000000000E+00|          1|
 1|   2.600E+03|                 Infinity|   1.0000000000000000E+00|          1|
 1|   2.650E+03|                      NaN|   0.0000000000000000E+00|          0|
 1|   2.700E+03|                      NaN|   0.0000000000000000E+00|          0|
 1|   2.750E+03|                      NaN|   0.0000000000000000E+00|          0|
 1|   2.800E+03|                 Infinity|   1.0000000000000000E+00|          1|
 1|   2.850E+03|                      NaN|   0.0000000000000000E+00|          0|
 1|   2.900E+03|                 Infinity|   1.0000000000000000E+00|          1|
 1|   2.950E+03|                      NaN|   0.0000000000000000E+00|          0|
 1|   3.000E+03|                      NaN|   0.0000000000000000E+00|          0|
 1|   3.050E+03|                 Infinity|   7.0710678118654746E-01|          2|
 1|   3.100E+03|                      NaN|   0.0000000000000000E+00|          0|
 1|   3.150E+03|                      NaN|   0.0000000000000000E+00|          0|
 1|   3.200E+03|                      NaN|   0.0000000000000000E+00|          0|
 1|   3.250E+03|                 Infinity|   1.0000000000000000E+00|          1|
 1|   3.300E+03|                 Infinity|   1.0000000000000000E+00|          1|
 1|   3.350E+03|                      NaN|   0.0000000000000000E+00|          0|
 1|   3.400E+03|                      NaN|   0.0000000000000000E+00|          0|
 1|   3.450E+03|                      NaN|   0.0000000000000000E+00|          0|
 1|   3.500E+03|                      NaN|   0.0000000000000000E+00|          0|
 1|   3.550E+03|                 Infinity|   1.0000000000000000E+00|          1|
 1|   3.600E+03|                 Infinity|   1.0000000000000000E+00|          1|
 1|   3.650E+03|                 Infinity|   1.0000000000000000E+00|          1|
 1|   3.700E+03|                 Infinity|   1.0000000000000000E+00|          1|
 1|   3.750E+03|                      NaN|   0.0000000000000000E+00|          0|
 1|   3.800E+03|                      NaN|   0.0000000000000000E+00|          0|
 1|   3.850E+03|                      NaN|   0.0000000000000000E+00|          0|
 1|   3.900E+03|                      NaN|   0.0000000000000000E+00|          0|
 1|   3.950E+03|                      NaN|   0.0000000000000000E+00|          0|
 1|   4.000E+03|                      NaN|   0.0000000000000000E+00|          0|
 1|   4.050E+03|                      NaN|   0.0000000000000000E+00|          0|
 1|   4.100E+03|                      NaN|   0.0000000000000000E+00|          0|
 1|   4.150E+03|                      NaN|   0.0000000000000000E+00|          0|
 1|   4.200E+03|                      NaN|   0.0000000000000000E+00|          0|
 1|   4.250E+03|                      NaN|   0.0000000000000000E+00|          0|
 1|   4.300E+03|                      NaN|   0.0000000000000000E+00|          0|
 1|   4.350E+03|                      NaN|   0.0000000000000000E+00|          0|
 1|   4.400E+03|                      NaN|   0.0000000000000000E+00|          0|
 1|   4.450E+03|                      NaN|   0.0000000000000000E+00|          0|
 1|   4.500E+03|                      NaN|   0.0000000000000000E+00|          0|
 1|   4.550E+03|                      NaN|   0.0000000000000000E+00|          0|
 1|   4.600E+03|                      NaN|   0.0000000000000000E+00|          0|
 1|   4.650E+03|                      NaN|   0.0000000000000000E+00|          0|
 1|   4.700E+03|                      NaN|   0.0000000000000000E+00|          0|
 1|   4.750E+03|                      NaN|   0.0000000000000000E+00|          0|
 1|   4.800E+03|                      NaN|   0.0000000000000000E+00|          0|
 1|   4.850E+03|                      NaN|   0.0000000000000000E+00|          0|
 1|   4.900E+03|                      NaN|   0.0000000000000000E+00|          0|
 1|   4.950E+03|                      NaN|   0.0000000000000000E+00|          0|
# integrated result:   4.0574123829809791E-05
#
# Histogram 2: m_jj                                              
 2|   0.000E+00|                      NaN|   0.0000000000000000E+00|          0|
 2|   2.000E+00|                      NaN|   0.0000000000000000E+00|          0|
 2|   4.000E+00|                      NaN|   0.0000000000000000E+00|          0|
 2|   6.000E+00|                      NaN|   0.0000000000000000E+00|          0|
 2|   8.000E+00|                      NaN|   0.0000000000000000E+00|          0|
 2|   1.000E+01|                      NaN|   0.0000000000000000E+00|          0|
 2|   1.200E+01|                      NaN|   0.0000000000000000E+00|          0|
 2|   1.400E+01|                      NaN|   0.0000000000000000E+00|          0|
 2|   1.600E+01|                      NaN|   0.0000000000000000E+00|          0|
 2|   1.800E+01|                      NaN|   0.0000000000000000E+00|          0|
 2|   2.000E+01|                      NaN|   0.0000000000000000E+00|          0|
 2|   2.200E+01|                      NaN|   0.0000000000000000E+00|          0|
 2|   2.400E+01|                      NaN|   0.0000000000000000E+00|          0|
 2|   2.600E+01|                      NaN|   0.0000000000000000E+00|          0|
 2|   2.800E+01|                      NaN|   0.0000000000000000E+00|          0|
 2|   3.000E+01|                      NaN|   0.0000000000000000E+00|          0|
 2|   3.200E+01|                      NaN|   0.0000000000000000E+00|          0|
 2|   3.400E+01|                      NaN|   0.0000000000000000E+00|          0|
 2|   3.600E+01|                      NaN|   0.0000000000000000E+00|          0|
 2|   3.800E+01|                      NaN|   0.0000000000000000E+00|          0|
 2|   4.000E+01|                      NaN|   0.0000000000000000E+00|          0|
 2|   4.200E+01|                      NaN|   0.0000000000000000E+00|          0|
 2|   4.400E+01|                      NaN|   0.0000000000000000E+00|          0|
 2|   4.600E+01|                      NaN|   0.0000000000000000E+00|          0|
 2|   4.800E+01|                      NaN|   0.0000000000000000E+00|          0|
 2|   5.000E+01|                      NaN|   0.0000000000000000E+00|          0|
 2|   5.200E+01|                      NaN|   0.0000000000000000E+00|          0|
 2|   5.400E+01|                      NaN|   0.0000000000000000E+00|          0|
 2|   5.600E+01|                      NaN|   0.0000000000000000E+00|          0|
 2|   5.800E+01|                      NaN|   0.0000000000000000E+00|          0|
 2|   6.000E+01|                      NaN|   0.0000000000000000E+00|          0|
 2|   6.200E+01|                      NaN|   0.0000000000000000E+00|          0|
 2|   6.400E+01|                      NaN|   0.0000000000000000E+00|          0|
 2|   6.600E+01|                      NaN|   0.0000000000000000E+00|          0|
 2|   6.800E+01|                      NaN|   0.0000000000000000E+00|          0|
 2|   7.000E+01|                 Infinity|   8.5435765771676095E-02|        137|
 2|   7.200E+01|                 Infinity|   8.6710996952411995E-02|        133|
 2|   7.400E+01|                 Infinity|   8.5749292571254410E-02|        136|
 2|   7.600E+01|                 Infinity|   7.6923076923076927E-02|        169|
 2|   7.800E+01|                 Infinity|   7.6028592126970551E-02|        173|
 2|   8.000E+01|                 Infinity|   7.5164602800282893E-02|        177|
 2|   8.200E+01|                 Infinity|   7.0359754473029182E-02|        202|
 2|   8.400E+01|                 Infinity|   7.3521462209380772E-02|        185|
 2|   8.600E+01|                 Infinity|   7.1611487403943297E-02|        195|
 2|   8.800E+01|                 Infinity|   6.9337524528153643E-02|        208|
 2|   9.000E+01|                 Infinity|   7.7615052570633281E-02|        166|
 2|   9.200E+01|                 Infinity|   6.9171446386607466E-02|        209|
 2|   9.400E+01|                 Infinity|   7.0710678118654752E-02|        200|
 2|   9.600E+01|                 Infinity|   7.0710678118654752E-02|        200|
 2|   9.800E+01|                 Infinity|   6.9673301429161769E-02|        206|
 2|   1.000E+02|                 Infinity|   6.6519010523773930E-02|        226|
 2|   1.020E+02|                 Infinity|   6.8680281974344518E-02|        212|
 2|   1.040E+02|                 Infinity|   6.6519010523773930E-02|        226|
 2|   1.060E+02|                 Infinity|   6.4549722436790274E-02|        240|
 2|   1.080E+02|                 Infinity|   6.2017367294604234E-02|        260|
 2|   1.100E+02|                 Infinity|   6.2378286155180533E-02|        257|
 2|   1.120E+02|                 Infinity|   6.0522753266880246E-02|        273|
 2|   1.140E+02|                 Infinity|   5.9131239598908258E-02|        286|
 2|   1.160E+02|                 Infinity|   5.9976014390406722E-02|        278|
 2|   1.180E+02|                 Infinity|   5.8025885318565944E-02|        297|
 2|   1.200E+02|                 Infinity|   5.4717565516458275E-02|        334|
 2|   1.220E+02|                 Infinity|   5.3528772757218922E-02|        349|
 2|   1.240E+02|                 Infinity|   5.4392829322042119E-02|        338|
 2|   1.260E+02|                 Infinity|   5.4635836470815310E-02|        335|
 2|   1.280E+02|                 Infinity|   5.9868434008924963E-02|        279|
 2|   1.300E+02|                 Infinity|   5.7928444636349226E-02|        298|
 2|   1.320E+02|                 Infinity|   5.7928444636349226E-02|        298|
 2|   1.340E+02|                 Infinity|   5.7639041770423498E-02|        301|
 2|   1.360E+02|                 Infinity|   5.2999894000318001E-02|        356|
 2|   1.380E+02|                 Infinity|   5.6980288229818973E-02|        308|
 2|   1.400E+02|                 Infinity|   5.1434449987363969E-02|        378|
 2|   1.420E+02|                 Infinity|   5.2925612402496311E-02|        357|
 2|   1.440E+02|                 Infinity|   5.1639777949432225E-02|        375|
 2|   1.460E+02|                 Infinity|   4.8393391849582724E-02|        427|
 2|   1.480E+02|                 Infinity|   4.8336824452283177E-02|        428|
 2|   1.500E+02|                 Infinity|   4.9629166698546508E-02|        406|
 2|   1.520E+02|                 Infinity|   5.0898659855928764E-02|        386|
 2|   1.540E+02|                 Infinity|   5.0251890762960605E-02|        396|
 2|   1.560E+02|                 Infinity|   5.3994924715603881E-02|        343|
 2|   1.580E+02|                 Infinity|   5.3376051268362382E-02|        351|
 2|   1.600E+02|                 Infinity|   5.4153036107388232E-02|        341|
 2|   1.620E+02|                 Infinity|   5.4232614454664041E-02|        340|
 2|   1.640E+02|                 Infinity|   5.5131784641997125E-02|        329|
 2|   1.660E+02|                 Infinity|   5.3074489243427524E-02|        355|
 2|   1.680E+02|                 Infinity|   5.3838190205816552E-02|        345|
 2|   1.700E+02|                 Infinity|   5.3149400345273393E-02|        354|
 2|   1.720E+02|                 Infinity|   5.4312544659356844E-02|        339|
 2|   1.740E+02|                 Infinity|   5.3838190205816552E-02|        345|
 2|   1.760E+02|                 Infinity|   5.3149400345273393E-02|        354|
 2|   1.780E+02|                 Infinity|   5.3916386601719206E-02|        344|
 2|   1.800E+02|                 Infinity|   5.2486388108147798E-02|        363|
 2|   1.820E+02|                 Infinity|   5.3760333057047034E-02|        346|
 2|   1.840E+02|                 Infinity|   5.2925612402496311E-02|        357|
 2|   1.860E+02|                 Infinity|   5.2704627669472988E-02|        360|
 2|   1.880E+02|                 Infinity|   5.6343616981901101E-02|        315|
 2|   1.900E+02|                 Infinity|   5.3916386601719206E-02|        344|
 2|   1.920E+02|                 Infinity|   5.5727821257535282E-02|        322|
 2|   1.940E+02|                 Infinity|   5.7639041770423498E-02|        301|
 2|   1.960E+02|                 Infinity|   5.7073014553534959E-02|        307|
 2|   1.980E+02|                 Infinity|   5.6888012398857428E-02|        309|
# integrated result:   4.0574123829809343E-05
#
# Histogram 3: pT(H)                                             
 3|   0.000E+00|                 Infinity|   2.4814583349273254E-02|       1624|
 3|   1.000E+01|                 Infinity|   1.4234965584343246E-02|       4935|
 3|   2.000E+01|                 Infinity|   1.2993589245171131E-02|       5923|
 3|   3.000E+01|                 Infinity|   1.3719241215239543E-02|       5313|
 3|   4.000E+01|                 Infinity|   1.4494275891311212E-02|       4760|
 3|   5.000E+01|                 Infinity|   1.5437688027360960E-02|       4196|
 3|   6.000E+01|                 Infinity|   1.6577115836060096E-02|       3639|
 3|   7.000E+01|                 Infinity|   1.7069718549972971E-02|       3432|
 3|   8.000E+01|                 Infinity|   1.8528051862016663E-02|       2913|
 3|   9.000E+01|                 Infinity|   2.0851441405707476E-02|       2300|
 3|   1.000E+02|                 Infinity|   2.1947564065307356E-02|       2076|
 3|   1.100E+02|                 Infinity|   2.2680460581325723E-02|       1944|
 3|   1.200E+02|                 Infinity|   2.3537557657892522E-02|       1805|
 3|   1.300E+02|                 Infinity|   2.3931938620591269E-02|       1746|
 3|   1.400E+02|                 Infinity|   2.4274991071356489E-02|       1697|
 3|   1.500E+02|                 Infinity|   2.5015639663712997E-02|       1598|
 3|   1.600E+02|                 Infinity|   2.5863030005593587E-02|       1495|
 3|   1.700E+02|                 Infinity|   2.6783579200279007E-02|       1394|
 3|   1.800E+02|                 Infinity|   2.7597366233044082E-02|       1313|
 3|   1.900E+02|                 Infinity|   2.8747978728803449E-02|       1210|
 3|   2.000E+02|                 Infinity|   2.9424494316824982E-02|       1155|
 3|   2.100E+02|                 Infinity|   3.0934411244487297E-02|       1045|
 3|   2.200E+02|                 Infinity|   3.0875376054721921E-02|       1049|
 3|   2.300E+02|                 Infinity|   3.2141217326661253E-02|        968|
 3|   2.400E+02|                 Infinity|   3.1143732993214979E-02|       1031|
 3|   2.500E+02|                 Infinity|   3.3903175181040524E-02|        870|
 3|   2.600E+02|                 Infinity|   3.5179877236514591E-02|        808|
 3|   2.700E+02|                 Infinity|   3.6226177800110920E-02|        762|
 3|   2.800E+02|                 Infinity|   3.7823473723611688E-02|        699|
 3|   2.900E+02|                 Infinity|   3.8924947208076148E-02|        660|
 3|   3.000E+02|                 Infinity|   3.9405520311955031E-02|        644|
 3|   3.100E+02|                 Infinity|   4.1522739926869986E-02|        580|
 3|   3.200E+02|                 Infinity|   4.0555355282690636E-02|        608|
 3|   3.300E+02|                 Infinity|   4.2033135170919861E-02|        566|
 3|   3.400E+02|                 Infinity|   4.2562826537937429E-02|        552|
 3|   3.500E+02|                 Infinity|   4.3810795433832352E-02|        521|
 3|   3.600E+02|                 Infinity|   4.6175709653961020E-02|        469|
 3|   3.700E+02|                 Infinity|   4.7457899787624949E-02|        444|
 3|   3.800E+02|                 Infinity|   4.7351372381037843E-02|        446|
 3|   3.900E+02|                 Infinity|   4.8795003647426664E-02|        420|
 3|   4.000E+02|                 Infinity|   4.8507125007266595E-02|        425|
 3|   4.100E+02|                 Infinity|   5.0507627227610534E-02|        392|
 3|   4.200E+02|                 Infinity|   5.5901699437494741E-02|        320|
 3|   4.300E+02|                 Infinity|   5.6613851707229781E-02|        312|
 3|   4.400E+02|                 Infinity|   5.5727821257535282E-02|        322|
 3|   4.500E+02|                 Infinity|   5.8222250973958202E-02|        295|
 3|   4.600E+02|                 Infinity|   6.0858061945018457E-02|        270|
 3|   4.700E+02|                 Infinity|   6.1662641597820735E-02|        263|
 3|   4.800E+02|                 Infinity|   5.7928444636349226E-02|        298|
 3|   4.900E+02|                 Infinity|   6.1084722178152612E-02|        268|
# integrated result:   4.0574123829809777E-05
#
# Histogram 4: pT(j1)                                            
 4|   0.000E+00|                      NaN|   0.0000000000000000E+00|          0|
 4|   1.000E+01|                 Infinity|   4.9446817643414874E-02|        409|
 4|   2.000E+01|                 Infinity|   2.7482485496465633E-02|       1324|
 4|   3.000E+01|                 Infinity|   2.2288359934599659E-02|       2013|
 4|   4.000E+01|                 Infinity|   1.9349201886068965E-02|       2671|
 4|   5.000E+01|                 Infinity|   1.8190840670926210E-02|       3022|
 4|   6.000E+01|                 Infinity|   1.7251638983558856E-02|       3360|
 4|   7.000E+01|                 Infinity|   1.7261916993993133E-02|       3356|
 4|   8.000E+01|                 Infinity|   1.7226024063738864E-02|       3370|
 4|   9.000E+01|                 Infinity|   1.7152381108735990E-02|       3399|
 4|   1.000E+02|                 Infinity|   1.7885682339724072E-02|       3126|
 4|   1.100E+02|                 Infinity|   1.8007060151640494E-02|       3084|
 4|   1.200E+02|                 Infinity|   1.8761362859889375E-02|       2841|
 4|   1.300E+02|                 Infinity|   1.8935454896394255E-02|       2789|
 4|   1.400E+02|                 Infinity|   1.9378243856463639E-02|       2663|
 4|   1.500E+02|                 Infinity|   1.9908629972056061E-02|       2523|
 4|   1.600E+02|                 Infinity|   2.0571603220883004E-02|       2363|
 4|   1.700E+02|                 Infinity|   2.1339479988815996E-02|       2196|
 4|   1.800E+02|                 Infinity|   2.2388683141982252E-02|       1995|
 4|   1.900E+02|                 Infinity|   2.2768472012439346E-02|       1929|
 4|   2.000E+02|                 Infinity|   2.3236970617008655E-02|       1852|
 4|   2.100E+02|                 Infinity|   2.4325212770525996E-02|       1690|
 4|   2.200E+02|                 Infinity|   2.5173668017796205E-02|       1578|
 4|   2.300E+02|                 Infinity|   2.5768403601503658E-02|       1506|
 4|   2.400E+02|                 Infinity|   2.6279416561381837E-02|       1448|
 4|   2.500E+02|                 Infinity|   2.7307730683968016E-02|       1341|
 4|   2.600E+02|                 Infinity|   2.7961774421028408E-02|       1279|
 4|   2.700E+02|                 Infinity|   3.0247530200945175E-02|       1093|
 4|   2.800E+02|                 Infinity|   3.0110103182983891E-02|       1103|
 4|   2.900E+02|                 Infinity|   3.0787453590353963E-02|       1055|
 4|   3.000E+02|                 Infinity|   3.2042066805600074E-02|        974|
 4|   3.100E+02|                 Infinity|   3.3259505261886965E-02|        904|
 4|   3.200E+02|                 Infinity|   3.3825504574586919E-02|        874|
 4|   3.300E+02|                 Infinity|   3.6986336072765455E-02|        731|
 4|   3.400E+02|                 Infinity|   3.6014120303280987E-02|        771|
 4|   3.500E+02|                 Infinity|   3.7113480951260276E-02|        726|
 4|   3.600E+02|                 Infinity|   4.0622223185119377E-02|        606|
 4|   3.700E+02|                 Infinity|   4.3033148291193521E-02|        540|
 4|   3.800E+02|                 Infinity|   4.1996052556580801E-02|        567|
 4|   3.900E+02|                 Infinity|   4.4543540318737397E-02|        504|
 4|   4.000E+02|                 Infinity|   4.5221563164613454E-02|        489|
 4|   4.100E+02|                 Infinity|   4.9088069367381602E-02|        415|
 4|   4.200E+02|                 Infinity|   4.9386479832479478E-02|        410|
 4|   4.300E+02|                 Infinity|   5.2342392259021375E-02|        365|
 4|   4.400E+02|                 Infinity|   5.2199575097188054E-02|        367|
 4|   4.500E+02|                 Infinity|   5.6433264798310033E-02|        314|
 4|   4.600E+02|                 Infinity|   5.8722021951470346E-02|        290|
 4|   4.700E+02|                 Infinity|   5.7259833431386825E-02|        305|
 4|   4.800E+02|                 Infinity|   6.7115605521402430E-02|        222|
 4|   4.900E+02|                 Infinity|   6.5372045046061339E-02|        234|
# integrated result:   4.0574123829809770E-05
#
# Histogram 5: dy(j1,j2)                                         
 5|  -5.000E+00|                 Infinity|   4.7619047619047616E-02|        441|
 5|  -4.800E+00|                 Infinity|   4.2796049251091289E-02|        546|
 5|  -4.600E+00|                 Infinity|   3.8807526285316640E-02|        664|
 5|  -4.400E+00|                 Infinity|   3.0137438733945612E-02|       1101|
 5|  -4.200E+00|                 Infinity|   3.0685820596610777E-02|       1062|
 5|  -4.000E+00|                 Infinity|   2.8676966733820218E-02|       1216|
 5|  -3.800E+00|                 Infinity|   2.8272964322665701E-02|       1251|
 5|  -3.600E+00|                 Infinity|   2.9197858123689188E-02|       1173|
 5|  -3.400E+00|                 Infinity|   2.7809983907757470E-02|       1293|
 5|  -3.200E+00|                 Infinity|   2.6388990698462976E-02|       1436|
 5|  -3.000E+00|                 Infinity|   2.2674629379125909E-02|       1945|
 5|  -2.800E+00|                 Infinity|   1.9473541261232866E-02|       2637|
 5|  -2.600E+00|                 Infinity|   1.5909131996778254E-02|       3951|
 5|  -2.400E+00|                 Infinity|   1.0128952091046067E-02|       9747|
 5|  -2.200E+00|                 Infinity|   1.3417078735707711E-02|       5555|
 5|  -2.000E+00|                 Infinity|   1.5406510009618582E-02|       4213|
 5|  -1.800E+00|                 Infinity|   1.4720214798941532E-02|       4615|
 5|  -1.600E+00|                 Infinity|   1.4995689358874936E-02|       4447|
 5|  -1.400E+00|                 Infinity|   1.5727081208982963E-02|       4043|
 5|  -1.200E+00|                 Infinity|   1.6314711653683207E-02|       3757|
 5|  -1.000E+00|                 Infinity|   1.2152722833951090E-02|       6771|
 5|  -8.000E-01|                 Infinity|   1.6273613872602986E-02|       3776|
 5|  -6.000E-01|                 Infinity|   2.0523888315214546E-02|       2374|
 5|  -4.000E-01|                 Infinity|   2.3884108859621590E-02|       1753|
 5|  -2.000E-01|                 Infinity|   3.2844309272143102E-02|        927|
 5|   0.000E+00|                 Infinity|   4.2756912480901278E-02|        547|
 5|   2.000E-01|                 Infinity|   4.0422604172722164E-02|        612|
 5|   4.000E-01|                 Infinity|   3.8208035995043507E-02|        685|
 5|   6.000E-01|                 Infinity|   4.2796049251091289E-02|        546|
 5|   8.000E-01|                 Infinity|   5.1847584736521263E-02|        372|
 5|   1.000E+00|                 Infinity|   6.6666666666666666E-02|        225|
 5|   1.200E+00|                 Infinity|   7.9056941504209485E-02|        160|
 5|   1.400E+00|                 Infinity|   8.6386842558136015E-02|        134|
 5|   1.600E+00|                 Infinity|   1.0369516947304253E-01|         93|
 5|   1.800E+00|                 Infinity|   1.1250879009260240E-01|         79|
 5|   2.000E+00|                 Infinity|   1.3018891098082389E-01|         59|
 5|   2.200E+00|                 Infinity|   1.4744195615489714E-01|         46|
 5|   2.400E+00|                 Infinity|   2.1320071635561041E-01|         22|
 5|   2.600E+00|                 Infinity|   1.9611613513818404E-01|         26|
 5|   2.800E+00|                 Infinity|   2.5000000000000000E-01|         16|
 5|   3.000E+00|                 Infinity|   2.0851441405707477E-01|         23|
 5|   3.200E+00|                 Infinity|   3.3333333333333331E-01|          9|
 5|   3.400E+00|                 Infinity|   3.3333333333333331E-01|          9|
 5|   3.600E+00|                 Infinity|   2.6726124191242440E-01|         14|
 5|   3.800E+00|                 Infinity|   4.4721359549995793E-01|          5|
 5|   4.000E+00|                 Infinity|   4.0824829046386307E-01|          6|
 5|   4.200E+00|                 Infinity|   4.0824829046386307E-01|          6|
 5|   4.400E+00|                 Infinity|   1.0000000000000000E+00|          1|
 5|   4.600E+00|                 Infinity|   7.0710678118654746E-01|          2|
 5|   4.800E+00|                 Infinity|   7.0710678118654746E-01|          2|
# integrated result:   4.0574123829809763E-05
#
# Histogram 6: mz1                                               
 6|   0.000E+00|                      NaN|   0.0000000000000000E+00|          0|
 6|   2.000E+00|                      NaN|   0.0000000000000000E+00|          0|
 6|   4.000E+00|                 Infinity|   7.2547625011001163E-02|        190|
 6|   6.000E+00|                 Infinity|   4.7351372381037843E-02|        446|
 6|   8.000E+00|                 Infinity|   1.8888107730216267E-02|       2803|
 6|   1.000E+01|                 Infinity|   2.4603391565256146E-02|       1652|
 6|   1.200E+01|                 Infinity|   3.5897907930886909E-02|        776|
 6|   1.400E+01|                 Infinity|   7.2547625011001163E-02|        190|
 6|   1.600E+01|                 Infinity|   8.8735650941611385E-02|        127|
 6|   1.800E+01|                 Infinity|   8.1923192051904056E-02|        149|
 6|   2.000E+01|                 Infinity|   1.0721125348377948E-01|         87|
 6|   2.200E+01|                 Infinity|   8.6066296582387042E-02|        135|
 6|   2.400E+01|                 Infinity|   9.1287092917527679E-02|        120|
 6|   2.600E+01|                 Infinity|   1.0540925533894598E-01|         90|
 6|   2.800E+01|                 Infinity|   9.8532927816429319E-02|        103|
 6|   3.000E+01|                 Infinity|   9.5346258924559238E-02|        110|
 6|   3.200E+01|                 Infinity|   7.9305158571814416E-02|        159|
 6|   3.400E+01|                 Infinity|   8.3918135829668908E-02|        142|
 6|   3.600E+01|                 Infinity|   9.1669849702821132E-02|        119|
 6|   3.800E+01|                 Infinity|   8.1923192051904056E-02|        149|
 6|   4.000E+01|                 Infinity|   8.5749292571254410E-02|        136|
 6|   4.200E+01|                 Infinity|   8.9442719099991588E-02|        125|
 6|   4.400E+01|                 Infinity|   8.0845208345444328E-02|        153|
 6|   4.600E+01|                 Infinity|   8.8735650941611385E-02|        127|
 6|   4.800E+01|                 Infinity|   9.6225044864937631E-02|        108|
 6|   5.000E+01|                 Infinity|   8.8735650941611385E-02|        127|
 6|   5.200E+01|                 Infinity|   7.8567420131838608E-02|        162|
 6|   5.400E+01|                 Infinity|   7.3127242412713067E-02|        187|
 6|   5.600E+01|                 Infinity|   6.8842839082151427E-02|        211|
 6|   5.800E+01|                 Infinity|   6.9171446386607466E-02|        209|
 6|   6.000E+01|                 Infinity|   8.0321932890249886E-02|        155|
 6|   6.200E+01|                 Infinity|   7.3521462209380772E-02|        185|
 6|   6.400E+01|                 Infinity|   7.2357460529242162E-02|        191|
 6|   6.600E+01|                 Infinity|   6.2622429108514954E-02|        255|
 6|   6.800E+01|                 Infinity|   5.8321184351980429E-02|        294|
 6|   7.000E+01|                 Infinity|   5.9234887775909233E-02|        285|
 6|   7.200E+01|                 Infinity|   7.0888120500833582E-02|        199|
 6|   7.400E+01|                 Infinity|   7.2168783648703230E-02|        192|
 6|   7.600E+01|                 Infinity|   6.9337524528153643E-02|        208|
 6|   7.800E+01|                 Infinity|   6.3245553203367583E-02|        250|
 6|   8.000E+01|                 Infinity|   4.0389619586100968E-02|        613|
 6|   8.200E+01|                 Infinity|   2.7929038673897278E-02|       1282|
 6|   8.400E+01|                 Infinity|   2.4961028814965893E-02|       1605|
 6|   8.600E+01|                 Infinity|   1.0411584125907071E-02|       9225|
 6|   8.800E+01|                 Infinity|   1.1658686436167751E-02|       7357|
 6|   9.000E+01|                 Infinity|   5.4509067247295595E-03|      33656|
 6|   9.200E+01|                 Infinity|   1.2226985636473215E-02|       6689|
 6|   9.400E+01|                 Infinity|   2.9373674772302332E-02|       1159|
 6|   9.600E+01|                 Infinity|   3.7932162090544078E-02|        695|
 6|   9.800E+01|                 Infinity|   4.0689422938557970E-02|        604|
 6|   1.000E+02|                 Infinity|   4.3937477516374682E-02|        518|
 6|   1.020E+02|                 Infinity|   6.4415662640083082E-02|        241|
 6|   1.040E+02|                 Infinity|   8.2478609884232251E-02|        147|
 6|   1.060E+02|                 Infinity|   1.0206207261596577E-01|         96|
 6|   1.080E+02|                 Infinity|   1.3130643285972254E-01|         58|
 6|   1.100E+02|                 Infinity|   1.3608276348795434E-01|         54|
 6|   1.120E+02|                 Infinity|   1.5249857033260467E-01|         43|
 6|   1.140E+02|                 Infinity|   1.6012815380508713E-01|         39|
 6|   1.160E+02|                 Infinity|   1.6903085094570330E-01|         35|
 6|   1.180E+02|                 Infinity|   1.7149858514250882E-01|         34|
 6|   1.200E+02|                 Infinity|   1.6012815380508713E-01|         39|
 6|   1.220E+02|                 Infinity|   1.7149858514250882E-01|         34|
 6|   1.240E+02|                 Infinity|   1.8569533817705186E-01|         29|
 6|   1.260E+02|                 Infinity|   2.0412414523193154E-01|         24|
 6|   1.280E+02|                 Infinity|   1.8569533817705186E-01|         29|
 6|   1.300E+02|                 Infinity|   2.5000000000000000E-01|         16|
 6|   1.320E+02|                 Infinity|   1.9611613513818404E-01|         26|
 6|   1.340E+02|                 Infinity|   3.1622776601683794E-01|         10|
 6|   1.360E+02|                 Infinity|   2.5819888974716110E-01|         15|
 6|   1.380E+02|                 Infinity|   2.7735009811261457E-01|         13|
 6|   1.400E+02|                 Infinity|   3.7796447300922720E-01|          7|
 6|   1.420E+02|                 Infinity|   2.5000000000000000E-01|         16|
 6|   1.440E+02|                 Infinity|   2.7735009811261457E-01|         13|
 6|   1.460E+02|                 Infinity|   3.0151134457776363E-01|         11|
 6|   1.480E+02|                 Infinity|   5.7735026918962584E-01|          3|
 6|   1.500E+02|                 Infinity|   3.5355339059327373E-01|          8|
 6|   1.520E+02|                 Infinity|   2.6726124191242440E-01|         14|
 6|   1.540E+02|                 Infinity|   2.5819888974716110E-01|         15|
 6|   1.560E+02|                 Infinity|   2.8867513459481292E-01|         12|
 6|   1.580E+02|                 Infinity|   4.4721359549995793E-01|          5|
 6|   1.600E+02|                 Infinity|   3.7796447300922720E-01|          7|
 6|   1.620E+02|                 Infinity|   4.4721359549995793E-01|          5|
 6|   1.640E+02|                 Infinity|   3.7796447300922720E-01|          7|
 6|   1.660E+02|                 Infinity|   5.0000000000000000E-01|          4|
 6|   1.680E+02|                 Infinity|   5.0000000000000000E-01|          4|
 6|   1.700E+02|                 Infinity|   5.0000000000000000E-01|          4|
 6|   1.720E+02|                 Infinity|   4.4721359549995793E-01|          5|
 6|   1.740E+02|                 Infinity|   4.0824829046386307E-01|          6|
 6|   1.760E+02|                 Infinity|   1.0000000000000000E+00|          1|
 6|   1.780E+02|                 Infinity|   4.4721359549995793E-01|          5|
 6|   1.800E+02|                 Infinity|   5.0000000000000000E-01|          4|
 6|   1.820E+02|                 Infinity|   5.0000000000000000E-01|          4|
 6|   1.840E+02|                 Infinity|   5.0000000000000000E-01|          4|
 6|   1.860E+02|                 Infinity|   5.7735026918962584E-01|          3|
 6|   1.880E+02|                 Infinity|   1.0000000000000000E+00|          1|
 6|   1.900E+02|                 Infinity|   5.7735026918962584E-01|          3|
 6|   1.920E+02|                 Infinity|   5.0000000000000000E-01|          4|
 6|   1.940E+02|                 Infinity|   5.7735026918962584E-01|          3|
 6|   1.960E+02|                 Infinity|   7.0710678118654746E-01|          2|
 6|   1.980E+02|                 Infinity|   5.7735026918962584E-01|          3|
# integrated result:   4.0574123829809736E-05
#
# Histogram 7: mz2                                               
 7|   0.000E+00|                      NaN|   0.0000000000000000E+00|          0|
 7|   2.000E+00|                      NaN|   0.0000000000000000E+00|          0|
 7|   4.000E+00|                 Infinity|   3.4900240637988800E-02|        821|
 7|   6.000E+00|                 Infinity|   4.4411559168432757E-02|        507|
 7|   8.000E+00|                 Infinity|   4.1309619238601381E-02|        586|
 7|   1.000E+01|                 Infinity|   4.0258484111423729E-02|        617|
 7|   1.200E+01|                 Infinity|   3.8348249442368518E-02|        680|
 7|   1.400E+01|                 Infinity|   3.5600942725445221E-02|        789|
 7|   1.600E+01|                 Infinity|   3.6155076303109365E-02|        765|
 7|   1.800E+01|                 Infinity|   3.4523833987986266E-02|        839|
 7|   2.000E+01|                 Infinity|   3.6131468676496206E-02|        766|
 7|   2.200E+01|                 Infinity|   3.4964180063753285E-02|        818|
 7|   2.400E+01|                 Infinity|   3.4319911152729012E-02|        849|
 7|   2.600E+01|                 Infinity|   3.3825504574586919E-02|        874|
 7|   2.800E+01|                 Infinity|   3.4441829515914534E-02|        843|
 7|   3.000E+01|                 Infinity|   3.6417852036461487E-02|        754|
 7|   3.200E+01|                 Infinity|   3.7904902178945168E-02|        696|
 7|   3.400E+01|                 Infinity|   3.7769478730024897E-02|        701|
 7|   3.600E+01|                 Infinity|   3.7502930030867465E-02|        711|
 7|   3.800E+01|                 Infinity|   4.0555355282690636E-02|        608|
 7|   4.000E+01|                 Infinity|   4.0225899335456484E-02|        618|
 7|   4.200E+01|                 Infinity|   4.0756957296961119E-02|        602|
 7|   4.400E+01|                 Infinity|   4.2835293687811936E-02|        545|
 7|   4.600E+01|                 Infinity|   4.4194173824159216E-02|        512|
 7|   4.800E+01|                 Infinity|   4.4455422447438706E-02|        506|
 7|   5.000E+01|                 Infinity|   4.5931521217462537E-02|        474|
 7|   5.200E+01|                 Infinity|   4.6778026972498797E-02|        457|
 7|   5.400E+01|                 Infinity|   4.8001536073731928E-02|        434|
 7|   5.600E+01|                 Infinity|   4.7140452079103168E-02|        450|
 7|   5.800E+01|                 Infinity|   5.0572173742417362E-02|        391|
 7|   6.000E+01|                 Infinity|   4.8970210687439175E-02|        417|
 7|   6.200E+01|                 Infinity|   5.0188561322849559E-02|        397|
 7|   6.400E+01|                 Infinity|   5.1571062312939668E-02|        376|
 7|   6.600E+01|                 Infinity|   5.1917413165116499E-02|        371|
 7|   6.800E+01|                 Infinity|   5.2342392259021375E-02|        365|
 7|   7.000E+01|                 Infinity|   5.3376051268362382E-02|        351|
 7|   7.200E+01|                 Infinity|   5.4392829322042119E-02|        338|
 7|   7.400E+01|                 Infinity|   5.3838190205816552E-02|        345|
 7|   7.600E+01|                 Infinity|   5.0767308256680958E-02|        388|
 7|   7.800E+01|                 Infinity|   4.6473941234017310E-02|        463|
 7|   8.000E+01|                 Infinity|   3.6588086663230115E-02|        747|
 7|   8.200E+01|                 Infinity|   4.0160966445124943E-02|        620|
 7|   8.400E+01|                 Infinity|   2.6481357066618805E-02|       1426|
 7|   8.600E+01|                 Infinity|   2.4953256425297481E-02|       1606|
 7|   8.800E+01|                 Infinity|   1.2860739117627359E-02|       6046|
 7|   9.000E+01|                 Infinity|   5.8698749474617304E-03|      29023|
 7|   9.200E+01|                 Infinity|   9.7395410875314031E-03|      10542|
 7|   9.400E+01|                 Infinity|   2.7461751819054487E-02|       1326|
 7|   9.600E+01|                 Infinity|   3.8836781869030869E-02|        663|
 7|   9.800E+01|                 Infinity|   4.6324105461207951E-02|        466|
 7|   1.000E+02|                 Infinity|   5.5048188256318034E-02|        330|
 7|   1.020E+02|                 Infinity|   7.2168783648703230E-02|        192|
 7|   1.040E+02|                 Infinity|   7.9808688446762213E-02|        157|
 7|   1.060E+02|                 Infinity|   9.3250480824031381E-02|        115|
 7|   1.080E+02|                 Infinity|   1.1785113019775793E-01|         72|
 7|   1.100E+02|                 Infinity|   1.2126781251816648E-01|         68|
 7|   1.120E+02|                 Infinity|   1.2909944487358055E-01|         60|
 7|   1.140E+02|                 Infinity|   1.5249857033260467E-01|         43|
 7|   1.160E+02|                 Infinity|   1.5811388300841897E-01|         40|
 7|   1.180E+02|                 Infinity|   1.6222142113076254E-01|         38|
 7|   1.200E+02|                 Infinity|   2.1320071635561041E-01|         22|
 7|   1.220E+02|                 Infinity|   1.9611613513818404E-01|         26|
 7|   1.240E+02|                 Infinity|   2.2941573387056174E-01|         19|
 7|   1.260E+02|                 Infinity|   1.9611613513818404E-01|         26|
 7|   1.280E+02|                 Infinity|   2.0412414523193154E-01|         24|
 7|   1.300E+02|                 Infinity|   2.8867513459481292E-01|         12|
 7|   1.320E+02|                 Infinity|   3.1622776601683794E-01|         10|
 7|   1.340E+02|                 Infinity|   2.5819888974716110E-01|         15|
 7|   1.360E+02|                 Infinity|   3.0151134457776363E-01|         11|
 7|   1.380E+02|                 Infinity|   4.0824829046386307E-01|          6|
 7|   1.400E+02|                 Infinity|   3.0151134457776363E-01|         11|
 7|   1.420E+02|                 Infinity|   3.3333333333333331E-01|          9|
 7|   1.440E+02|                 Infinity|   2.7735009811261457E-01|         13|
 7|   1.460E+02|                 Infinity|   3.7796447300922720E-01|          7|
 7|   1.480E+02|                 Infinity|   4.0824829046386307E-01|          6|
 7|   1.500E+02|                 Infinity|   4.4721359549995793E-01|          5|
 7|   1.520E+02|                 Infinity|   3.0151134457776363E-01|         11|
 7|   1.540E+02|                 Infinity|   4.0824829046386307E-01|          6|
 7|   1.560E+02|                 Infinity|   7.0710678118654746E-01|          2|
 7|   1.580E+02|                 Infinity|   4.0824829046386307E-01|          6|
 7|   1.600E+02|                 Infinity|   5.0000000000000000E-01|          4|
 7|   1.620E+02|                 Infinity|   4.4721359549995793E-01|          5|
 7|   1.640E+02|                 Infinity|   5.7735026918962584E-01|          3|
 7|   1.660E+02|                      NaN|   0.0000000000000000E+00|          0|
 7|   1.680E+02|                 Infinity|   3.3333333333333331E-01|          9|
 7|   1.700E+02|                 Infinity|   5.0000000000000000E-01|          4|
 7|   1.720E+02|                 Infinity|   7.0710678118654746E-01|          2|
 7|   1.740E+02|                 Infinity|   1.0000000000000000E+00|          1|
 7|   1.760E+02|                 Infinity|   4.4721359549995793E-01|          5|
 7|   1.780E+02|                 Infinity|   7.0710678118654746E-01|          2|
 7|   1.800E+02|                 Infinity|   7.0710678118654746E-01|          2|
 7|   1.820E+02|                 Infinity|   5.7735026918962584E-01|          3|
 7|   1.840E+02|                      NaN|   0.0000000000000000E+00|          0|
 7|   1.860E+02|                 Infinity|   1.0000000000000000E+00|          1|
 7|   1.880E+02|                 Infinity|   1.0000000000000000E+00|          1|
 7|   1.900E+02|                 Infinity|   1.0000000000000000E+00|          1|
 7|   1.920E+02|                 Infinity|   5.0000000000000000E-01|          4|
 7|   1.940E+02|                 Infinity|   1.0000000000000000E+00|          1|
 7|   1.960E+02|                 Infinity|   7.0710678118654746E-01|          2|
 7|   1.980E+02|                 Infinity|   1.0000000000000000E+00|          1|
# integrated result:   4.0574123829809662E-05
#
# Histogram 8: m_4l                                              
 8|   1.000E+02|                 Infinity|   9.6991431185565399E-03|      10630|
 8|   1.400E+02|                 Infinity|   9.5420021087254461E-03|      10983|
 8|   1.800E+02|                 Infinity|   1.0236106237904287E-02|       9544|
 8|   2.200E+02|                 Infinity|   1.1163607017227663E-02|       8024|
 8|   2.600E+02|                 Infinity|   1.2216032825403858E-02|       6701|
 8|   3.000E+02|                 Infinity|   1.3733465419387046E-02|       5302|
 8|   3.400E+02|                 Infinity|   1.3378599850276613E-02|       5587|
 8|   3.800E+02|                 Infinity|   1.6988239714587520E-02|       3465|
 8|   4.200E+02|                 Infinity|   2.0685720094603028E-02|       2337|
 8|   4.600E+02|                 Infinity|   2.3843339369540383E-02|       1759|
 8|   5.000E+02|                 Infinity|   2.5607375986579195E-02|       1525|
 8|   5.400E+02|                 Infinity|   2.8250391094058830E-02|       1253|
 8|   5.800E+02|                 Infinity|   3.1528333055971580E-02|       1006|
 8|   6.200E+02|                 Infinity|   3.1219527052723135E-02|       1026|
 8|   6.600E+02|                 Infinity|   3.4099716973523674E-02|        860|
 8|   7.000E+02|                 Infinity|   3.9253433598942983E-02|        649|
 8|   7.400E+02|                 Infinity|   4.2144975196108957E-02|        563|
 8|   7.800E+02|                 Infinity|   4.8679238351123547E-02|        422|
 8|   8.200E+02|                 Infinity|   5.0767308256680958E-02|        388|
 8|   8.600E+02|                 Infinity|   5.2128603514268693E-02|        368|
 8|   9.000E+02|                 Infinity|   5.5300126360933101E-02|        327|
 8|   9.400E+02|                 Infinity|   5.6077215409204434E-02|        318|
 8|   9.800E+02|                 Infinity|   6.0302268915552716E-02|        275|
 8|   1.020E+03|                 Infinity|   6.6081860045508978E-02|        229|
 8|   1.060E+03|                 Infinity|   7.9808688446762213E-02|        157|
 8|   1.100E+03|                 Infinity|   9.2450032704204849E-02|        117|
 8|   1.140E+03|                 Infinity|   9.0535746042518531E-02|        122|
 8|   1.180E+03|                 Infinity|   1.0482848367219183E-01|         91|
 8|   1.220E+03|                 Infinity|   1.0910894511799619E-01|         84|
 8|   1.260E+03|                 Infinity|   1.1785113019775793E-01|         72|
 8|   1.300E+03|                 Infinity|   1.2803687993289598E-01|         61|
 8|   1.340E+03|                 Infinity|   1.5075567228888181E-01|         44|
 8|   1.380E+03|                 Infinity|   1.3608276348795434E-01|         54|
 8|   1.420E+03|                 Infinity|   1.4142135623730950E-01|         50|
 8|   1.460E+03|                 Infinity|   1.7677669529663687E-01|         32|
 8|   1.500E+03|                 Infinity|   1.7407765595569785E-01|         33|
 8|   1.540E+03|                 Infinity|   2.0412414523193154E-01|         24|
 8|   1.580E+03|                 Infinity|   1.7407765595569785E-01|         33|
 8|   1.620E+03|                 Infinity|   2.2360679774997896E-01|         20|
 8|   1.660E+03|                 Infinity|   2.0000000000000001E-01|         25|
 8|   1.700E+03|                 Infinity|   2.6726124191242440E-01|         14|
 8|   1.740E+03|                 Infinity|   2.4253562503633297E-01|         17|
 8|   1.780E+03|                 Infinity|   2.2360679774997896E-01|         20|
 8|   1.820E+03|                 Infinity|   2.5819888974716110E-01|         15|
 8|   1.860E+03|                 Infinity|   2.5819888974716110E-01|         15|
 8|   1.900E+03|                 Infinity|   5.0000000000000000E-01|          4|
 8|   1.940E+03|                 Infinity|   3.3333333333333331E-01|          9|
 8|   1.980E+03|                 Infinity|   5.0000000000000000E-01|          4|
 8|   2.020E+03|                 Infinity|   4.4721359549995793E-01|          5|
 8|   2.060E+03|                 Infinity|   7.0710678118654746E-01|          2|
 8|   2.100E+03|                 Infinity|   5.7735026918962584E-01|          3|
 8|   2.140E+03|                 Infinity|   4.0824829046386307E-01|          6|
 8|   2.180E+03|                 Infinity|   5.0000000000000000E-01|          4|
 8|   2.220E+03|                 Infinity|   5.7735026918962584E-01|          3|
 8|   2.260E+03|                 Infinity|   4.4721359549995793E-01|          5|
 8|   2.300E+03|                 Infinity|   5.7735026918962584E-01|          3|
 8|   2.340E+03|                 Infinity|   1.0000000000000000E+00|          1|
 8|   2.380E+03|                 Infinity|   7.0710678118654746E-01|          2|
 8|   2.420E+03|                 Infinity|   1.0000000000000000E+00|          1|
 8|   2.460E+03|                      NaN|   0.0000000000000000E+00|          0|
 8|   2.500E+03|                      NaN|   0.0000000000000000E+00|          0|
 8|   2.540E+03|                      NaN|   0.0000000000000000E+00|          0|
 8|   2.580E+03|                 Infinity|   1.0000000000000000E+00|          1|
 8|   2.620E+03|                 Infinity|   7.0710678118654746E-01|          2|
 8|   2.660E+03|                 Infinity|   1.0000000000000000E+00|          1|
 8|   2.700E+03|                      NaN|   0.0000000000000000E+00|          0|
 8|   2.740E+03|                      NaN|   0.0000000000000000E+00|          0|
 8|   2.780E+03|                      NaN|   0.0000000000000000E+00|          0|
 8|   2.820E+03|                      NaN|   0.0000000000000000E+00|          0|
 8|   2.860E+03|                 Infinity|   7.0710678118654746E-01|          2|
 8|   2.900E+03|                      NaN|   0.0000000000000000E+00|          0|
 8|   2.940E+03|                 Infinity|   1.0000000000000000E+00|          1|
 8|   2.980E+03|                      NaN|   0.0000000000000000E+00|          0|
 8|   3.020E+03|                 Infinity|   1.0000000000000000E+00|          1|
 8|   3.060E+03|                      NaN|   0.0000000000000000E+00|          0|
 8|   3.100E+03|                      NaN|   0.0000000000000000E+00|          0|
 8|   3.140E+03|                      NaN|   0.0000000000000000E+00|          0|
 8|   3.180E+03|                      NaN|   0.0000000000000000E+00|          0|
 8|   3.220E+03|                      NaN|   0.0000000000000000E+00|          0|
 8|   3.260E+03|                      NaN|   0.0000000000000000E+00|          0|
 8|   3.300E+03|                 Infinity|   7.0710678118654746E-01|          2|
 8|   3.340E+03|                      NaN|   0.0000000000000000E+00|          0|
 8|   3.380E+03|                      NaN|   0.0000000000000000E+00|          0|
 8|   3.420E+03|                      NaN|   0.0000000000000000E+00|          0|
 8|   3.460E+03|                      NaN|   0.0000000000000000E+00|          0|
 8|   3.500E+03|                      NaN|   0.0000000000000000E+00|          0|
 8|   3.540E+03|                      NaN|   0.0000000000000000E+00|          0|
 8|   3.580E+03|                 Infinity|   1.0000000000000000E+00|          1|
 8|   3.620E+03|                      NaN|   0.0000000000000000E+00|          0|
 8|   3.660E+03|                 Infinity|   1.0000000000000000E+00|          1|
 8|   3.700E+03|                      NaN|   0.0000000000000000E+00|          0|
 8|   3.740E+03|                      NaN|   0.0000000000000000E+00|          0|
 8|   3.780E+03|                      NaN|   0.0000000000000000E+00|          0|
 8|   3.820E+03|                      NaN|   0.0000000000000000E+00|          0|
 8|   3.860E+03|                      NaN|   0.0000000000000000E+00|          0|
 8|   3.900E+03|                      NaN|   0.0000000000000000E+00|          0|
 8|   3.940E+03|                      NaN|   0.0000000000000000E+00|          0|
 8|   3.980E+03|                      NaN|   0.0000000000000000E+00|          0|
 8|   4.020E+03|                      NaN|   0.0000000000000000E+00|          0|
 8|   4.060E+03|                      NaN|   0.0000000000000000E+00|          0|
# integrated result:   4.0574123829809777E-05
#
# Histogram 9: m_4l                                              
 9|   8.500E+01|                 Infinity|   1.4433756729740646E-01|         48|
 9|   8.600E+01|                 Infinity|   1.4433756729740646E-01|         48|
 9|   8.700E+01|                 Infinity|   1.4433756729740646E-01|         48|
 9|   8.800E+01|                 Infinity|   1.7149858514250882E-01|         34|
 9|   8.900E+01|                 Infinity|   1.6222142113076254E-01|         38|
 9|   9.000E+01|                 Infinity|   2.3570226039551587E-01|         18|
 9|   9.100E+01|                 Infinity|   1.7960530202677491E-01|         31|
 9|   9.200E+01|                 Infinity|   1.6439898730535729E-01|         37|
 9|   9.300E+01|                 Infinity|   1.6903085094570330E-01|         35|
 9|   9.400E+01|                 Infinity|   1.6439898730535729E-01|         37|
 9|   9.500E+01|                 Infinity|   1.3130643285972254E-01|         58|
 9|   9.600E+01|                 Infinity|   1.3018891098082389E-01|         59|
 9|   9.700E+01|                 Infinity|   1.1396057645963795E-01|         77|
 9|   9.800E+01|                 Infinity|   1.1470786693528087E-01|         76|
 9|   9.900E+01|                 Infinity|   1.0101525445522107E-01|         98|
 9|   1.000E+02|                 Infinity|   1.0101525445522107E-01|         98|
 9|   1.010E+02|                 Infinity|   9.5782628522115137E-02|        109|
 9|   1.020E+02|                 Infinity|   8.9442719099991588E-02|        125|
 9|   1.030E+02|                 Infinity|   8.3333333333333329E-02|        144|
 9|   1.040E+02|                 Infinity|   8.4215192106651904E-02|        141|
 9|   1.050E+02|                 Infinity|   8.6066296582387042E-02|        135|
 9|   1.060E+02|                 Infinity|   7.6696498884737035E-02|        170|
 9|   1.070E+02|                 Infinity|   7.4535599249992993E-02|        180|
 9|   1.080E+02|                 Infinity|   7.5592894601845442E-02|        175|
 9|   1.090E+02|                 Infinity|   6.7419986246324212E-02|        220|
 9|   1.100E+02|                 Infinity|   7.1611487403943297E-02|        195|
 9|   1.110E+02|                 Infinity|   7.1066905451870152E-02|        198|
 9|   1.120E+02|                 Infinity|   6.4018439966447988E-02|        244|
 9|   1.130E+02|                 Infinity|   5.9028133610095526E-02|        287|
 9|   1.140E+02|                 Infinity|   5.9868434008924963E-02|        279|
 9|   1.150E+02|                 Infinity|   5.7073014553534959E-02|        307|
 9|   1.160E+02|                 Infinity|   5.4717565516458275E-02|        334|
 9|   1.170E+02|                 Infinity|   5.6888012398857428E-02|        309|
 9|   1.180E+02|                 Infinity|   5.9443829827776400E-02|        283|
 9|   1.190E+02|                 Infinity|   6.1898446059017294E-02|        261|
 9|   1.200E+02|                 Infinity|   6.4956980246163087E-02|        237|
 9|   1.210E+02|                 Infinity|   6.1780206321521543E-02|        262|
 9|   1.220E+02|                 Infinity|   6.2378286155180533E-02|        257|
 9|   1.230E+02|                 Infinity|   6.0084176812610968E-02|        277|
 9|   1.240E+02|                 Infinity|   5.7639041770423498E-02|        301|
 9|   1.250E+02|                 Infinity|   5.7928444636349226E-02|        298|
 9|   1.260E+02|                 Infinity|   5.6613851707229781E-02|        312|
 9|   1.270E+02|                 Infinity|   5.7543533764843599E-02|        302|
 9|   1.280E+02|                 Infinity|   6.0084176812610968E-02|        277|
 9|   1.290E+02|                 Infinity|   5.3916386601719206E-02|        344|
 9|   1.300E+02|                 Infinity|   5.5131784641997125E-02|        329|
 9|   1.310E+02|                 Infinity|   5.2342392259021375E-02|        365|
 9|   1.320E+02|                 Infinity|   5.2414241836095915E-02|        364|
 9|   1.330E+02|                 Infinity|   4.9088069367381602E-02|        415|
 9|   1.340E+02|                 Infinity|   5.1097613030759603E-02|        383|
# integrated result:   4.0574123829809262E-05
#
# Histogram10: Phi1                                              
10|  -3.142E+00|                 Infinity|   2.4091140546160489E-02|       1723|
10|  -2.985E+00|                 Infinity|   2.1693045781865615E-02|       2125|
10|  -2.827E+00|                 Infinity|   1.8614519776248499E-02|       2886|
10|  -2.670E+00|                 Infinity|   1.9433051858411793E-02|       2648|
10|  -2.513E+00|                 Infinity|   1.9356450135765441E-02|       2669|
10|  -2.356E+00|                 Infinity|   1.8486846666163390E-02|       2926|
10|  -2.199E+00|                 Infinity|   1.9017456528224098E-02|       2765|
10|  -2.042E+00|                 Infinity|   2.0792762051726844E-02|       2313|
10|  -1.885E+00|                 Infinity|   2.1847813825958583E-02|       2095|
10|  -1.728E+00|                 Infinity|   2.2815832379813768E-02|       1921|
10|  -1.571E+00|                 Infinity|   2.3174488732966077E-02|       1862|
10|  -1.414E+00|                 Infinity|   2.3966279201637065E-02|       1741|
10|  -1.257E+00|                 Infinity|   2.3038783879204570E-02|       1884|
10|  -1.100E+00|                 Infinity|   2.2715542521212731E-02|       1938|
10|  -9.425E-01|                 Infinity|   2.2668802672263903E-02|       1946|
10|  -7.854E-01|                 Infinity|   2.2815832379813768E-02|       1921|
10|  -6.283E-01|                 Infinity|   2.2416791983111015E-02|       1990|
10|  -4.713E-01|                 Infinity|   2.2059419866945280E-02|       2055|
10|  -3.142E-01|                 Infinity|   2.3199420949679552E-02|       1858|
10|  -1.571E-01|                 Infinity|   2.4906774069335894E-02|       1612|
10|  -3.000E-05|                 Infinity|   2.5094280661424780E-02|       1588|
10|   1.570E-01|                 Infinity|   2.5441092565739218E-02|       1545|
10|   3.141E-01|                 Infinity|   2.5118017965166415E-02|       1585|
10|   4.712E-01|                 Infinity|   2.4776471541572212E-02|       1629|
10|   6.283E-01|                 Infinity|   2.5700233102171361E-02|       1514|
10|   7.854E-01|                 Infinity|   2.5624184243056937E-02|       1523|
10|   9.424E-01|                 Infinity|   2.5590600763038540E-02|       1527|
10|   1.100E+00|                 Infinity|   2.6216125254653815E-02|       1455|
10|   1.257E+00|                 Infinity|   2.6243194054073899E-02|       1452|
10|   1.414E+00|                 Infinity|   2.5615775978927998E-02|       1524|
10|   1.571E+00|                 Infinity|   2.5286086871208681E-02|       1564|
10|   1.728E+00|                 Infinity|   2.4419314525275217E-02|       1677|
10|   1.885E+00|                 Infinity|   2.3044900641260895E-02|       1883|
10|   2.042E+00|                 Infinity|   2.1466939537054593E-02|       2170|
10|   2.199E+00|                 Infinity|   2.1863473472331304E-02|       2092|
10|   2.356E+00|                 Infinity|   2.3243246638896761E-02|       1851|
10|   2.513E+00|                 Infinity|   2.3829795864119579E-02|       1761|
10|   2.670E+00|                 Infinity|   2.5294174537134732E-02|       1563|
10|   2.827E+00|                 Infinity|   2.5474090105633382E-02|       1541|
10|   2.984E+00|                 Infinity|   2.4906774069335894E-02|       1612|
# integrated result:   4.0574123829809777E-05
#
