#
# column #1=histogram, #2=x-axis bin, #3=binned cross-section, #4=error, #5=number of events 
# this can be easily plotted in gnuplot with the commands:
#    NHi=3
#    plot 'output.dat' using ($2):($1==NHi ? $3 : 1/0) w st
# where NHi selects the histogram
#
#
# run time =      -0.00min
# TotCS =      6.7304430958E-03           6.04077E-03
#
# Histogram 1: m_jj                                              
 1|   0.000E+00|                      NaN|   0.0000000000000000E+00|          0|
 1|   5.000E+01|                 Infinity|   2.0589036786063403E-02|       2359|
 1|   1.000E+02|                 Infinity|   1.3032150878567173E-02|       5888|
 1|   1.500E+02|                 Infinity|   1.2268322620297912E-02|       6644|
 1|   2.000E+02|                 Infinity|   1.2412069406599543E-02|       6491|
 1|   2.500E+02|                 Infinity|   1.3314410729037690E-02|       5641|
 1|   3.000E+02|                 Infinity|   1.4563278388210303E-02|       4715|
 1|   3.500E+02|                 Infinity|   1.5496893184343592E-02|       4164|
 1|   4.000E+02|                 Infinity|   1.6329931618554519E-02|       3750|
 1|   4.500E+02|                 Infinity|   1.7241379310344827E-02|       3364|
 1|   5.000E+02|                 Infinity|   1.8281810603178267E-02|       2992|
 1|   5.500E+02|                 Infinity|   1.9881069312188606E-02|       2530|
 1|   6.000E+02|                 Infinity|   2.1124141684149264E-02|       2241|
 1|   6.500E+02|                 Infinity|   2.2809896167307987E-02|       1922|
 1|   7.000E+02|                 Infinity|   2.4738534799764671E-02|       1634|
 1|   7.500E+02|                 Infinity|   2.7842302319485226E-02|       1290|
 1|   8.000E+02|                 Infinity|   2.9210311891849298E-02|       1172|
 1|   8.500E+02|                 Infinity|   3.2933246096939213E-02|        922|
 1|   9.000E+02|                 Infinity|   3.6297700432031385E-02|        759|
 1|   9.500E+02|                 Infinity|   3.9253433598942983E-02|        649|
 1|   1.000E+03|                 Infinity|   4.3602072019694738E-02|        526|
 1|   1.050E+03|                 Infinity|   4.6984098573493956E-02|        453|
 1|   1.100E+03|                 Infinity|   5.2925612402496311E-02|        357|
 1|   1.150E+03|                 Infinity|   5.7928444636349226E-02|        298|
 1|   1.200E+03|                 Infinity|   6.2136976600120006E-02|        259|
 1|   1.250E+03|                 Infinity|   7.3521462209380772E-02|        185|
 1|   1.300E+03|                 Infinity|   7.7382323253413682E-02|        167|
 1|   1.350E+03|                 Infinity|   9.2847669088525930E-02|        116|
 1|   1.400E+03|                 Infinity|   9.6673648904566353E-02|        107|
 1|   1.450E+03|                 Infinity|   1.2216944435630522E-01|         67|
 1|   1.500E+03|                 Infinity|   1.2700012700019050E-01|         62|
 1|   1.550E+03|                 Infinity|   1.5249857033260467E-01|         43|
 1|   1.600E+03|                 Infinity|   1.5811388300841897E-01|         40|
 1|   1.650E+03|                 Infinity|   1.7960530202677491E-01|         31|
 1|   1.700E+03|                 Infinity|   2.1320071635561041E-01|         22|
 1|   1.750E+03|                 Infinity|   2.0412414523193154E-01|         24|
 1|   1.800E+03|                 Infinity|   2.3570226039551587E-01|         18|
 1|   1.850E+03|                 Infinity|   3.7796447300922720E-01|          7|
 1|   1.900E+03|                 Infinity|   3.7796447300922720E-01|          7|
 1|   1.950E+03|                 Infinity|   4.0824829046386307E-01|          6|
 1|   2.000E+03|                 Infinity|   2.8867513459481292E-01|         12|
 1|   2.050E+03|                 Infinity|   3.7796447300922720E-01|          7|
 1|   2.100E+03|                 Infinity|   3.7796447300922720E-01|          7|
 1|   2.150E+03|                 Infinity|   3.7796447300922720E-01|          7|
 1|   2.200E+03|                 Infinity|   4.4721359549995793E-01|          5|
 1|   2.250E+03|                 Infinity|   4.4721359549995793E-01|          5|
 1|   2.300E+03|                 Infinity|   5.7735026918962584E-01|          3|
 1|   2.350E+03|                 Infinity|   5.0000000000000000E-01|          4|
 1|   2.400E+03|                 Infinity|   7.0710678118654746E-01|          2|
 1|   2.450E+03|                 Infinity|   7.0710678118654746E-01|          2|
 1|   2.500E+03|                 Infinity|   1.0000000000000000E+00|          1|
 1|   2.550E+03|                 Infinity|   7.0710678118654746E-01|          2|
 1|   2.600E+03|                 Infinity|   5.7735026918962584E-01|          3|
 1|   2.650E+03|                      NaN|   0.0000000000000000E+00|          0|
 1|   2.700E+03|                      NaN|   0.0000000000000000E+00|          0|
 1|   2.750E+03|                 Infinity|   1.0000000000000000E+00|          1|
 1|   2.800E+03|                 Infinity|   7.0710678118654746E-01|          2|
 1|   2.850E+03|                 Infinity|   5.7735026918962584E-01|          3|
 1|   2.900E+03|                 Infinity|   1.0000000000000000E+00|          1|
 1|   2.950E+03|                 Infinity|   1.0000000000000000E+00|          1|
 1|   3.000E+03|                      NaN|   0.0000000000000000E+00|          0|
 1|   3.050E+03|                 Infinity|   1.0000000000000000E+00|          1|
 1|   3.100E+03|                      NaN|   0.0000000000000000E+00|          0|
 1|   3.150E+03|                      NaN|   0.0000000000000000E+00|          0|
 1|   3.200E+03|                      NaN|   0.0000000000000000E+00|          0|
 1|   3.250E+03|                      NaN|   0.0000000000000000E+00|          0|
 1|   3.300E+03|                      NaN|   0.0000000000000000E+00|          0|
 1|   3.350E+03|                 Infinity|   7.0710678118654746E-01|          2|
 1|   3.400E+03|                      NaN|   0.0000000000000000E+00|          0|
 1|   3.450E+03|                      NaN|   0.0000000000000000E+00|          0|
 1|   3.500E+03|                      NaN|   0.0000000000000000E+00|          0|
 1|   3.550E+03|                      NaN|   0.0000000000000000E+00|          0|
 1|   3.600E+03|                      NaN|   0.0000000000000000E+00|          0|
 1|   3.650E+03|                      NaN|   0.0000000000000000E+00|          0|
 1|   3.700E+03|                      NaN|   0.0000000000000000E+00|          0|
 1|   3.750E+03|                 Infinity|   1.0000000000000000E+00|          1|
 1|   3.800E+03|                      NaN|   0.0000000000000000E+00|          0|
 1|   3.850E+03|                 Infinity|   1.0000000000000000E+00|          1|
 1|   3.900E+03|                      NaN|   0.0000000000000000E+00|          0|
 1|   3.950E+03|                      NaN|   0.0000000000000000E+00|          0|
 1|   4.000E+03|                      NaN|   0.0000000000000000E+00|          0|
 1|   4.050E+03|                      NaN|   0.0000000000000000E+00|          0|
 1|   4.100E+03|                      NaN|   0.0000000000000000E+00|          0|
 1|   4.150E+03|                      NaN|   0.0000000000000000E+00|          0|
 1|   4.200E+03|                      NaN|   0.0000000000000000E+00|          0|
 1|   4.250E+03|                      NaN|   0.0000000000000000E+00|          0|
 1|   4.300E+03|                      NaN|   0.0000000000000000E+00|          0|
 1|   4.350E+03|                      NaN|   0.0000000000000000E+00|          0|
 1|   4.400E+03|                      NaN|   0.0000000000000000E+00|          0|
 1|   4.450E+03|                      NaN|   0.0000000000000000E+00|          0|
 1|   4.500E+03|                      NaN|   0.0000000000000000E+00|          0|
 1|   4.550E+03|                      NaN|   0.0000000000000000E+00|          0|
 1|   4.600E+03|                      NaN|   0.0000000000000000E+00|          0|
 1|   4.650E+03|                      NaN|   0.0000000000000000E+00|          0|
 1|   4.700E+03|                      NaN|   0.0000000000000000E+00|          0|
 1|   4.750E+03|                      NaN|   0.0000000000000000E+00|          0|
 1|   4.800E+03|                      NaN|   0.0000000000000000E+00|          0|
 1|   4.850E+03|                      NaN|   0.0000000000000000E+00|          0|
 1|   4.900E+03|                      NaN|   0.0000000000000000E+00|          0|
 1|   4.950E+03|                      NaN|   0.0000000000000000E+00|          0|
# integrated result:   6.7304430958187514E-03
#
# Histogram 2: m_jj                                              
 2|   0.000E+00|                      NaN|   0.0000000000000000E+00|          0|
 2|   2.000E+00|                      NaN|   0.0000000000000000E+00|          0|
 2|   4.000E+00|                      NaN|   0.0000000000000000E+00|          0|
 2|   6.000E+00|                      NaN|   0.0000000000000000E+00|          0|
 2|   8.000E+00|                      NaN|   0.0000000000000000E+00|          0|
 2|   1.000E+01|                      NaN|   0.0000000000000000E+00|          0|
 2|   1.200E+01|                      NaN|   0.0000000000000000E+00|          0|
 2|   1.400E+01|                      NaN|   0.0000000000000000E+00|          0|
 2|   1.600E+01|                      NaN|   0.0000000000000000E+00|          0|
 2|   1.800E+01|                      NaN|   0.0000000000000000E+00|          0|
 2|   2.000E+01|                      NaN|   0.0000000000000000E+00|          0|
 2|   2.200E+01|                      NaN|   0.0000000000000000E+00|          0|
 2|   2.400E+01|                      NaN|   0.0000000000000000E+00|          0|
 2|   2.600E+01|                      NaN|   0.0000000000000000E+00|          0|
 2|   2.800E+01|                      NaN|   0.0000000000000000E+00|          0|
 2|   3.000E+01|                      NaN|   0.0000000000000000E+00|          0|
 2|   3.200E+01|                      NaN|   0.0000000000000000E+00|          0|
 2|   3.400E+01|                      NaN|   0.0000000000000000E+00|          0|
 2|   3.600E+01|                      NaN|   0.0000000000000000E+00|          0|
 2|   3.800E+01|                      NaN|   0.0000000000000000E+00|          0|
 2|   4.000E+01|                      NaN|   0.0000000000000000E+00|          0|
 2|   4.200E+01|                      NaN|   0.0000000000000000E+00|          0|
 2|   4.400E+01|                      NaN|   0.0000000000000000E+00|          0|
 2|   4.600E+01|                      NaN|   0.0000000000000000E+00|          0|
 2|   4.800E+01|                      NaN|   0.0000000000000000E+00|          0|
 2|   5.000E+01|                      NaN|   0.0000000000000000E+00|          0|
 2|   5.200E+01|                      NaN|   0.0000000000000000E+00|          0|
 2|   5.400E+01|                      NaN|   0.0000000000000000E+00|          0|
 2|   5.600E+01|                      NaN|   0.0000000000000000E+00|          0|
 2|   5.800E+01|                      NaN|   0.0000000000000000E+00|          0|
 2|   6.000E+01|                      NaN|   0.0000000000000000E+00|          0|
 2|   6.200E+01|                      NaN|   0.0000000000000000E+00|          0|
 2|   6.400E+01|                      NaN|   0.0000000000000000E+00|          0|
 2|   6.600E+01|                      NaN|   0.0000000000000000E+00|          0|
 2|   6.800E+01|                      NaN|   0.0000000000000000E+00|          0|
 2|   7.000E+01|                 Infinity|   1.1547005383792514E-01|         75|
 2|   7.200E+01|                 Infinity|   1.0721125348377948E-01|         87|
 2|   7.400E+01|                 Infinity|   8.6710996952411995E-02|        133|
 2|   7.600E+01|                 Infinity|   8.4515425472851652E-02|        140|
 2|   7.800E+01|                 Infinity|   7.9808688446762213E-02|        157|
 2|   8.000E+01|                 Infinity|   8.2760588860236795E-02|        146|
 2|   8.200E+01|                 Infinity|   7.8567420131838608E-02|        162|
 2|   8.400E+01|                 Infinity|   8.3045479853739973E-02|        145|
 2|   8.600E+01|                 Infinity|   7.5592894601845442E-02|        175|
 2|   8.800E+01|                 Infinity|   7.5592894601845442E-02|        175|
 2|   9.000E+01|                 Infinity|   7.5164602800282893E-02|        177|
 2|   9.200E+01|                 Infinity|   7.2739296745330792E-02|        189|
 2|   9.400E+01|                 Infinity|   7.0014004201400484E-02|        204|
 2|   9.600E+01|                 Infinity|   7.1795815861773818E-02|        194|
 2|   9.800E+01|                 Infinity|   7.0710678118654752E-02|        200|
 2|   1.000E+02|                 Infinity|   6.5372045046061339E-02|        234|
 2|   1.020E+02|                 Infinity|   7.1428571428571425E-02|        196|
 2|   1.040E+02|                 Infinity|   6.5938047339578698E-02|        230|
 2|   1.060E+02|                 Infinity|   6.5094455490411943E-02|        236|
 2|   1.080E+02|                 Infinity|   6.5795169495976899E-02|        231|
 2|   1.100E+02|                 Infinity|   6.6666666666666666E-02|        225|
 2|   1.120E+02|                 Infinity|   6.8358592702466331E-02|        214|
 2|   1.140E+02|                 Infinity|   6.7884423330213065E-02|        217|
 2|   1.160E+02|                 Infinity|   6.3628476297577771E-02|        247|
 2|   1.180E+02|                 Infinity|   6.6666666666666666E-02|        225|
 2|   1.200E+02|                 Infinity|   6.4018439966447988E-02|        244|
 2|   1.220E+02|                 Infinity|   6.6372331159997203E-02|        227|
 2|   1.240E+02|                 Infinity|   6.8842839082151427E-02|        211|
 2|   1.260E+02|                 Infinity|   6.2994078834871195E-02|        252|
 2|   1.280E+02|                 Infinity|   6.3887656499993992E-02|        245|
 2|   1.300E+02|                 Infinity|   6.7419986246324212E-02|        220|
 2|   1.320E+02|                 Infinity|   6.5094455490411943E-02|        236|
 2|   1.340E+02|                 Infinity|   6.5372045046061339E-02|        234|
 2|   1.360E+02|                 Infinity|   6.2745580513815860E-02|        254|
 2|   1.380E+02|                 Infinity|   6.0633906259083242E-02|        272|
 2|   1.400E+02|                 Infinity|   6.1780206321521543E-02|        262|
 2|   1.420E+02|                 Infinity|   6.2869461346193145E-02|        253|
 2|   1.440E+02|                 Infinity|   6.2378286155180533E-02|        257|
 2|   1.460E+02|                 Infinity|   6.6372331159997203E-02|        227|
 2|   1.480E+02|                 Infinity|   6.4684622735315084E-02|        239|
 2|   1.500E+02|                 Infinity|   6.5372045046061339E-02|        234|
 2|   1.520E+02|                 Infinity|   6.1429511683395117E-02|        265|
 2|   1.540E+02|                 Infinity|   6.4150029909958411E-02|        243|
 2|   1.560E+02|                 Infinity|   6.2994078834871195E-02|        252|
 2|   1.580E+02|                 Infinity|   6.0302268915552716E-02|        275|
 2|   1.600E+02|                 Infinity|   6.2994078834871195E-02|        252|
 2|   1.620E+02|                 Infinity|   6.2500000000000000E-02|        256|
 2|   1.640E+02|                 Infinity|   6.2017367294604234E-02|        260|
 2|   1.660E+02|                 Infinity|   6.2745580513815860E-02|        254|
 2|   1.680E+02|                 Infinity|   6.2622429108514954E-02|        255|
 2|   1.700E+02|                 Infinity|   6.1662641597820735E-02|        263|
 2|   1.720E+02|                 Infinity|   6.1313933948496581E-02|        266|
 2|   1.740E+02|                 Infinity|   6.4956980246163087E-02|        237|
 2|   1.760E+02|                 Infinity|   6.1313933948496581E-02|        266|
 2|   1.780E+02|                 Infinity|   6.1084722178152612E-02|        268|
 2|   1.800E+02|                 Infinity|   6.0084176812610968E-02|        277|
 2|   1.820E+02|                 Infinity|   5.9549133417541367E-02|        282|
 2|   1.840E+02|                 Infinity|   5.8722021951470346E-02|        290|
 2|   1.860E+02|                 Infinity|   5.9131239598908258E-02|        286|
 2|   1.880E+02|                 Infinity|   6.0084176812610968E-02|        277|
 2|   1.900E+02|                 Infinity|   5.7735026918962568E-02|        300|
 2|   1.920E+02|                 Infinity|   5.9339082909692663E-02|        284|
 2|   1.940E+02|                 Infinity|   6.2017367294604234E-02|        260|
 2|   1.960E+02|                 Infinity|   6.1780206321521543E-02|        262|
 2|   1.980E+02|                 Infinity|   5.9761430466719681E-02|        280|
# integrated result:   6.7304430958187202E-03
#
# Histogram 3: pT(H)                                             
 3|   0.000E+00|                 Infinity|   2.3629373500277863E-02|       1791|
 3|   1.000E+01|                 Infinity|   1.6671298226202138E-02|       3598|
 3|   2.000E+01|                 Infinity|   1.4874102932718241E-02|       4520|
 3|   3.000E+01|                 Infinity|   1.4400792641441076E-02|       4822|
 3|   4.000E+01|                 Infinity|   1.4473007683388939E-02|       4774|
 3|   5.000E+01|                 Infinity|   1.4932027335788824E-02|       4485|
 3|   6.000E+01|                 Infinity|   1.5801515437999240E-02|       4005|
 3|   7.000E+01|                 Infinity|   1.6687539144058627E-02|       3591|
 3|   8.000E+01|                 Infinity|   1.7747130188322274E-02|       3175|
 3|   9.000E+01|                 Infinity|   1.8575940419178427E-02|       2898|
 3|   1.000E+02|                 Infinity|   1.9968076595771791E-02|       2508|
 3|   1.100E+02|                 Infinity|   2.0970306099501079E-02|       2274|
 3|   1.200E+02|                 Infinity|   2.2216737285146886E-02|       2026|
 3|   1.300E+02|                 Infinity|   2.4225079155575459E-02|       1704|
 3|   1.400E+02|                 Infinity|   2.5708724836453041E-02|       1513|
 3|   1.500E+02|                 Infinity|   2.6334032657486166E-02|       1442|
 3|   1.600E+02|                 Infinity|   2.8559773898876990E-02|       1226|
 3|   1.700E+02|                 Infinity|   2.9373674772302332E-02|       1159|
 3|   1.800E+02|                 Infinity|   3.1250000000000000E-02|       1024|
 3|   1.900E+02|                 Infinity|   3.2844309272143102E-02|        927|
 3|   2.000E+02|                 Infinity|   3.4794450031961049E-02|        826|
 3|   2.100E+02|                 Infinity|   3.7450294313656908E-02|        713|
 3|   2.200E+02|                 Infinity|   4.0555355282690636E-02|        608|
 3|   2.300E+02|                 Infinity|   4.0790850822400207E-02|        601|
 3|   2.400E+02|                 Infinity|   4.1922180815031851E-02|        569|
 3|   2.500E+02|                 Infinity|   4.7036043419179864E-02|        452|
 3|   2.600E+02|                 Infinity|   4.4676705160877031E-02|        501|
 3|   2.700E+02|                 Infinity|   5.1164451009665081E-02|        382|
 3|   2.800E+02|                 Infinity|   5.3300179088902604E-02|        352|
 3|   2.900E+02|                 Infinity|   5.9234887775909233E-02|        285|
 3|   3.000E+02|                 Infinity|   5.6704797712374272E-02|        311|
 3|   3.100E+02|                 Infinity|   6.1084722178152612E-02|        268|
 3|   3.200E+02|                 Infinity|   6.2994078834871195E-02|        252|
 3|   3.300E+02|                 Infinity|   6.7573737839948592E-02|        219|
 3|   3.400E+02|                 Infinity|   7.0359754473029182E-02|        202|
 3|   3.500E+02|                 Infinity|   7.6471911290187253E-02|        171|
 3|   3.600E+02|                 Infinity|   7.4953168899586142E-02|        178|
 3|   3.700E+02|                 Infinity|   8.3045479853739973E-02|        145|
 3|   3.800E+02|                 Infinity|   8.4515425472851652E-02|        140|
 3|   3.900E+02|                 Infinity|   9.7590007294853329E-02|        105|
 3|   4.000E+02|                 Infinity|   8.8735650941611385E-02|        127|
 3|   4.100E+02|                 Infinity|   9.9503719020998915E-02|        101|
 3|   4.200E+02|                 Infinity|   1.1624763874381928E-01|         74|
 3|   4.300E+02|                 Infinity|   1.0910894511799619E-01|         84|
 3|   4.400E+02|                 Infinity|   1.1785113019775793E-01|         72|
 3|   4.500E+02|                 Infinity|   1.3608276348795434E-01|         54|
 3|   4.600E+02|                 Infinity|   1.3363062095621220E-01|         56|
 3|   4.700E+02|                 Infinity|   1.3130643285972254E-01|         58|
 3|   4.800E+02|                 Infinity|   1.3130643285972254E-01|         58|
 3|   4.900E+02|                 Infinity|   1.4907119849998599E-01|         45|
# integrated result:   6.7304430958187332E-03
#
# Histogram 4: pT(j1)                                            
 4|   0.000E+00|                      NaN|   0.0000000000000000E+00|          0|
 4|   1.000E+01|                 Infinity|   2.4310831916315757E-02|       1692|
 4|   2.000E+01|                 Infinity|   1.5594571538795133E-02|       4112|
 4|   3.000E+01|                 Infinity|   1.4345858751054494E-02|       4859|
 4|   4.000E+01|                 Infinity|   1.4252304160300428E-02|       4923|
 4|   5.000E+01|                 Infinity|   1.4497321867154718E-02|       4758|
 4|   6.000E+01|                 Infinity|   1.5168936699355279E-02|       4346|
 4|   7.000E+01|                 Infinity|   1.6196588709793423E-02|       3812|
 4|   8.000E+01|                 Infinity|   1.6847818622482767E-02|       3523|
 4|   9.000E+01|                 Infinity|   1.8071633353699441E-02|       3062|
 4|   1.000E+02|                 Infinity|   1.9128467797450026E-02|       2733|
 4|   1.100E+02|                 Infinity|   2.0528212319963927E-02|       2373|
 4|   1.200E+02|                 Infinity|   2.1601748948395161E-02|       2143|
 4|   1.300E+02|                 Infinity|   2.3211917272131483E-02|       1856|
 4|   1.400E+02|                 Infinity|   2.4098134635593994E-02|       1722|
 4|   1.500E+02|                 Infinity|   2.5666350116967267E-02|       1518|
 4|   1.600E+02|                 Infinity|   2.7576371656986686E-02|       1315|
 4|   1.700E+02|                 Infinity|   2.8559773898876990E-02|       1226|
 4|   1.800E+02|                 Infinity|   3.1008683647302117E-02|       1040|
 4|   1.900E+02|                 Infinity|   3.2009219983223994E-02|        976|
 4|   2.000E+02|                 Infinity|   3.4380708208626445E-02|        846|
 4|   2.100E+02|                 Infinity|   3.5311227577322434E-02|        802|
 4|   2.200E+02|                 Infinity|   3.6588086663230115E-02|        747|
 4|   2.300E+02|                 Infinity|   4.0064154010750197E-02|        623|
 4|   2.400E+02|                 Infinity|   4.2295493443781355E-02|        559|
 4|   2.500E+02|                 Infinity|   4.2485928866208736E-02|        554|
 4|   2.600E+02|                 Infinity|   4.5314325442944378E-02|        487|
 4|   2.700E+02|                 Infinity|   4.6126560401444250E-02|        470|
 4|   2.800E+02|                 Infinity|   5.0898659855928764E-02|        386|
 4|   2.900E+02|                 Infinity|   4.9751859510499458E-02|        404|
 4|   3.000E+02|                 Infinity|   5.4635836470815310E-02|        335|
 4|   3.100E+02|                 Infinity|   5.8621038176054921E-02|        291|
 4|   3.200E+02|                 Infinity|   5.7543533764843599E-02|        302|
 4|   3.300E+02|                 Infinity|   6.1429511683395117E-02|        265|
 4|   3.400E+02|                 Infinity|   6.5938047339578698E-02|        230|
 4|   3.500E+02|                 Infinity|   6.5938047339578698E-02|        230|
 4|   3.600E+02|                 Infinity|   6.7884423330213065E-02|        217|
 4|   3.700E+02|                 Infinity|   7.7849894416152296E-02|        165|
 4|   3.800E+02|                 Infinity|   7.6696498884737035E-02|        170|
 4|   3.900E+02|                 Infinity|   8.5435765771676095E-02|        137|
 4|   4.000E+02|                 Infinity|   8.4215192106651904E-02|        141|
 4|   4.100E+02|                 Infinity|   8.7705801930702931E-02|        130|
 4|   4.200E+02|                 Infinity|   8.9087080637474794E-02|        126|
 4|   4.300E+02|                 Infinity|   9.3250480824031381E-02|        115|
 4|   4.400E+02|                 Infinity|   9.4491118252306799E-02|        112|
 4|   4.500E+02|                 Infinity|   1.0599978800063600E-01|         89|
 4|   4.600E+02|                 Infinity|   1.0369516947304253E-01|         93|
 4|   4.700E+02|                 Infinity|   1.0482848367219183E-01|         91|
 4|   4.800E+02|                 Infinity|   1.0910894511799619E-01|         84|
 4|   4.900E+02|                 Infinity|   1.3736056394868904E-01|         53|
# integrated result:   6.7304430958187410E-03
#
# Histogram 5: dy(j1,j2)                                         
 5|  -5.000E+00|                 Infinity|   1.0000000000000000E+00|          1|
 5|  -4.800E+00|                 Infinity|   1.0000000000000000E+00|          1|
 5|  -4.600E+00|                      NaN|   0.0000000000000000E+00|          0|
 5|  -4.400E+00|                 Infinity|   5.7735026918962584E-01|          3|
 5|  -4.200E+00|                 Infinity|   7.0710678118654746E-01|          2|
 5|  -4.000E+00|                 Infinity|   5.0000000000000000E-01|          4|
 5|  -3.800E+00|                 Infinity|   7.0710678118654746E-01|          2|
 5|  -3.600E+00|                 Infinity|   5.7735026918962584E-01|          3|
 5|  -3.400E+00|                 Infinity|   3.7796447300922720E-01|          7|
 5|  -3.200E+00|                 Infinity|   3.0151134457776363E-01|         11|
 5|  -3.000E+00|                 Infinity|   3.5355339059327373E-01|          8|
 5|  -2.800E+00|                 Infinity|   3.3333333333333331E-01|          9|
 5|  -2.600E+00|                 Infinity|   3.5355339059327373E-01|          8|
 5|  -2.400E+00|                 Infinity|   2.6726124191242440E-01|         14|
 5|  -2.200E+00|                 Infinity|   2.1821789023599239E-01|         21|
 5|  -2.000E+00|                 Infinity|   2.1821789023599239E-01|         21|
 5|  -1.800E+00|                 Infinity|   2.2360679774997896E-01|         20|
 5|  -1.600E+00|                 Infinity|   1.9611613513818404E-01|         26|
 5|  -1.400E+00|                 Infinity|   2.0000000000000001E-01|         25|
 5|  -1.200E+00|                 Infinity|   1.6439898730535729E-01|         37|
 5|  -1.000E+00|                 Infinity|   1.3608276348795434E-01|         54|
 5|  -8.000E-01|                 Infinity|   9.2847669088525930E-02|        116|
 5|  -6.000E-01|                 Infinity|   7.2932495748947279E-02|        188|
 5|  -4.000E-01|                 Infinity|   6.6519010523773930E-02|        226|
 5|  -2.000E-01|                 Infinity|   4.6625240412015691E-02|        460|
 5|   0.000E+00|                 Infinity|   3.8749212914606430E-02|        666|
 5|   2.000E-01|                 Infinity|   3.5578403348241000E-02|        790|
 5|   4.000E-01|                 Infinity|   2.9049644688706338E-02|       1185|
 5|   6.000E-01|                 Infinity|   3.1234752377721213E-02|       1025|
 5|   8.000E-01|                 Infinity|   2.5657900289539272E-02|       1519|
 5|   1.000E+00|                 Infinity|   1.9414730885301035E-02|       2653|
 5|   1.200E+00|                 Infinity|   1.9764235376052371E-02|       2560|
 5|   1.400E+00|                 Infinity|   2.0896918976428647E-02|       2290|
 5|   1.600E+00|                 Infinity|   2.3312620206007845E-02|       1840|
 5|   1.800E+00|                 Infinity|   2.3616191143045320E-02|       1793|
 5|   2.000E+00|                 Infinity|   2.4633231954107330E-02|       1648|
 5|   2.200E+00|                 Infinity|   2.5802692909555395E-02|       1502|
 5|   2.400E+00|                 Infinity|   2.4390243902439025E-02|       1681|
 5|   2.600E+00|                 Infinity|   2.0681295814776020E-02|       2338|
 5|   2.800E+00|                 Infinity|   1.9695116019838796E-02|       2578|
 5|   3.000E+00|                 Infinity|   2.0036097492521526E-02|       2491|
 5|   3.200E+00|                 Infinity|   2.0076435961970611E-02|       2481|
 5|   3.400E+00|                 Infinity|   1.9865371663225287E-02|       2534|
 5|   3.600E+00|                 Infinity|   1.8324732907511420E-02|       2978|
 5|   3.800E+00|                 Infinity|   1.7450120318994400E-02|       3284|
 5|   4.000E+00|                 Infinity|   1.9048482943986481E-02|       2756|
 5|   4.200E+00|                 Infinity|   1.8386578283823053E-02|       2958|
 5|   4.400E+00|                 Infinity|   1.8761362859889375E-02|       2841|
 5|   4.600E+00|                 Infinity|   2.0915193504605287E-02|       2286|
 5|   4.800E+00|                 Infinity|   2.3688968483956713E-02|       1782|
# integrated result:   6.7304430958187254E-03
#
# Histogram 6: mz1                                               
 6|   0.000E+00|                      NaN|   0.0000000000000000E+00|          0|
 6|   2.000E+00|                      NaN|   0.0000000000000000E+00|          0|
 6|   4.000E+00|                 Infinity|   3.0192333931958418E-02|       1097|
 6|   6.000E+00|                 Infinity|   2.4860550508181419E-02|       1618|
 6|   8.000E+00|                 Infinity|   2.1501647626876532E-02|       2163|
 6|   1.000E+01|                 Infinity|   2.9695693545824933E-02|       1134|
 6|   1.200E+01|                 Infinity|   1.9027781815309071E-02|       2762|
 6|   1.400E+01|                 Infinity|   4.6225016352102424E-02|        468|
 6|   1.600E+01|                 Infinity|   5.1917413165116499E-02|        371|
 6|   1.800E+01|                 Infinity|   4.4766148103584522E-02|        499|
 6|   2.000E+01|                 Infinity|   2.8843487226888051E-02|       1202|
 6|   2.200E+01|                 Infinity|   2.8049635672660719E-02|       1271|
 6|   2.400E+01|                 Infinity|   2.7983662310423867E-02|       1277|
 6|   2.600E+01|                 Infinity|   4.3153185200210310E-02|        537|
 6|   2.800E+01|                 Infinity|   4.5037734911104493E-02|        493|
 6|   3.000E+01|                 Infinity|   3.2342311367657542E-02|        956|
 6|   3.200E+01|                 Infinity|   3.5333262666878668E-02|        801|
 6|   3.400E+01|                 Infinity|   4.2485928866208736E-02|        554|
 6|   3.600E+01|                 Infinity|   3.6107907233705945E-02|        767|
 6|   3.800E+01|                 Infinity|   4.1922180815031851E-02|        569|
 6|   4.000E+01|                 Infinity|   5.1031036307982884E-02|        384|
 6|   4.200E+01|                 Infinity|   4.8168305085908802E-02|        431|
 6|   4.400E+01|                 Infinity|   3.0457245193658632E-02|       1078|
 6|   4.600E+01|                 Infinity|   1.7780763440580293E-02|       3163|
 6|   4.800E+01|                 Infinity|   2.1926450482675733E-02|       2080|
 6|   5.000E+01|                 Infinity|   3.2091527190283999E-02|        971|
 6|   5.200E+01|                 Infinity|   5.1708768999501914E-02|        374|
 6|   5.400E+01|                 Infinity|   6.1898446059017294E-02|        261|
 6|   5.600E+01|                 Infinity|   6.7728546147859642E-02|        218|
 6|   5.800E+01|                 Infinity|   6.9843029576957816E-02|        205|
 6|   6.000E+01|                 Infinity|   6.3628476297577771E-02|        247|
 6|   6.200E+01|                 Infinity|   6.9673301429161769E-02|        206|
 6|   6.400E+01|                 Infinity|   6.8680281974344518E-02|        212|
 6|   6.600E+01|                 Infinity|   6.4415662640083082E-02|        241|
 6|   6.800E+01|                 Infinity|   7.1795815861773818E-02|        194|
 6|   7.000E+01|                 Infinity|   6.8199433947047347E-02|        215|
 6|   7.200E+01|                 Infinity|   3.0729254193150105E-02|       1059|
 6|   7.400E+01|                 Infinity|   1.7405128654617661E-02|       3301|
 6|   7.600E+01|                 Infinity|   4.2640143271122082E-02|        550|
 6|   7.800E+01|                 Infinity|   3.7087947077614203E-02|        727|
 6|   8.000E+01|                 Infinity|   2.3369844779174954E-02|       1831|
 6|   8.200E+01|                 Infinity|   3.9013715732043520E-02|        657|
 6|   8.400E+01|                 Infinity|   3.7216146378239341E-02|        722|
 6|   8.600E+01|                 Infinity|   3.4794450031961049E-02|        826|
 6|   8.800E+01|                 Infinity|   2.9297936765452382E-02|       1165|
 6|   9.000E+01|                 Infinity|   1.1328581360736095E-02|       7792|
 6|   9.200E+01|                 Infinity|   1.9948201925179914E-02|       2513|
 6|   9.400E+01|                 Infinity|   2.1324918758878316E-02|       2199|
 6|   9.600E+01|                 Infinity|   1.4008295367013144E-02|       5096|
 6|   9.800E+01|                 Infinity|   4.5083481733371615E-02|        492|
 6|   1.000E+02|                 Infinity|   4.2640143271122082E-02|        550|
 6|   1.020E+02|                 Infinity|   4.5980048987170286E-02|        473|
 6|   1.040E+02|                 Infinity|   9.8058067569092022E-02|        104|
 6|   1.060E+02|                 Infinity|   1.2403473458920847E-01|         65|
 6|   1.080E+02|                 Infinity|   1.3608276348795434E-01|         54|
 6|   1.100E+02|                 Infinity|   1.5249857033260467E-01|         43|
 6|   1.120E+02|                 Infinity|   1.3867504905630729E-01|         52|
 6|   1.140E+02|                 Infinity|   1.2909944487358055E-01|         60|
 6|   1.160E+02|                 Infinity|   1.1322770341445956E-01|         78|
 6|   1.180E+02|                 Infinity|   1.2216944435630522E-01|         67|
 6|   1.200E+02|                 Infinity|   1.1785113019775793E-01|         72|
 6|   1.220E+02|                 Infinity|   1.2126781251816648E-01|         68|
 6|   1.240E+02|                 Infinity|   1.0482848367219183E-01|         91|
 6|   1.260E+02|                 Infinity|   1.0050378152592121E-01|         99|
 6|   1.280E+02|                 Infinity|   1.0425720702853739E-01|         92|
 6|   1.300E+02|                 Infinity|   9.9503719020998915E-02|        101|
 6|   1.320E+02|                 Infinity|   1.0000000000000001E-01|        100|
 6|   1.340E+02|                 Infinity|   1.0482848367219183E-01|         91|
 6|   1.360E+02|                 Infinity|   9.7128586235726413E-02|        106|
 6|   1.380E+02|                 Infinity|   1.1396057645963795E-01|         77|
 6|   1.400E+02|                 Infinity|   1.0846522890932808E-01|         85|
 6|   1.420E+02|                 Infinity|   1.2803687993289598E-01|         61|
 6|   1.440E+02|                 Infinity|   1.1470786693528087E-01|         76|
 6|   1.460E+02|                 Infinity|   1.3245323570650439E-01|         57|
 6|   1.480E+02|                 Infinity|   1.3736056394868904E-01|         53|
 6|   1.500E+02|                 Infinity|   1.4433756729740646E-01|         48|
 6|   1.520E+02|                 Infinity|   1.4433756729740646E-01|         48|
 6|   1.540E+02|                 Infinity|   1.3867504905630729E-01|         52|
 6|   1.560E+02|                 Infinity|   1.4907119849998599E-01|         45|
 6|   1.580E+02|                 Infinity|   1.4142135623730950E-01|         50|
 6|   1.600E+02|                 Infinity|   1.6439898730535729E-01|         37|
 6|   1.620E+02|                 Infinity|   2.0000000000000001E-01|         25|
 6|   1.640E+02|                 Infinity|   1.7960530202677491E-01|         31|
 6|   1.660E+02|                 Infinity|   1.8257418583505536E-01|         30|
 6|   1.680E+02|                 Infinity|   1.8569533817705186E-01|         29|
 6|   1.700E+02|                 Infinity|   1.7149858514250882E-01|         34|
 6|   1.720E+02|                 Infinity|   1.7677669529663687E-01|         32|
 6|   1.740E+02|                 Infinity|   2.2941573387056174E-01|         19|
 6|   1.760E+02|                 Infinity|   1.9245008972987526E-01|         27|
 6|   1.780E+02|                 Infinity|   1.9611613513818404E-01|         26|
 6|   1.800E+02|                 Infinity|   1.9245008972987526E-01|         27|
 6|   1.820E+02|                 Infinity|   1.9245008972987526E-01|         27|
 6|   1.840E+02|                 Infinity|   1.8569533817705186E-01|         29|
 6|   1.860E+02|                 Infinity|   1.8898223650461360E-01|         28|
 6|   1.880E+02|                 Infinity|   1.7149858514250882E-01|         34|
 6|   1.900E+02|                 Infinity|   1.8257418583505536E-01|         30|
 6|   1.920E+02|                 Infinity|   2.0851441405707477E-01|         23|
 6|   1.940E+02|                 Infinity|   1.8257418583505536E-01|         30|
 6|   1.960E+02|                 Infinity|   1.8898223650461360E-01|         28|
 6|   1.980E+02|                 Infinity|   2.0851441405707477E-01|         23|
# integrated result:   6.7304430958187566E-03
#
# Histogram 7: mz2                                               
 7|   0.000E+00|                      NaN|   0.0000000000000000E+00|          0|
 7|   2.000E+00|                      NaN|   0.0000000000000000E+00|          0|
 7|   4.000E+00|                 Infinity|   1.4120970030991196E-02|       5015|
 7|   6.000E+00|                 Infinity|   2.1764860270317654E-02|       2111|
 7|   8.000E+00|                 Infinity|   2.8747978728803449E-02|       1210|
 7|   1.000E+01|                 Infinity|   3.4219295541457743E-02|        854|
 7|   1.200E+01|                 Infinity|   3.2461373658059775E-02|        949|
 7|   1.400E+01|                 Infinity|   2.3931938620591269E-02|       1746|
 7|   1.600E+01|                 Infinity|   2.3312620206007845E-02|       1840|
 7|   1.800E+01|                 Infinity|   2.6407386650992314E-02|       1434|
 7|   2.000E+01|                 Infinity|   2.8284271247461901E-02|       1250|
 7|   2.200E+01|                 Infinity|   2.9222781609340179E-02|       1171|
 7|   2.400E+01|                 Infinity|   2.6688025634181191E-02|       1404|
 7|   2.600E+01|                 Infinity|   2.8272964322665701E-02|       1251|
 7|   2.800E+01|                 Infinity|   4.0032038451271783E-02|        624|
 7|   3.000E+01|                 Infinity|   4.3519413988924463E-02|        528|
 7|   3.200E+01|                 Infinity|   4.2640143271122082E-02|        550|
 7|   3.400E+01|                 Infinity|   4.6574643283262232E-02|        461|
 7|   3.600E+01|                 Infinity|   4.6726931351599776E-02|        458|
 7|   3.800E+01|                 Infinity|   4.7088160934801108E-02|        451|
 7|   4.000E+01|                 Infinity|   4.7781848256749658E-02|        438|
 7|   4.200E+01|                 Infinity|   4.8001536073731928E-02|        434|
 7|   4.400E+01|                 Infinity|   4.6984098573493956E-02|        453|
 7|   4.600E+01|                 Infinity|   4.4367825470805693E-02|        508|
 7|   4.800E+01|                 Infinity|   4.4901325506693728E-02|        496|
 7|   5.000E+01|                 Infinity|   4.3478260869565216E-02|        529|
 7|   5.200E+01|                 Infinity|   3.7932162090544078E-02|        695|
 7|   5.400E+01|                 Infinity|   4.9751859510499458E-02|        404|
 7|   5.600E+01|                 Infinity|   3.9163022499397869E-02|        652|
 7|   5.800E+01|                 Infinity|   3.2141217326661253E-02|        968|
 7|   6.000E+01|                 Infinity|   3.4964180063753285E-02|        818|
 7|   6.200E+01|                 Infinity|   3.8778336716474064E-02|        665|
 7|   6.400E+01|                 Infinity|   4.7565149415449405E-02|        442|
 7|   6.600E+01|                 Infinity|   4.7245559126153400E-02|        448|
 7|   6.800E+01|                 Infinity|   5.2851642258168990E-02|        358|
 7|   7.000E+01|                 Infinity|   5.3149400345273393E-02|        354|
 7|   7.200E+01|                 Infinity|   5.1639777949432225E-02|        375|
 7|   7.400E+01|                 Infinity|   3.9283710065919304E-02|        648|
 7|   7.600E+01|                 Infinity|   3.2547227745205971E-02|        944|
 7|   7.800E+01|                 Infinity|   3.1008683647302117E-02|       1040|
 7|   8.000E+01|                 Infinity|   2.8432506701809173E-02|       1237|
 7|   8.200E+01|                 Infinity|   2.3168268228563865E-02|       1863|
 7|   8.400E+01|                 Infinity|   2.9172998299578909E-02|       1175|
 7|   8.600E+01|                 Infinity|   2.5245764589341441E-02|       1569|
 7|   8.800E+01|                 Infinity|   1.5717365336548286E-02|       4048|
 7|   9.000E+01|                 Infinity|   1.0398629135096288E-02|       9248|
 7|   9.200E+01|                 Infinity|   1.7655613788661217E-02|       3208|
 7|   9.400E+01|                 Infinity|   6.2869461346193145E-02|        253|
 7|   9.600E+01|                 Infinity|   7.6249285166302333E-02|        172|
 7|   9.800E+01|                 Infinity|   7.1981575074869450E-02|        193|
 7|   1.000E+02|                 Infinity|   7.4743509275193590E-02|        179|
 7|   1.020E+02|                 Infinity|   8.0064076902543566E-02|        156|
 7|   1.040E+02|                 Infinity|   8.1923192051904056E-02|        149|
 7|   1.060E+02|                 Infinity|   8.9802651013387455E-02|        124|
 7|   1.080E+02|                 Infinity|   9.3250480824031381E-02|        115|
 7|   1.100E+02|                 Infinity|   9.2450032704204849E-02|        117|
 7|   1.120E+02|                 Infinity|   9.4915799575249898E-02|        111|
 7|   1.140E+02|                 Infinity|   9.4915799575249898E-02|        111|
 7|   1.160E+02|                 Infinity|   9.3250480824031381E-02|        115|
 7|   1.180E+02|                 Infinity|   9.4491118252306799E-02|        112|
 7|   1.200E+02|                 Infinity|   1.0050378152592121E-01|         99|
 7|   1.220E+02|                 Infinity|   1.1396057645963795E-01|         77|
 7|   1.240E+02|                 Infinity|   1.1322770341445956E-01|         78|
 7|   1.260E+02|                 Infinity|   1.1180339887498948E-01|         80|
 7|   1.280E+02|                 Infinity|   1.2216944435630522E-01|         67|
 7|   1.300E+02|                 Infinity|   1.1470786693528087E-01|         76|
 7|   1.320E+02|                 Infinity|   9.5346258924559238E-02|        110|
 7|   1.340E+02|                 Infinity|   1.1250879009260240E-01|         79|
 7|   1.360E+02|                 Infinity|   1.1704114719613057E-01|         73|
 7|   1.380E+02|                 Infinity|   1.1952286093343936E-01|         70|
 7|   1.400E+02|                 Infinity|   1.1547005383792514E-01|         75|
 7|   1.420E+02|                 Infinity|   1.1785113019775793E-01|         72|
 7|   1.440E+02|                 Infinity|   1.2038585308576920E-01|         69|
 7|   1.460E+02|                 Infinity|   1.2700012700019050E-01|         62|
 7|   1.480E+02|                 Infinity|   1.1952286093343936E-01|         70|
 7|   1.500E+02|                 Infinity|   1.1396057645963795E-01|         77|
 7|   1.520E+02|                 Infinity|   1.3018891098082389E-01|         59|
 7|   1.540E+02|                 Infinity|   1.2403473458920847E-01|         65|
 7|   1.560E+02|                 Infinity|   1.3018891098082389E-01|         59|
 7|   1.580E+02|                 Infinity|   1.7149858514250882E-01|         34|
 7|   1.600E+02|                 Infinity|   1.3736056394868904E-01|         53|
 7|   1.620E+02|                 Infinity|   1.6439898730535729E-01|         37|
 7|   1.640E+02|                 Infinity|   1.8569533817705186E-01|         29|
 7|   1.660E+02|                 Infinity|   1.4285714285714285E-01|         49|
 7|   1.680E+02|                 Infinity|   1.6903085094570330E-01|         35|
 7|   1.700E+02|                 Infinity|   1.7960530202677491E-01|         31|
 7|   1.720E+02|                 Infinity|   2.0000000000000001E-01|         25|
 7|   1.740E+02|                 Infinity|   1.9245008972987526E-01|         27|
 7|   1.760E+02|                 Infinity|   1.8569533817705186E-01|         29|
 7|   1.780E+02|                 Infinity|   2.0851441405707477E-01|         23|
 7|   1.800E+02|                 Infinity|   1.9245008972987526E-01|         27|
 7|   1.820E+02|                 Infinity|   2.1821789023599239E-01|         21|
 7|   1.840E+02|                 Infinity|   1.8569533817705186E-01|         29|
 7|   1.860E+02|                 Infinity|   2.1320071635561041E-01|         22|
 7|   1.880E+02|                 Infinity|   2.1821789023599239E-01|         21|
 7|   1.900E+02|                 Infinity|   2.0000000000000001E-01|         25|
 7|   1.920E+02|                 Infinity|   2.2941573387056174E-01|         19|
 7|   1.940E+02|                 Infinity|   2.3570226039551587E-01|         18|
 7|   1.960E+02|                 Infinity|   2.1821789023599239E-01|         21|
 7|   1.980E+02|                 Infinity|   1.8257418583505536E-01|         30|
# integrated result:   6.7304430958187479E-03
#
# Histogram 8: m_4l                                              
 8|   1.000E+02|                 Infinity|   9.3580629766255516E-03|      11419|
 8|   1.400E+02|                 Infinity|   9.8058067569092022E-03|      10400|
 8|   1.800E+02|                 Infinity|   1.1157351532307571E-02|       8033|
 8|   2.200E+02|                 Infinity|   1.2736011998347835E-02|       6165|
 8|   2.600E+02|                 Infinity|   1.4774740239264542E-02|       4581|
 8|   3.000E+02|                 Infinity|   1.6898257710466581E-02|       3502|
 8|   3.400E+02|                 Infinity|   1.8190840670926210E-02|       3022|
 8|   3.800E+02|                 Infinity|   2.1879166839686815E-02|       2089|
 8|   4.200E+02|                 Infinity|   2.4463116021507716E-02|       1671|
 8|   4.600E+02|                 Infinity|   2.7939937811355630E-02|       1281|
 8|   5.000E+02|                 Infinity|   3.1465838776377632E-02|       1010|
 8|   5.400E+02|                 Infinity|   3.6321635614607398E-02|        758|
 8|   5.800E+02|                 Infinity|   4.1204282171516463E-02|        589|
 8|   6.200E+02|                 Infinity|   4.6274481338274755E-02|        467|
 8|   6.600E+02|                 Infinity|   5.3452248382484871E-02|        350|
 8|   7.000E+02|                 Infinity|   6.5232807305344226E-02|        235|
 8|   7.400E+02|                 Infinity|   6.7419986246324212E-02|        220|
 8|   7.800E+02|                 Infinity|   7.4953168899586142E-02|        178|
 8|   8.200E+02|                 Infinity|   8.8735650941611385E-02|        127|
 8|   8.600E+02|                 Infinity|   1.0153461651336192E-01|         97|
 8|   9.000E+02|                 Infinity|   1.2500000000000000E-01|         64|
 8|   9.400E+02|                 Infinity|   1.2598815766974239E-01|         63|
 8|   9.800E+02|                 Infinity|   1.2126781251816648E-01|         68|
 8|   1.020E+03|                 Infinity|   1.6012815380508713E-01|         39|
 8|   1.060E+03|                 Infinity|   1.8569533817705186E-01|         29|
 8|   1.100E+03|                 Infinity|   2.3570226039551587E-01|         18|
 8|   1.140E+03|                 Infinity|   1.8569533817705186E-01|         29|
 8|   1.180E+03|                 Infinity|   2.3570226039551587E-01|         18|
 8|   1.220E+03|                 Infinity|   3.7796447300922720E-01|          7|
 8|   1.260E+03|                 Infinity|   3.1622776601683794E-01|         10|
 8|   1.300E+03|                 Infinity|   5.0000000000000000E-01|          4|
 8|   1.340E+03|                 Infinity|   4.4721359549995793E-01|          5|
 8|   1.380E+03|                 Infinity|   5.0000000000000000E-01|          4|
 8|   1.420E+03|                 Infinity|   3.5355339059327373E-01|          8|
 8|   1.460E+03|                 Infinity|   4.0824829046386307E-01|          6|
 8|   1.500E+03|                 Infinity|   4.0824829046386307E-01|          6|
 8|   1.540E+03|                 Infinity|   7.0710678118654746E-01|          2|
 8|   1.580E+03|                 Infinity|   4.0824829046386307E-01|          6|
 8|   1.620E+03|                 Infinity|   7.0710678118654746E-01|          2|
 8|   1.660E+03|                 Infinity|   5.7735026918962584E-01|          3|
 8|   1.700E+03|                 Infinity|   5.7735026918962584E-01|          3|
 8|   1.740E+03|                      NaN|   0.0000000000000000E+00|          0|
 8|   1.780E+03|                 Infinity|   7.0710678118654746E-01|          2|
 8|   1.820E+03|                 Infinity|   1.0000000000000000E+00|          1|
 8|   1.860E+03|                      NaN|   0.0000000000000000E+00|          0|
 8|   1.900E+03|                 Infinity|   1.0000000000000000E+00|          1|
 8|   1.940E+03|                 Infinity|   1.0000000000000000E+00|          1|
 8|   1.980E+03|                      NaN|   0.0000000000000000E+00|          0|
 8|   2.020E+03|                 Infinity|   1.0000000000000000E+00|          1|
 8|   2.060E+03|                 Infinity|   1.0000000000000000E+00|          1|
 8|   2.100E+03|                      NaN|   0.0000000000000000E+00|          0|
 8|   2.140E+03|                      NaN|   0.0000000000000000E+00|          0|
 8|   2.180E+03|                      NaN|   0.0000000000000000E+00|          0|
 8|   2.220E+03|                      NaN|   0.0000000000000000E+00|          0|
 8|   2.260E+03|                      NaN|   0.0000000000000000E+00|          0|
 8|   2.300E+03|                 Infinity|   5.7735026918962584E-01|          3|
 8|   2.340E+03|                      NaN|   0.0000000000000000E+00|          0|
 8|   2.380E+03|                      NaN|   0.0000000000000000E+00|          0|
 8|   2.420E+03|                      NaN|   0.0000000000000000E+00|          0|
 8|   2.460E+03|                      NaN|   0.0000000000000000E+00|          0|
 8|   2.500E+03|                 Infinity|   1.0000000000000000E+00|          1|
 8|   2.540E+03|                      NaN|   0.0000000000000000E+00|          0|
 8|   2.580E+03|                      NaN|   0.0000000000000000E+00|          0|
 8|   2.620E+03|                      NaN|   0.0000000000000000E+00|          0|
 8|   2.660E+03|                      NaN|   0.0000000000000000E+00|          0|
 8|   2.700E+03|                      NaN|   0.0000000000000000E+00|          0|
 8|   2.740E+03|                      NaN|   0.0000000000000000E+00|          0|
 8|   2.780E+03|                      NaN|   0.0000000000000000E+00|          0|
 8|   2.820E+03|                      NaN|   0.0000000000000000E+00|          0|
 8|   2.860E+03|                      NaN|   0.0000000000000000E+00|          0|
 8|   2.900E+03|                      NaN|   0.0000000000000000E+00|          0|
 8|   2.940E+03|                      NaN|   0.0000000000000000E+00|          0|
 8|   2.980E+03|                      NaN|   0.0000000000000000E+00|          0|
 8|   3.020E+03|                      NaN|   0.0000000000000000E+00|          0|
 8|   3.060E+03|                      NaN|   0.0000000000000000E+00|          0|
 8|   3.100E+03|                      NaN|   0.0000000000000000E+00|          0|
 8|   3.140E+03|                      NaN|   0.0000000000000000E+00|          0|
 8|   3.180E+03|                      NaN|   0.0000000000000000E+00|          0|
 8|   3.220E+03|                      NaN|   0.0000000000000000E+00|          0|
 8|   3.260E+03|                 Infinity|   1.0000000000000000E+00|          1|
 8|   3.300E+03|                      NaN|   0.0000000000000000E+00|          0|
 8|   3.340E+03|                      NaN|   0.0000000000000000E+00|          0|
 8|   3.380E+03|                      NaN|   0.0000000000000000E+00|          0|
 8|   3.420E+03|                      NaN|   0.0000000000000000E+00|          0|
 8|   3.460E+03|                      NaN|   0.0000000000000000E+00|          0|
 8|   3.500E+03|                      NaN|   0.0000000000000000E+00|          0|
 8|   3.540E+03|                      NaN|   0.0000000000000000E+00|          0|
 8|   3.580E+03|                      NaN|   0.0000000000000000E+00|          0|
 8|   3.620E+03|                      NaN|   0.0000000000000000E+00|          0|
 8|   3.660E+03|                      NaN|   0.0000000000000000E+00|          0|
 8|   3.700E+03|                      NaN|   0.0000000000000000E+00|          0|
 8|   3.740E+03|                      NaN|   0.0000000000000000E+00|          0|
 8|   3.780E+03|                      NaN|   0.0000000000000000E+00|          0|
 8|   3.820E+03|                      NaN|   0.0000000000000000E+00|          0|
 8|   3.860E+03|                      NaN|   0.0000000000000000E+00|          0|
 8|   3.900E+03|                      NaN|   0.0000000000000000E+00|          0|
 8|   3.940E+03|                      NaN|   0.0000000000000000E+00|          0|
 8|   3.980E+03|                      NaN|   0.0000000000000000E+00|          0|
 8|   4.020E+03|                      NaN|   0.0000000000000000E+00|          0|
 8|   4.060E+03|                      NaN|   0.0000000000000000E+00|          0|
# integrated result:   6.7304430958187453E-03
#
# Histogram 9: m_4l                                              
 9|   8.500E+01|                 Infinity|   7.1611487403943297E-02|        195|
 9|   8.600E+01|                 Infinity|   6.9337524528153643E-02|        208|
 9|   8.700E+01|                 Infinity|   7.7615052570633281E-02|        166|
 9|   8.800E+01|                 Infinity|   7.1795815861773818E-02|        194|
 9|   8.900E+01|                 Infinity|   7.3323557510676651E-02|        186|
 9|   9.000E+01|                 Infinity|   7.4535599249992993E-02|        180|
 9|   9.100E+01|                 Infinity|   7.4743509275193590E-02|        179|
 9|   9.200E+01|                 Infinity|   7.3720978077448568E-02|        184|
 9|   9.300E+01|                 Infinity|   8.0582296402538028E-02|        154|
 9|   9.400E+01|                 Infinity|   7.6249285166302333E-02|        172|
 9|   9.500E+01|                 Infinity|   7.7151674981045956E-02|        168|
 9|   9.600E+01|                 Infinity|   7.0534561585859828E-02|        201|
 9|   9.700E+01|                 Infinity|   7.3521462209380772E-02|        185|
 9|   9.800E+01|                 Infinity|   7.0014004201400484E-02|        204|
 9|   9.900E+01|                 Infinity|   6.4018439966447988E-02|        244|
 9|   1.000E+02|                 Infinity|   6.4282434653322507E-02|        242|
 9|   1.010E+02|                 Infinity|   6.7419986246324212E-02|        220|
 9|   1.020E+02|                 Infinity|   6.0858061945018457E-02|        270|
 9|   1.030E+02|                 Infinity|   6.0192926542884599E-02|        276|
 9|   1.040E+02|                 Infinity|   5.6888012398857428E-02|        309|
 9|   1.050E+02|                 Infinity|   6.0745673923078697E-02|        271|
 9|   1.060E+02|                 Infinity|   6.3887656499993992E-02|        245|
 9|   1.070E+02|                 Infinity|   6.0302268915552716E-02|        275|
 9|   1.080E+02|                 Infinity|   5.8823529411764705E-02|        289|
 9|   1.090E+02|                 Infinity|   5.9028133610095526E-02|        287|
 9|   1.100E+02|                 Infinity|   5.7543533764843599E-02|        302|
 9|   1.110E+02|                 Infinity|   5.8722021951470346E-02|        290|
 9|   1.120E+02|                 Infinity|   5.7639041770423498E-02|        301|
 9|   1.130E+02|                 Infinity|   5.9234887775909233E-02|        285|
 9|   1.140E+02|                 Infinity|   6.2500000000000000E-02|        256|
 9|   1.150E+02|                 Infinity|   5.8722021951470346E-02|        290|
 9|   1.160E+02|                 Infinity|   5.8321184351980429E-02|        294|
 9|   1.170E+02|                 Infinity|   5.7259833431386825E-02|        305|
 9|   1.180E+02|                 Infinity|   6.1313933948496581E-02|        266|
 9|   1.190E+02|                 Infinity|   5.7353933467640436E-02|        304|
 9|   1.200E+02|                 Infinity|   5.9028133610095526E-02|        287|
 9|   1.210E+02|                 Infinity|   5.9549133417541367E-02|        282|
 9|   1.220E+02|                 Infinity|   5.8722021951470346E-02|        290|
 9|   1.230E+02|                 Infinity|   5.5131784641997125E-02|        329|
 9|   1.240E+02|                 Infinity|   5.8321184351980429E-02|        294|
 9|   1.250E+02|                 Infinity|   5.6523341894422152E-02|        313|
 9|   1.260E+02|                 Infinity|   5.9868434008924963E-02|        279|
 9|   1.270E+02|                 Infinity|   5.6613851707229781E-02|        312|
 9|   1.280E+02|                 Infinity|   5.9131239598908258E-02|        286|
 9|   1.290E+02|                 Infinity|   5.7928444636349226E-02|        298|
 9|   1.300E+02|                 Infinity|   5.9868434008924963E-02|        279|
 9|   1.310E+02|                 Infinity|   6.0971076084969232E-02|        269|
 9|   1.320E+02|                 Infinity|   5.8722021951470346E-02|        290|
 9|   1.330E+02|                 Infinity|   5.7073014553534959E-02|        307|
 9|   1.340E+02|                 Infinity|   5.8823529411764705E-02|        289|
# integrated result:   6.7304430958186985E-03
#
# Histogram10: Phi1                                              
10|  -3.142E+00|                 Infinity|   2.8783683125170191E-02|       1207|
10|  -2.985E+00|                 Infinity|   2.8478588590558698E-02|       1233|
10|  -2.827E+00|                 Infinity|   2.7660638840895514E-02|       1307|
10|  -2.670E+00|                 Infinity|   2.6537244621713762E-02|       1420|
10|  -2.513E+00|                 Infinity|   2.5802692909555395E-02|       1502|
10|  -2.356E+00|                 Infinity|   2.4203782378574807E-02|       1707|
10|  -2.199E+00|                 Infinity|   2.2721405353294154E-02|       1937|
10|  -2.042E+00|                 Infinity|   2.2530295452966646E-02|       1970|
10|  -1.885E+00|                 Infinity|   2.3281009858985940E-02|       1845|
10|  -1.728E+00|                 Infinity|   2.4105134820094756E-02|       1721|
10|  -1.571E+00|                 Infinity|   2.3389013486249399E-02|       1828|
10|  -1.414E+00|                 Infinity|   2.2622350158956341E-02|       1954|
10|  -1.257E+00|                 Infinity|   2.2774375933713845E-02|       1928|
10|  -1.100E+00|                 Infinity|   2.3498534324630827E-02|       1811|
10|  -9.425E-01|                 Infinity|   2.4182541670333724E-02|       1710|
10|  -7.854E-01|                 Infinity|   2.3168268228563865E-02|       1863|
10|  -6.283E-01|                 Infinity|   2.4507154069793591E-02|       1665|
10|  -4.713E-01|                 Infinity|   2.7461751819054487E-02|       1326|
10|  -3.142E-01|                 Infinity|   2.8976379389987237E-02|       1191|
10|  -1.571E-01|                 Infinity|   2.8501713717057404E-02|       1231|
10|  -3.000E-05|                 Infinity|   2.8386647790182979E-02|       1241|
10|   1.570E-01|                 Infinity|   2.7206478089547161E-02|       1351|
10|   3.141E-01|                 Infinity|   2.6555952586407233E-02|       1418|
10|   4.712E-01|                 Infinity|   2.5984985016737148E-02|       1481|
10|   6.283E-01|                 Infinity|   2.4968808471946116E-02|       1604|
10|   7.854E-01|                 Infinity|   2.5416428388767447E-02|       1548|
10|   9.424E-01|                 Infinity|   2.4791695181436636E-02|       1627|
10|   1.100E+00|                 Infinity|   2.4845199749997663E-02|       1620|
10|   1.257E+00|                 Infinity|   2.5070610528195009E-02|       1591|
10|   1.414E+00|                 Infinity|   2.5015639663712997E-02|       1598|
10|   1.571E+00|                 Infinity|   2.5189636092993919E-02|       1576|
10|   1.728E+00|                 Infinity|   2.5359156467048689E-02|       1555|
10|   1.885E+00|                 Infinity|   2.4028466566610635E-02|       1732|
10|   2.042E+00|                 Infinity|   2.4485105343719588E-02|       1668|
10|   2.199E+00|                 Infinity|   2.5326602979345261E-02|       1559|
10|   2.356E+00|                 Infinity|   2.6612314770617474E-02|       1412|
10|   2.513E+00|                 Infinity|   2.7256963340035873E-02|       1346|
10|   2.670E+00|                 Infinity|   2.7853100187767640E-02|       1289|
10|   2.827E+00|                 Infinity|   2.8594780785029784E-02|       1223|
10|   2.984E+00|                 Infinity|   2.8855492841238062E-02|       1201|
# integrated result:   6.7304430958187479E-03
#
