#
# column #1=histogram, #2=x-axis bin, #3=binned cross-section, #4=error, #5=number of events 
# this can be easily plotted in gnuplot with the commands:
#    NHi=3
#    plot 'output.dat' using ($2):($1==NHi ? $3 : 1/0) w st
# where NHi selects the histogram
#
#
# run time =      -0.00min
# TotCS =      4.2746120611E-03           5.92186E-04
#
# Histogram 1: m_jj                                              
 1|   0.000E+00|                      NaN|   0.0000000000000000E+00|          0|
 1|   5.000E+01|                 Infinity|   3.7551551419945160E-03|      70916|
 1|   1.000E+02|                 Infinity|   1.8761362859889375E-02|       2841|
 1|   1.500E+02|                 Infinity|   5.3605626741889741E-02|        348|
 1|   2.000E+02|                 Infinity|   1.1250879009260240E-01|         79|
 1|   2.500E+02|                 Infinity|   1.9611613513818404E-01|         26|
 1|   3.000E+02|                 Infinity|   2.6726124191242440E-01|         14|
 1|   3.500E+02|                 Infinity|   5.7735026918962584E-01|          3|
 1|   4.000E+02|                 Infinity|   5.0000000000000000E-01|          4|
 1|   4.500E+02|                 Infinity|   1.0000000000000000E+00|          1|
 1|   5.000E+02|                 Infinity|   1.0000000000000000E+00|          1|
 1|   5.500E+02|                      NaN|   0.0000000000000000E+00|          0|
 1|   6.000E+02|                      NaN|   0.0000000000000000E+00|          0|
 1|   6.500E+02|                      NaN|   0.0000000000000000E+00|          0|
 1|   7.000E+02|                      NaN|   0.0000000000000000E+00|          0|
 1|   7.500E+02|                      NaN|   0.0000000000000000E+00|          0|
 1|   8.000E+02|                      NaN|   0.0000000000000000E+00|          0|
 1|   8.500E+02|                      NaN|   0.0000000000000000E+00|          0|
 1|   9.000E+02|                      NaN|   0.0000000000000000E+00|          0|
 1|   9.500E+02|                      NaN|   0.0000000000000000E+00|          0|
 1|   1.000E+03|                      NaN|   0.0000000000000000E+00|          0|
 1|   1.050E+03|                      NaN|   0.0000000000000000E+00|          0|
 1|   1.100E+03|                      NaN|   0.0000000000000000E+00|          0|
 1|   1.150E+03|                      NaN|   0.0000000000000000E+00|          0|
 1|   1.200E+03|                      NaN|   0.0000000000000000E+00|          0|
 1|   1.250E+03|                      NaN|   0.0000000000000000E+00|          0|
 1|   1.300E+03|                      NaN|   0.0000000000000000E+00|          0|
 1|   1.350E+03|                      NaN|   0.0000000000000000E+00|          0|
 1|   1.400E+03|                      NaN|   0.0000000000000000E+00|          0|
 1|   1.450E+03|                      NaN|   0.0000000000000000E+00|          0|
 1|   1.500E+03|                      NaN|   0.0000000000000000E+00|          0|
 1|   1.550E+03|                      NaN|   0.0000000000000000E+00|          0|
 1|   1.600E+03|                      NaN|   0.0000000000000000E+00|          0|
 1|   1.650E+03|                      NaN|   0.0000000000000000E+00|          0|
 1|   1.700E+03|                      NaN|   0.0000000000000000E+00|          0|
 1|   1.750E+03|                      NaN|   0.0000000000000000E+00|          0|
 1|   1.800E+03|                      NaN|   0.0000000000000000E+00|          0|
 1|   1.850E+03|                      NaN|   0.0000000000000000E+00|          0|
 1|   1.900E+03|                      NaN|   0.0000000000000000E+00|          0|
 1|   1.950E+03|                      NaN|   0.0000000000000000E+00|          0|
 1|   2.000E+03|                      NaN|   0.0000000000000000E+00|          0|
 1|   2.050E+03|                      NaN|   0.0000000000000000E+00|          0|
 1|   2.100E+03|                      NaN|   0.0000000000000000E+00|          0|
 1|   2.150E+03|                      NaN|   0.0000000000000000E+00|          0|
 1|   2.200E+03|                      NaN|   0.0000000000000000E+00|          0|
 1|   2.250E+03|                      NaN|   0.0000000000000000E+00|          0|
 1|   2.300E+03|                      NaN|   0.0000000000000000E+00|          0|
 1|   2.350E+03|                      NaN|   0.0000000000000000E+00|          0|
 1|   2.400E+03|                      NaN|   0.0000000000000000E+00|          0|
 1|   2.450E+03|                      NaN|   0.0000000000000000E+00|          0|
 1|   2.500E+03|                      NaN|   0.0000000000000000E+00|          0|
 1|   2.550E+03|                      NaN|   0.0000000000000000E+00|          0|
 1|   2.600E+03|                      NaN|   0.0000000000000000E+00|          0|
 1|   2.650E+03|                      NaN|   0.0000000000000000E+00|          0|
 1|   2.700E+03|                      NaN|   0.0000000000000000E+00|          0|
 1|   2.750E+03|                      NaN|   0.0000000000000000E+00|          0|
 1|   2.800E+03|                      NaN|   0.0000000000000000E+00|          0|
 1|   2.850E+03|                      NaN|   0.0000000000000000E+00|          0|
 1|   2.900E+03|                      NaN|   0.0000000000000000E+00|          0|
 1|   2.950E+03|                      NaN|   0.0000000000000000E+00|          0|
 1|   3.000E+03|                      NaN|   0.0000000000000000E+00|          0|
 1|   3.050E+03|                      NaN|   0.0000000000000000E+00|          0|
 1|   3.100E+03|                      NaN|   0.0000000000000000E+00|          0|
 1|   3.150E+03|                      NaN|   0.0000000000000000E+00|          0|
 1|   3.200E+03|                      NaN|   0.0000000000000000E+00|          0|
 1|   3.250E+03|                      NaN|   0.0000000000000000E+00|          0|
 1|   3.300E+03|                      NaN|   0.0000000000000000E+00|          0|
 1|   3.350E+03|                      NaN|   0.0000000000000000E+00|          0|
 1|   3.400E+03|                      NaN|   0.0000000000000000E+00|          0|
 1|   3.450E+03|                      NaN|   0.0000000000000000E+00|          0|
 1|   3.500E+03|                      NaN|   0.0000000000000000E+00|          0|
 1|   3.550E+03|                      NaN|   0.0000000000000000E+00|          0|
 1|   3.600E+03|                      NaN|   0.0000000000000000E+00|          0|
 1|   3.650E+03|                      NaN|   0.0000000000000000E+00|          0|
 1|   3.700E+03|                      NaN|   0.0000000000000000E+00|          0|
 1|   3.750E+03|                      NaN|   0.0000000000000000E+00|          0|
 1|   3.800E+03|                      NaN|   0.0000000000000000E+00|          0|
 1|   3.850E+03|                      NaN|   0.0000000000000000E+00|          0|
 1|   3.900E+03|                      NaN|   0.0000000000000000E+00|          0|
 1|   3.950E+03|                      NaN|   0.0000000000000000E+00|          0|
 1|   4.000E+03|                      NaN|   0.0000000000000000E+00|          0|
 1|   4.050E+03|                      NaN|   0.0000000000000000E+00|          0|
 1|   4.100E+03|                      NaN|   0.0000000000000000E+00|          0|
 1|   4.150E+03|                      NaN|   0.0000000000000000E+00|          0|
 1|   4.200E+03|                      NaN|   0.0000000000000000E+00|          0|
 1|   4.250E+03|                      NaN|   0.0000000000000000E+00|          0|
 1|   4.300E+03|                      NaN|   0.0000000000000000E+00|          0|
 1|   4.350E+03|                      NaN|   0.0000000000000000E+00|          0|
 1|   4.400E+03|                      NaN|   0.0000000000000000E+00|          0|
 1|   4.450E+03|                      NaN|   0.0000000000000000E+00|          0|
 1|   4.500E+03|                      NaN|   0.0000000000000000E+00|          0|
 1|   4.550E+03|                      NaN|   0.0000000000000000E+00|          0|
 1|   4.600E+03|                      NaN|   0.0000000000000000E+00|          0|
 1|   4.650E+03|                      NaN|   0.0000000000000000E+00|          0|
 1|   4.700E+03|                      NaN|   0.0000000000000000E+00|          0|
 1|   4.750E+03|                      NaN|   0.0000000000000000E+00|          0|
 1|   4.800E+03|                      NaN|   0.0000000000000000E+00|          0|
 1|   4.850E+03|                      NaN|   0.0000000000000000E+00|          0|
 1|   4.900E+03|                      NaN|   0.0000000000000000E+00|          0|
 1|   4.950E+03|                      NaN|   0.0000000000000000E+00|          0|
# integrated result:   4.2746120611335632E-03
#
# Histogram 2: m_jj                                              
 2|   0.000E+00|                      NaN|   0.0000000000000000E+00|          0|
 2|   2.000E+00|                      NaN|   0.0000000000000000E+00|          0|
 2|   4.000E+00|                      NaN|   0.0000000000000000E+00|          0|
 2|   6.000E+00|                      NaN|   0.0000000000000000E+00|          0|
 2|   8.000E+00|                      NaN|   0.0000000000000000E+00|          0|
 2|   1.000E+01|                      NaN|   0.0000000000000000E+00|          0|
 2|   1.200E+01|                      NaN|   0.0000000000000000E+00|          0|
 2|   1.400E+01|                      NaN|   0.0000000000000000E+00|          0|
 2|   1.600E+01|                      NaN|   0.0000000000000000E+00|          0|
 2|   1.800E+01|                      NaN|   0.0000000000000000E+00|          0|
 2|   2.000E+01|                      NaN|   0.0000000000000000E+00|          0|
 2|   2.200E+01|                      NaN|   0.0000000000000000E+00|          0|
 2|   2.400E+01|                      NaN|   0.0000000000000000E+00|          0|
 2|   2.600E+01|                      NaN|   0.0000000000000000E+00|          0|
 2|   2.800E+01|                      NaN|   0.0000000000000000E+00|          0|
 2|   3.000E+01|                      NaN|   0.0000000000000000E+00|          0|
 2|   3.200E+01|                      NaN|   0.0000000000000000E+00|          0|
 2|   3.400E+01|                      NaN|   0.0000000000000000E+00|          0|
 2|   3.600E+01|                      NaN|   0.0000000000000000E+00|          0|
 2|   3.800E+01|                      NaN|   0.0000000000000000E+00|          0|
 2|   4.000E+01|                      NaN|   0.0000000000000000E+00|          0|
 2|   4.200E+01|                      NaN|   0.0000000000000000E+00|          0|
 2|   4.400E+01|                      NaN|   0.0000000000000000E+00|          0|
 2|   4.600E+01|                      NaN|   0.0000000000000000E+00|          0|
 2|   4.800E+01|                      NaN|   0.0000000000000000E+00|          0|
 2|   5.000E+01|                      NaN|   0.0000000000000000E+00|          0|
 2|   5.200E+01|                      NaN|   0.0000000000000000E+00|          0|
 2|   5.400E+01|                      NaN|   0.0000000000000000E+00|          0|
 2|   5.600E+01|                      NaN|   0.0000000000000000E+00|          0|
 2|   5.800E+01|                      NaN|   0.0000000000000000E+00|          0|
 2|   6.000E+01|                      NaN|   0.0000000000000000E+00|          0|
 2|   6.200E+01|                      NaN|   0.0000000000000000E+00|          0|
 2|   6.400E+01|                      NaN|   0.0000000000000000E+00|          0|
 2|   6.600E+01|                      NaN|   0.0000000000000000E+00|          0|
 2|   6.800E+01|                      NaN|   0.0000000000000000E+00|          0|
 2|   7.000E+01|                 Infinity|   3.9652579285907208E-02|        636|
 2|   7.200E+01|                 Infinity|   3.7476584449793071E-02|        712|
 2|   7.400E+01|                 Infinity|   3.7450294313656908E-02|        713|
 2|   7.600E+01|                 Infinity|   4.1848697531868720E-02|        571|
 2|   7.800E+01|                 Infinity|   4.0961596025952028E-02|        596|
 2|   8.000E+01|                 Infinity|   3.6345618209240697E-02|        757|
 2|   8.200E+01|                 Infinity|   3.0015011259383207E-02|       1110|
 2|   8.400E+01|                 Infinity|   2.5498922693273831E-02|       1538|
 2|   8.600E+01|                 Infinity|   1.7722030125208395E-02|       3184|
 2|   8.800E+01|                 Infinity|   1.1479096942823657E-02|       7589|
 2|   9.000E+01|                 Infinity|   6.8139244454169228E-03|      21538|
 2|   9.200E+01|                 Infinity|   8.2718107590164201E-03|      14615|
 2|   9.400E+01|                 Infinity|   1.0187124277134103E-02|       9636|
 2|   9.600E+01|                 Infinity|   1.2806837602945691E-02|       6097|
 2|   9.800E+01|                 Infinity|   2.4814583349273254E-02|       1624|
 2|   1.000E+02|                 Infinity|   4.2257712736425826E-02|        560|
 2|   1.020E+02|                 Infinity|   4.7192917818300872E-02|        449|
 2|   1.040E+02|                 Infinity|   5.5555555555555552E-02|        324|
 2|   1.060E+02|                 Infinity|   7.3720978077448568E-02|        184|
 2|   1.080E+02|                 Infinity|   8.6710996952411995E-02|        133|
 2|   1.100E+02|                 Infinity|   1.0000000000000001E-01|        100|
 2|   1.120E+02|                 Infinity|   1.0206207261596577E-01|         96|
 2|   1.140E+02|                 Infinity|   9.8532927816429319E-02|        103|
 2|   1.160E+02|                 Infinity|   9.9503719020998915E-02|        101|
 2|   1.180E+02|                 Infinity|   1.1322770341445956E-01|         78|
 2|   1.200E+02|                 Infinity|   1.0000000000000001E-01|        100|
 2|   1.220E+02|                 Infinity|   1.2126781251816648E-01|         68|
 2|   1.240E+02|                 Infinity|   1.1250879009260240E-01|         79|
 2|   1.260E+02|                 Infinity|   1.1785113019775793E-01|         72|
 2|   1.280E+02|                 Infinity|   1.3130643285972254E-01|         58|
 2|   1.300E+02|                 Infinity|   1.2909944487358055E-01|         60|
 2|   1.320E+02|                 Infinity|   1.6439898730535729E-01|         37|
 2|   1.340E+02|                 Infinity|   1.6439898730535729E-01|         37|
 2|   1.360E+02|                 Infinity|   1.7960530202677491E-01|         31|
 2|   1.380E+02|                 Infinity|   2.0000000000000001E-01|         25|
 2|   1.400E+02|                 Infinity|   2.0851441405707477E-01|         23|
 2|   1.420E+02|                 Infinity|   1.8569533817705186E-01|         29|
 2|   1.440E+02|                 Infinity|   1.7960530202677491E-01|         31|
 2|   1.460E+02|                 Infinity|   1.8257418583505536E-01|         30|
 2|   1.480E+02|                 Infinity|   1.7407765595569785E-01|         33|
 2|   1.500E+02|                 Infinity|   1.9611613513818404E-01|         26|
 2|   1.520E+02|                 Infinity|   1.9611613513818404E-01|         26|
 2|   1.540E+02|                 Infinity|   1.9245008972987526E-01|         27|
 2|   1.560E+02|                 Infinity|   2.1320071635561041E-01|         22|
 2|   1.580E+02|                 Infinity|   2.3570226039551587E-01|         18|
 2|   1.600E+02|                 Infinity|   2.8867513459481292E-01|         12|
 2|   1.620E+02|                 Infinity|   2.1821789023599239E-01|         21|
 2|   1.640E+02|                 Infinity|   2.7735009811261457E-01|         13|
 2|   1.660E+02|                 Infinity|   2.0851441405707477E-01|         23|
 2|   1.680E+02|                 Infinity|   2.5819888974716110E-01|         15|
 2|   1.700E+02|                 Infinity|   2.4253562503633297E-01|         17|
 2|   1.720E+02|                 Infinity|   3.0151134457776363E-01|         11|
 2|   1.740E+02|                 Infinity|   3.3333333333333331E-01|          9|
 2|   1.760E+02|                 Infinity|   2.6726124191242440E-01|         14|
 2|   1.780E+02|                 Infinity|   2.5000000000000000E-01|         16|
 2|   1.800E+02|                 Infinity|   3.1622776601683794E-01|         10|
 2|   1.820E+02|                 Infinity|   2.8867513459481292E-01|         12|
 2|   1.840E+02|                 Infinity|   3.1622776601683794E-01|         10|
 2|   1.860E+02|                 Infinity|   4.0824829046386307E-01|          6|
 2|   1.880E+02|                 Infinity|   2.8867513459481292E-01|         12|
 2|   1.900E+02|                 Infinity|   3.5355339059327373E-01|          8|
 2|   1.920E+02|                 Infinity|   1.0000000000000000E+00|          1|
 2|   1.940E+02|                 Infinity|   4.0824829046386307E-01|          6|
 2|   1.960E+02|                 Infinity|   4.0824829046386307E-01|          6|
 2|   1.980E+02|                 Infinity|   3.7796447300922720E-01|          7|
# integrated result:   4.2746120611335372E-03
#
# Histogram 3: pT(H)                                             
 3|   0.000E+00|                 Infinity|   1.5839131076432110E-02|       3986|
 3|   1.000E+01|                 Infinity|   1.2520558419341861E-02|       6379|
 3|   2.000E+01|                 Infinity|   1.2533336007111966E-02|       6366|
 3|   3.000E+01|                 Infinity|   1.3369031746173899E-02|       5595|
 3|   4.000E+01|                 Infinity|   1.3994571159381001E-02|       5106|
 3|   5.000E+01|                 Infinity|   1.4605155945924649E-02|       4688|
 3|   6.000E+01|                 Infinity|   1.5205718425394109E-02|       4325|
 3|   7.000E+01|                 Infinity|   1.6192341538169387E-02|       3814|
 3|   8.000E+01|                 Infinity|   1.6788356946826864E-02|       3548|
 3|   9.000E+01|                 Infinity|   1.7506182962730890E-02|       3263|
 3|   1.000E+02|                 Infinity|   1.8598415854403409E-02|       2891|
 3|   1.100E+02|                 Infinity|   1.9600308903302492E-02|       2603|
 3|   1.200E+02|                 Infinity|   2.0395425411200103E-02|       2404|
 3|   1.300E+02|                 Infinity|   2.1770017209205406E-02|       2110|
 3|   1.400E+02|                 Infinity|   2.3408229439226113E-02|       1825|
 3|   1.500E+02|                 Infinity|   2.4814583349273254E-02|       1624|
 3|   1.600E+02|                 Infinity|   2.5700233102171361E-02|       1514|
 3|   1.700E+02|                 Infinity|   2.7961774421028408E-02|       1279|
 3|   1.800E+02|                 Infinity|   2.8571428571428571E-02|       1225|
 3|   1.900E+02|                 Infinity|   3.0919620705155318E-02|       1046|
 3|   2.000E+02|                 Infinity|   3.2581760622553732E-02|        942|
 3|   2.100E+02|                 Infinity|   3.4199278402838471E-02|        855|
 3|   2.200E+02|                 Infinity|   3.6735917918532250E-02|        741|
 3|   2.300E+02|                 Infinity|   3.8152379685825785E-02|        687|
 3|   2.400E+02|                 Infinity|   4.1134503489486357E-02|        591|
 3|   2.500E+02|                 Infinity|   4.1522739926869986E-02|        580|
 3|   2.600E+02|                 Infinity|   4.5221563164613454E-02|        489|
 3|   2.700E+02|                 Infinity|   4.8336824452283177E-02|        428|
 3|   2.800E+02|                 Infinity|   5.2631578947368418E-02|        361|
 3|   2.900E+02|                 Infinity|   5.4964970992931267E-02|        331|
 3|   3.000E+02|                 Infinity|   5.9028133610095526E-02|        287|
 3|   3.100E+02|                 Infinity|   6.0412209333017698E-02|        274|
 3|   3.200E+02|                 Infinity|   6.4684622735315084E-02|        239|
 3|   3.300E+02|                 Infinity|   7.0359754473029182E-02|        202|
 3|   3.400E+02|                 Infinity|   7.1981575074869450E-02|        193|
 3|   3.500E+02|                 Infinity|   7.9305158571814416E-02|        159|
 3|   3.600E+02|                 Infinity|   8.8388347648318433E-02|        128|
 3|   3.700E+02|                 Infinity|   8.7370405666103795E-02|        131|
 3|   3.800E+02|                 Infinity|   9.6673648904566353E-02|        107|
 3|   3.900E+02|                 Infinity|   9.2450032704204849E-02|        117|
 3|   4.000E+02|                 Infinity|   1.0846522890932808E-01|         85|
 3|   4.100E+02|                 Infinity|   1.1111111111111110E-01|         81|
 3|   4.200E+02|                 Infinity|   1.2038585308576920E-01|         69|
 3|   4.300E+02|                 Infinity|   1.4433756729740646E-01|         48|
 3|   4.400E+02|                 Infinity|   1.3018891098082389E-01|         59|
 3|   4.500E+02|                 Infinity|   1.3867504905630729E-01|         52|
 3|   4.600E+02|                 Infinity|   1.6666666666666666E-01|         36|
 3|   4.700E+02|                 Infinity|   1.4586499149789456E-01|         47|
 3|   4.800E+02|                 Infinity|   1.7677669529663687E-01|         32|
 3|   4.900E+02|                 Infinity|   1.7407765595569785E-01|         33|
# integrated result:   4.2746120611335432E-03
#
# Histogram 4: pT(j1)                                            
 4|   0.000E+00|                      NaN|   0.0000000000000000E+00|          0|
 4|   1.000E+01|                 Infinity|   5.3605626741889741E-02|        348|
 4|   2.000E+01|                 Infinity|   2.5734250632748937E-02|       1510|
 4|   3.000E+01|                 Infinity|   1.5285446012893578E-02|       4280|
 4|   4.000E+01|                 Infinity|   9.7427762781496213E-03|      10535|
 4|   5.000E+01|                 Infinity|   9.5809001601919810E-03|      10894|
 4|   6.000E+01|                 Infinity|   1.1041133072716787E-02|       8203|
 4|   7.000E+01|                 Infinity|   1.2515654358043972E-02|       6384|
 4|   8.000E+01|                 Infinity|   1.3831642326321026E-02|       5227|
 4|   9.000E+01|                 Infinity|   1.5474611514754323E-02|       4176|
 4|   1.000E+02|                 Infinity|   1.6847818622482767E-02|       3523|
 4|   1.100E+02|                 Infinity|   1.8269602381046739E-02|       2996|
 4|   1.200E+02|                 Infinity|   2.0463637726751450E-02|       2388|
 4|   1.300E+02|                 Infinity|   2.1816595214404266E-02|       2101|
 4|   1.400E+02|                 Infinity|   2.3870495801314430E-02|       1755|
 4|   1.500E+02|                 Infinity|   2.6388990698462976E-02|       1436|
 4|   1.600E+02|                 Infinity|   2.7492869961410749E-02|       1323|
 4|   1.700E+02|                 Infinity|   3.1068488300060003E-02|       1036|
 4|   1.800E+02|                 Infinity|   3.3576713893653728E-02|        887|
 4|   1.900E+02|                 Infinity|   3.7087947077614203E-02|        727|
 4|   2.000E+02|                 Infinity|   3.8866103716823586E-02|        662|
 4|   2.100E+02|                 Infinity|   4.3113061355922688E-02|        538|
 4|   2.200E+02|                 Infinity|   4.7140452079103168E-02|        450|
 4|   2.300E+02|                 Infinity|   4.7727395990334764E-02|        439|
 4|   2.400E+02|                 Infinity|   5.4554472558998097E-02|        336|
 4|   2.500E+02|                 Infinity|   5.8823529411764705E-02|        289|
 4|   2.600E+02|                 Infinity|   6.2017367294604234E-02|        260|
 4|   2.700E+02|                 Infinity|   7.0186240634359645E-02|        203|
 4|   2.800E+02|                 Infinity|   7.2932495748947279E-02|        188|
 4|   2.900E+02|                 Infinity|   7.7151674981045956E-02|        168|
 4|   3.000E+02|                 Infinity|   8.8735650941611385E-02|        127|
 4|   3.100E+02|                 Infinity|   9.5346258924559238E-02|        110|
 4|   3.200E+02|                 Infinity|   1.0721125348377948E-01|         87|
 4|   3.300E+02|                 Infinity|   1.1250879009260240E-01|         79|
 4|   3.400E+02|                 Infinity|   1.3018891098082389E-01|         59|
 4|   3.500E+02|                 Infinity|   1.3245323570650439E-01|         57|
 4|   3.600E+02|                 Infinity|   1.4285714285714285E-01|         49|
 4|   3.700E+02|                 Infinity|   1.4002800840280097E-01|         51|
 4|   3.800E+02|                 Infinity|   1.5617376188860607E-01|         41|
 4|   3.900E+02|                 Infinity|   1.6439898730535729E-01|         37|
 4|   4.000E+02|                 Infinity|   1.7149858514250882E-01|         34|
 4|   4.100E+02|                 Infinity|   2.0000000000000001E-01|         25|
 4|   4.200E+02|                 Infinity|   2.5000000000000000E-01|         16|
 4|   4.300E+02|                 Infinity|   1.7677669529663687E-01|         32|
 4|   4.400E+02|                 Infinity|   2.1821789023599239E-01|         21|
 4|   4.500E+02|                 Infinity|   2.2941573387056174E-01|         19|
 4|   4.600E+02|                 Infinity|   3.1622776601683794E-01|         10|
 4|   4.700E+02|                 Infinity|   3.3333333333333331E-01|          9|
 4|   4.800E+02|                 Infinity|   5.0000000000000000E-01|          4|
 4|   4.900E+02|                 Infinity|   3.1622776601683794E-01|         10|
# integrated result:   4.2746120611335363E-03
#
# Histogram 5: dy(j1,j2)                                         
 5|  -5.000E+00|                      NaN|   0.0000000000000000E+00|          0|
 5|  -4.800E+00|                      NaN|   0.0000000000000000E+00|          0|
 5|  -4.600E+00|                      NaN|   0.0000000000000000E+00|          0|
 5|  -4.400E+00|                 Infinity|   5.7735026918962584E-01|          3|
 5|  -4.200E+00|                 Infinity|   2.8867513459481292E-01|         12|
 5|  -4.000E+00|                 Infinity|   2.2941573387056174E-01|         19|
 5|  -3.800E+00|                 Infinity|   1.4744195615489714E-01|         46|
 5|  -3.600E+00|                 Infinity|   1.0050378152592121E-01|         99|
 5|  -3.400E+00|                 Infinity|   6.3757671306333821E-02|        246|
 5|  -3.200E+00|                 Infinity|   5.1639777949432225E-02|        375|
 5|  -3.000E+00|                 Infinity|   4.4811071494822087E-02|        498|
 5|  -2.800E+00|                 Infinity|   4.1451333614483915E-02|        582|
 5|  -2.600E+00|                 Infinity|   3.8291979053374177E-02|        682|
 5|  -2.400E+00|                 Infinity|   3.3520076157699544E-02|        890|
 5|  -2.200E+00|                 Infinity|   2.9323117635391110E-02|       1163|
 5|  -2.000E+00|                 Infinity|   2.5102185616940248E-02|       1587|
 5|  -1.800E+00|                 Infinity|   2.1621937503220529E-02|       2139|
 5|  -1.600E+00|                 Infinity|   1.8427115179918692E-02|       2945|
 5|  -1.400E+00|                 Infinity|   1.6000512024577310E-02|       3906|
 5|  -1.200E+00|                 Infinity|   1.4046939013857685E-02|       5068|
 5|  -1.000E+00|                 Infinity|   1.3758139056883268E-02|       5283|
 5|  -8.000E-01|                 Infinity|   1.2083323893240230E-02|       6849|
 5|  -6.000E-01|                 Infinity|   1.2268322620297912E-02|       6644|
 5|  -4.000E-01|                 Infinity|   1.3327411355100583E-02|       5630|
 5|  -2.000E-01|                 Infinity|   1.4707472779848216E-02|       4623|
 5|   0.000E+00|                 Infinity|   1.7102139697038572E-02|       3419|
 5|   2.000E-01|                 Infinity|   1.7114658650253710E-02|       3414|
 5|   4.000E-01|                 Infinity|   1.7102139697038572E-02|       3419|
 5|   6.000E-01|                 Infinity|   1.6871780828622195E-02|       3513|
 5|   8.000E-01|                 Infinity|   1.7027598561932179E-02|       3449|
 5|   1.000E+00|                 Infinity|   2.0506619579876550E-02|       2378|
 5|   1.200E+00|                 Infinity|   2.5294174537134732E-02|       1563|
 5|   1.400E+00|                 Infinity|   2.8724249481071301E-02|       1212|
 5|   1.600E+00|                 Infinity|   3.2530002431617772E-02|        945|
 5|   1.800E+00|                 Infinity|   3.8662233651352955E-02|        669|
 5|   2.000E+00|                 Infinity|   5.1847584736521263E-02|        372|
 5|   2.200E+00|                 Infinity|   6.0858061945018457E-02|        270|
 5|   2.400E+00|                 Infinity|   8.8735650941611385E-02|        127|
 5|   2.600E+00|                 Infinity|   1.1624763874381928E-01|         74|
 5|   2.800E+00|                 Infinity|   1.3608276348795434E-01|         54|
 5|   3.000E+00|                 Infinity|   2.2360679774997896E-01|         20|
 5|   3.200E+00|                 Infinity|   2.2360679774997896E-01|         20|
 5|   3.400E+00|                 Infinity|   2.6726124191242440E-01|         14|
 5|   3.600E+00|                 Infinity|   4.4721359549995793E-01|          5|
 5|   3.800E+00|                 Infinity|   5.0000000000000000E-01|          4|
 5|   4.000E+00|                 Infinity|   7.0710678118654746E-01|          2|
 5|   4.200E+00|                 Infinity|   1.0000000000000000E+00|          1|
 5|   4.400E+00|                      NaN|   0.0000000000000000E+00|          0|
 5|   4.600E+00|                      NaN|   0.0000000000000000E+00|          0|
 5|   4.800E+00|                      NaN|   0.0000000000000000E+00|          0|
# integrated result:   4.2746120611335424E-03
#
# Histogram 6: mz1                                               
 6|   0.000E+00|                      NaN|   0.0000000000000000E+00|          0|
 6|   2.000E+00|                      NaN|   0.0000000000000000E+00|          0|
 6|   4.000E+00|                 Infinity|   3.1143732993214979E-02|       1031|
 6|   6.000E+00|                 Infinity|   2.4007683688367181E-02|       1735|
 6|   8.000E+00|                 Infinity|   4.7298376984040214E-02|        447|
 6|   1.000E+01|                 Infinity|   5.7166195047502949E-02|        306|
 6|   1.200E+01|                 Infinity|   2.2899429009856372E-02|       1907|
 6|   1.400E+01|                 Infinity|   2.9210311891849298E-02|       1172|
 6|   1.600E+01|                 Infinity|   6.4150029909958411E-02|        243|
 6|   1.800E+01|                 Infinity|   7.3127242412713067E-02|        187|
 6|   2.000E+01|                 Infinity|   6.8041381743977170E-02|        216|
 6|   2.200E+01|                 Infinity|   6.8680281974344518E-02|        212|
 6|   2.400E+01|                 Infinity|   1.3245323570650439E-01|         57|
 6|   2.600E+01|                 Infinity|   1.3130643285972254E-01|         58|
 6|   2.800E+01|                 Infinity|   1.2909944487358055E-01|         60|
 6|   3.000E+01|                 Infinity|   1.2403473458920847E-01|         65|
 6|   3.200E+01|                 Infinity|   1.1111111111111110E-01|         81|
 6|   3.400E+01|                 Infinity|   1.0660035817780521E-01|         88|
 6|   3.600E+01|                 Infinity|   1.0721125348377948E-01|         87|
 6|   3.800E+01|                 Infinity|   1.0369516947304253E-01|         93|
 6|   4.000E+01|                 Infinity|   1.1043152607484653E-01|         82|
 6|   4.200E+01|                 Infinity|   1.0721125348377948E-01|         87|
 6|   4.400E+01|                 Infinity|   1.0425720702853739E-01|         92|
 6|   4.600E+01|                 Infinity|   9.3250480824031381E-02|        115|
 6|   4.800E+01|                 Infinity|   8.5125653075874858E-02|        138|
 6|   5.000E+01|                 Infinity|   9.2847669088525930E-02|        116|
 6|   5.200E+01|                 Infinity|   9.0535746042518531E-02|        122|
 6|   5.400E+01|                 Infinity|   9.2057461789832346E-02|        118|
 6|   5.600E+01|                 Infinity|   8.7038827977848926E-02|        132|
 6|   5.800E+01|                 Infinity|   8.6066296582387042E-02|        135|
 6|   6.000E+01|                 Infinity|   8.1923192051904056E-02|        149|
 6|   6.200E+01|                 Infinity|   7.6028592126970551E-02|        173|
 6|   6.400E+01|                 Infinity|   7.2547625011001163E-02|        190|
 6|   6.600E+01|                 Infinity|   7.2739296745330792E-02|        189|
 6|   6.800E+01|                 Infinity|   7.6923076923076927E-02|        169|
 6|   7.000E+01|                 Infinity|   7.3922127095457285E-02|        183|
 6|   7.200E+01|                 Infinity|   6.6815310478106099E-02|        224|
 6|   7.400E+01|                 Infinity|   5.2999894000318001E-02|        356|
 6|   7.600E+01|                 Infinity|   4.5786854649563009E-02|        477|
 6|   7.800E+01|                 Infinity|   4.5454545454545456E-02|        484|
 6|   8.000E+01|                 Infinity|   4.9507377148833721E-02|        408|
 6|   8.200E+01|                 Infinity|   4.0356715613563091E-02|        614|
 6|   8.400E+01|                 Infinity|   3.1481427501027934E-02|       1009|
 6|   8.600E+01|                 Infinity|   2.0207175225248872E-02|       2449|
 6|   8.800E+01|                 Infinity|   9.4796311964346451E-03|      11128|
 6|   9.000E+01|                 Infinity|   7.0836524738240219E-03|      19929|
 6|   9.200E+01|                 Infinity|   7.9946294129458403E-03|      15646|
 6|   9.400E+01|                 Infinity|   2.1276595744680851E-02|       2209|
 6|   9.600E+01|                 Infinity|   3.7450294313656908E-02|        713|
 6|   9.800E+01|                 Infinity|   5.8621038176054921E-02|        291|
 6|   1.000E+02|                 Infinity|   6.9504804685691590E-02|        207|
 6|   1.020E+02|                 Infinity|   5.6254395046301198E-02|        316|
 6|   1.040E+02|                 Infinity|   3.2478490123081544E-02|        948|
 6|   1.060E+02|                 Infinity|   2.8005601680560200E-02|       1275|
 6|   1.080E+02|                 Infinity|   3.0513909884867668E-02|       1074|
 6|   1.100E+02|                 Infinity|   3.2686022523030669E-02|        936|
 6|   1.120E+02|                 Infinity|   3.7011660509880265E-02|        730|
 6|   1.140E+02|                 Infinity|   3.9013715732043520E-02|        657|
 6|   1.160E+02|                 Infinity|   4.5883146774112350E-02|        475|
 6|   1.180E+02|                 Infinity|   5.4392829322042119E-02|        338|
 6|   1.200E+02|                 Infinity|   8.8045090632562384E-02|        129|
 6|   1.220E+02|                 Infinity|   1.1396057645963795E-01|         77|
 6|   1.240E+02|                 Infinity|   1.1704114719613057E-01|         73|
 6|   1.260E+02|                 Infinity|   1.6012815380508713E-01|         39|
 6|   1.280E+02|                 Infinity|   1.3363062095621220E-01|         56|
 6|   1.300E+02|                 Infinity|   1.3608276348795434E-01|         54|
 6|   1.320E+02|                 Infinity|   1.4586499149789456E-01|         47|
 6|   1.340E+02|                 Infinity|   1.5075567228888181E-01|         44|
 6|   1.360E+02|                 Infinity|   1.5249857033260467E-01|         43|
 6|   1.380E+02|                 Infinity|   1.5617376188860607E-01|         41|
 6|   1.400E+02|                 Infinity|   1.5249857033260467E-01|         43|
 6|   1.420E+02|                 Infinity|   2.0412414523193154E-01|         24|
 6|   1.440E+02|                 Infinity|   1.6903085094570330E-01|         35|
 6|   1.460E+02|                 Infinity|   1.6903085094570330E-01|         35|
 6|   1.480E+02|                 Infinity|   2.0851441405707477E-01|         23|
 6|   1.500E+02|                 Infinity|   2.3570226039551587E-01|         18|
 6|   1.520E+02|                 Infinity|   2.0851441405707477E-01|         23|
 6|   1.540E+02|                 Infinity|   2.8867513459481292E-01|         12|
 6|   1.560E+02|                 Infinity|   2.8867513459481292E-01|         12|
 6|   1.580E+02|                 Infinity|   2.2360679774997896E-01|         20|
 6|   1.600E+02|                 Infinity|   3.7796447300922720E-01|          7|
 6|   1.620E+02|                 Infinity|   2.6726124191242440E-01|         14|
 6|   1.640E+02|                 Infinity|   3.1622776601683794E-01|         10|
 6|   1.660E+02|                 Infinity|   2.8867513459481292E-01|         12|
 6|   1.680E+02|                 Infinity|   2.5819888974716110E-01|         15|
 6|   1.700E+02|                 Infinity|   2.8867513459481292E-01|         12|
 6|   1.720E+02|                 Infinity|   3.5355339059327373E-01|          8|
 6|   1.740E+02|                 Infinity|   3.7796447300922720E-01|          7|
 6|   1.760E+02|                 Infinity|   2.7735009811261457E-01|         13|
 6|   1.780E+02|                 Infinity|   3.7796447300922720E-01|          7|
 6|   1.800E+02|                 Infinity|   3.1622776601683794E-01|         10|
 6|   1.820E+02|                 Infinity|   4.4721359549995793E-01|          5|
 6|   1.840E+02|                 Infinity|   3.0151134457776363E-01|         11|
 6|   1.860E+02|                 Infinity|   4.0824829046386307E-01|          6|
 6|   1.880E+02|                 Infinity|   3.3333333333333331E-01|          9|
 6|   1.900E+02|                 Infinity|   5.7735026918962584E-01|          3|
 6|   1.920E+02|                 Infinity|   3.7796447300922720E-01|          7|
 6|   1.940E+02|                 Infinity|   3.5355339059327373E-01|          8|
 6|   1.960E+02|                 Infinity|   7.0710678118654746E-01|          2|
 6|   1.980E+02|                 Infinity|   7.0710678118654746E-01|          2|
# integrated result:   4.2746120611335337E-03
#
# Histogram 7: mz2                                               
 7|   0.000E+00|                      NaN|   0.0000000000000000E+00|          0|
 7|   2.000E+00|                      NaN|   0.0000000000000000E+00|          0|
 7|   4.000E+00|                 Infinity|   3.9809371432901648E-02|        631|
 7|   6.000E+00|                 Infinity|   4.5175395145262566E-02|        490|
 7|   8.000E+00|                 Infinity|   4.7457899787624949E-02|        444|
 7|   1.000E+01|                 Infinity|   4.6274481338274755E-02|        467|
 7|   1.200E+01|                 Infinity|   4.6028730894916173E-02|        472|
 7|   1.400E+01|                 Infinity|   4.8280454958526758E-02|        429|
 7|   1.600E+01|                 Infinity|   4.4946657497549475E-02|        495|
 7|   1.800E+01|                 Infinity|   4.5175395145262566E-02|        490|
 7|   2.000E+01|                 Infinity|   4.6028730894916173E-02|        472|
 7|   2.200E+01|                 Infinity|   4.8168305085908802E-02|        431|
 7|   2.400E+01|                 Infinity|   4.7245559126153400E-02|        448|
 7|   2.600E+01|                 Infinity|   4.7404546313997722E-02|        445|
 7|   2.800E+01|                 Infinity|   4.7404546313997722E-02|        445|
 7|   3.000E+01|                 Infinity|   4.8450158311150918E-02|        426|
 7|   3.200E+01|                 Infinity|   5.2342392259021375E-02|        365|
 7|   3.400E+01|                 Infinity|   4.9690399499995326E-02|        405|
 7|   3.600E+01|                 Infinity|   4.9266463908214660E-02|        412|
 7|   3.800E+01|                 Infinity|   5.1164451009665081E-02|        382|
 7|   4.000E+01|                 Infinity|   5.0188561322849559E-02|        397|
 7|   4.200E+01|                 Infinity|   4.7673129462279619E-02|        440|
 7|   4.400E+01|                 Infinity|   5.1639777949432225E-02|        375|
 7|   4.600E+01|                 Infinity|   5.1639777949432225E-02|        375|
 7|   4.800E+01|                 Infinity|   5.0000000000000003E-02|        400|
 7|   5.000E+01|                 Infinity|   4.9875466805381644E-02|        402|
 7|   5.200E+01|                 Infinity|   5.0062617432175889E-02|        399|
 7|   5.400E+01|                 Infinity|   5.1708768999501914E-02|        374|
 7|   5.600E+01|                 Infinity|   4.9206783130512292E-02|        413|
 7|   5.800E+01|                 Infinity|   4.9751859510499458E-02|        404|
 7|   6.000E+01|                 Infinity|   5.0898659855928764E-02|        386|
 7|   6.200E+01|                 Infinity|   5.1434449987363969E-02|        378|
 7|   6.400E+01|                 Infinity|   5.0767308256680958E-02|        388|
 7|   6.600E+01|                 Infinity|   4.9937616943892232E-02|        401|
 7|   6.800E+01|                 Infinity|   4.9629166698546508E-02|        406|
 7|   7.000E+01|                 Infinity|   3.7371754637596795E-02|        716|
 7|   7.200E+01|                 Infinity|   3.7635496474749071E-02|        706|
 7|   7.400E+01|                 Infinity|   4.0893041005476534E-02|        598|
 7|   7.600E+01|                 Infinity|   3.9103094350288754E-02|        654|
 7|   7.800E+01|                 Infinity|   4.1344911529736156E-02|        585|
 7|   8.000E+01|                 Infinity|   4.4811071494822087E-02|        498|
 7|   8.200E+01|                 Infinity|   4.2371359860703575E-02|        557|
 7|   8.400E+01|                 Infinity|   2.7027027027027029E-02|       1369|
 7|   8.600E+01|                 Infinity|   2.0370021093167764E-02|       2410|
 7|   8.800E+01|                 Infinity|   1.2095692583654463E-02|       6835|
 7|   9.000E+01|                 Infinity|   6.1550408576045729E-03|      26396|
 7|   9.200E+01|                 Infinity|   8.8882744121452761E-03|      12658|
 7|   9.400E+01|                 Infinity|   2.5498922693273831E-02|       1538|
 7|   9.600E+01|                 Infinity|   2.1320071635561041E-02|       2200|
 7|   9.800E+01|                 Infinity|   2.9920814623220059E-02|       1117|
 7|   1.000E+02|                 Infinity|   4.4856130401625657E-02|        497|
 7|   1.020E+02|                 Infinity|   6.5094455490411943E-02|        236|
 7|   1.040E+02|                 Infinity|   8.5435765771676095E-02|        137|
 7|   1.060E+02|                 Infinity|   1.0259783520851541E-01|         95|
 7|   1.080E+02|                 Infinity|   1.4285714285714285E-01|         49|
 7|   1.100E+02|                 Infinity|   1.5617376188860607E-01|         41|
 7|   1.120E+02|                 Infinity|   1.5811388300841897E-01|         40|
 7|   1.140E+02|                 Infinity|   1.9245008972987526E-01|         27|
 7|   1.160E+02|                 Infinity|   2.5819888974716110E-01|         15|
 7|   1.180E+02|                 Infinity|   2.1320071635561041E-01|         22|
 7|   1.200E+02|                 Infinity|   2.8867513459481292E-01|         12|
 7|   1.220E+02|                 Infinity|   2.8867513459481292E-01|         12|
 7|   1.240E+02|                 Infinity|   3.7796447300922720E-01|          7|
 7|   1.260E+02|                 Infinity|   2.7735009811261457E-01|         13|
 7|   1.280E+02|                 Infinity|   3.7796447300922720E-01|          7|
 7|   1.300E+02|                 Infinity|   5.0000000000000000E-01|          4|
 7|   1.320E+02|                 Infinity|   3.1622776601683794E-01|         10|
 7|   1.340E+02|                 Infinity|   5.0000000000000000E-01|          4|
 7|   1.360E+02|                 Infinity|   3.7796447300922720E-01|          7|
 7|   1.380E+02|                 Infinity|   3.7796447300922720E-01|          7|
 7|   1.400E+02|                 Infinity|   5.7735026918962584E-01|          3|
 7|   1.420E+02|                 Infinity|   5.0000000000000000E-01|          4|
 7|   1.440E+02|                 Infinity|   7.0710678118654746E-01|          2|
 7|   1.460E+02|                 Infinity|   5.0000000000000000E-01|          4|
 7|   1.480E+02|                 Infinity|   4.0824829046386307E-01|          6|
 7|   1.500E+02|                 Infinity|   7.0710678118654746E-01|          2|
 7|   1.520E+02|                 Infinity|   7.0710678118654746E-01|          2|
 7|   1.540E+02|                 Infinity|   5.7735026918962584E-01|          3|
 7|   1.560E+02|                 Infinity|   1.0000000000000000E+00|          1|
 7|   1.580E+02|                 Infinity|   7.0710678118654746E-01|          2|
 7|   1.600E+02|                 Infinity|   7.0710678118654746E-01|          2|
 7|   1.620E+02|                 Infinity|   1.0000000000000000E+00|          1|
 7|   1.640E+02|                 Infinity|   7.0710678118654746E-01|          2|
 7|   1.660E+02|                 Infinity|   5.0000000000000000E-01|          4|
 7|   1.680E+02|                 Infinity|   1.0000000000000000E+00|          1|
 7|   1.700E+02|                 Infinity|   5.7735026918962584E-01|          3|
 7|   1.720E+02|                 Infinity|   5.7735026918962584E-01|          3|
 7|   1.740E+02|                      NaN|   0.0000000000000000E+00|          0|
 7|   1.760E+02|                      NaN|   0.0000000000000000E+00|          0|
 7|   1.780E+02|                 Infinity|   1.0000000000000000E+00|          1|
 7|   1.800E+02|                 Infinity|   1.0000000000000000E+00|          1|
 7|   1.820E+02|                 Infinity|   1.0000000000000000E+00|          1|
 7|   1.840E+02|                      NaN|   0.0000000000000000E+00|          0|
 7|   1.860E+02|                 Infinity|   1.0000000000000000E+00|          1|
 7|   1.880E+02|                      NaN|   0.0000000000000000E+00|          0|
 7|   1.900E+02|                 Infinity|   1.0000000000000000E+00|          1|
 7|   1.920E+02|                 Infinity|   7.0710678118654746E-01|          2|
 7|   1.940E+02|                 Infinity|   7.0710678118654746E-01|          2|
 7|   1.960E+02|                 Infinity|   1.0000000000000000E+00|          1|
 7|   1.980E+02|                 Infinity|   1.0000000000000000E+00|          1|
# integrated result:   4.2746120611335302E-03
#
# Histogram 8: m_4l                                              
 8|   1.000E+02|                 Infinity|   1.4930362951083685E-02|       4486|
 8|   1.400E+02|                 Infinity|   1.0379007475986210E-02|       9283|
 8|   1.800E+02|                 Infinity|   8.8819614673635670E-03|      12676|
 8|   2.200E+02|                 Infinity|   9.6176078771349188E-03|      10811|
 8|   2.600E+02|                 Infinity|   1.1285934133245988E-02|       7851|
 8|   3.000E+02|                 Infinity|   1.3110315452406242E-02|       5818|
 8|   3.400E+02|                 Infinity|   1.4623884514353086E-02|       4676|
 8|   3.800E+02|                 Infinity|   1.6101827902747459E-02|       3857|
 8|   4.200E+02|                 Infinity|   1.8190840670926210E-02|       3022|
 8|   4.600E+02|                 Infinity|   2.0236116462908824E-02|       2442|
 8|   5.000E+02|                 Infinity|   2.4014605321403707E-02|       1734|
 8|   5.400E+02|                 Infinity|   2.7650063180466550E-02|       1308|
 8|   5.800E+02|                 Infinity|   3.1622776601683791E-02|       1000|
 8|   6.200E+02|                 Infinity|   3.8778336716474064E-02|        665|
 8|   6.600E+02|                 Infinity|   4.2601432284230495E-02|        551|
 8|   7.000E+02|                 Infinity|   5.2999894000318001E-02|        356|
 8|   7.400E+02|                 Infinity|   6.1084722178152612E-02|        268|
 8|   7.800E+02|                 Infinity|   7.6028592126970551E-02|        173|
 8|   8.200E+02|                 Infinity|   8.1110710565381272E-02|        152|
 8|   8.600E+02|                 Infinity|   9.4072086838359728E-02|        113|
 8|   9.000E+02|                 Infinity|   1.0976425998969035E-01|         83|
 8|   9.400E+02|                 Infinity|   1.2403473458920847E-01|         65|
 8|   9.800E+02|                 Infinity|   1.3483997249264842E-01|         55|
 8|   1.020E+03|                 Infinity|   1.4907119849998599E-01|         45|
 8|   1.060E+03|                 Infinity|   1.8257418583505536E-01|         30|
 8|   1.100E+03|                 Infinity|   2.2360679774997896E-01|         20|
 8|   1.140E+03|                 Infinity|   2.6726124191242440E-01|         14|
 8|   1.180E+03|                 Infinity|   2.5819888974716110E-01|         15|
 8|   1.220E+03|                 Infinity|   2.7735009811261457E-01|         13|
 8|   1.260E+03|                 Infinity|   3.5355339059327373E-01|          8|
 8|   1.300E+03|                 Infinity|   3.0151134457776363E-01|         11|
 8|   1.340E+03|                 Infinity|   3.5355339059327373E-01|          8|
 8|   1.380E+03|                 Infinity|   3.5355339059327373E-01|          8|
 8|   1.420E+03|                 Infinity|   3.3333333333333331E-01|          9|
 8|   1.460E+03|                 Infinity|   4.4721359549995793E-01|          5|
 8|   1.500E+03|                 Infinity|   5.0000000000000000E-01|          4|
 8|   1.540E+03|                 Infinity|   5.0000000000000000E-01|          4|
 8|   1.580E+03|                 Infinity|   5.0000000000000000E-01|          4|
 8|   1.620E+03|                 Infinity|   3.5355339059327373E-01|          8|
 8|   1.660E+03|                 Infinity|   7.0710678118654746E-01|          2|
 8|   1.700E+03|                 Infinity|   7.0710678118654746E-01|          2|
 8|   1.740E+03|                 Infinity|   5.7735026918962584E-01|          3|
 8|   1.780E+03|                 Infinity|   5.7735026918962584E-01|          3|
 8|   1.820E+03|                      NaN|   0.0000000000000000E+00|          0|
 8|   1.860E+03|                 Infinity|   7.0710678118654746E-01|          2|
 8|   1.900E+03|                 Infinity|   5.7735026918962584E-01|          3|
 8|   1.940E+03|                 Infinity|   1.0000000000000000E+00|          1|
 8|   1.980E+03|                 Infinity|   7.0710678118654746E-01|          2|
 8|   2.020E+03|                 Infinity|   1.0000000000000000E+00|          1|
 8|   2.060E+03|                      NaN|   0.0000000000000000E+00|          0|
 8|   2.100E+03|                      NaN|   0.0000000000000000E+00|          0|
 8|   2.140E+03|                      NaN|   0.0000000000000000E+00|          0|
 8|   2.180E+03|                 Infinity|   1.0000000000000000E+00|          1|
 8|   2.220E+03|                 Infinity|   7.0710678118654746E-01|          2|
 8|   2.260E+03|                 Infinity|   7.0710678118654746E-01|          2|
 8|   2.300E+03|                 Infinity|   1.0000000000000000E+00|          1|
 8|   2.340E+03|                 Infinity|   1.0000000000000000E+00|          1|
 8|   2.380E+03|                 Infinity|   1.0000000000000000E+00|          1|
 8|   2.420E+03|                 Infinity|   1.0000000000000000E+00|          1|
 8|   2.460E+03|                 Infinity|   1.0000000000000000E+00|          1|
 8|   2.500E+03|                      NaN|   0.0000000000000000E+00|          0|
 8|   2.540E+03|                      NaN|   0.0000000000000000E+00|          0|
 8|   2.580E+03|                 Infinity|   7.0710678118654746E-01|          2|
 8|   2.620E+03|                      NaN|   0.0000000000000000E+00|          0|
 8|   2.660E+03|                 Infinity|   1.0000000000000000E+00|          1|
 8|   2.700E+03|                      NaN|   0.0000000000000000E+00|          0|
 8|   2.740E+03|                 Infinity|   7.0710678118654746E-01|          2|
 8|   2.780E+03|                 Infinity|   1.0000000000000000E+00|          1|
 8|   2.820E+03|                      NaN|   0.0000000000000000E+00|          0|
 8|   2.860E+03|                      NaN|   0.0000000000000000E+00|          0|
 8|   2.900E+03|                 Infinity|   1.0000000000000000E+00|          1|
 8|   2.940E+03|                      NaN|   0.0000000000000000E+00|          0|
 8|   2.980E+03|                      NaN|   0.0000000000000000E+00|          0|
 8|   3.020E+03|                      NaN|   0.0000000000000000E+00|          0|
 8|   3.060E+03|                      NaN|   0.0000000000000000E+00|          0|
 8|   3.100E+03|                      NaN|   0.0000000000000000E+00|          0|
 8|   3.140E+03|                      NaN|   0.0000000000000000E+00|          0|
 8|   3.180E+03|                      NaN|   0.0000000000000000E+00|          0|
 8|   3.220E+03|                      NaN|   0.0000000000000000E+00|          0|
 8|   3.260E+03|                      NaN|   0.0000000000000000E+00|          0|
 8|   3.300E+03|                 Infinity|   1.0000000000000000E+00|          1|
 8|   3.340E+03|                      NaN|   0.0000000000000000E+00|          0|
 8|   3.380E+03|                      NaN|   0.0000000000000000E+00|          0|
 8|   3.420E+03|                      NaN|   0.0000000000000000E+00|          0|
 8|   3.460E+03|                 Infinity|   1.0000000000000000E+00|          1|
 8|   3.500E+03|                      NaN|   0.0000000000000000E+00|          0|
 8|   3.540E+03|                      NaN|   0.0000000000000000E+00|          0|
 8|   3.580E+03|                      NaN|   0.0000000000000000E+00|          0|
 8|   3.620E+03|                      NaN|   0.0000000000000000E+00|          0|
 8|   3.660E+03|                      NaN|   0.0000000000000000E+00|          0|
 8|   3.700E+03|                      NaN|   0.0000000000000000E+00|          0|
 8|   3.740E+03|                      NaN|   0.0000000000000000E+00|          0|
 8|   3.780E+03|                      NaN|   0.0000000000000000E+00|          0|
 8|   3.820E+03|                      NaN|   0.0000000000000000E+00|          0|
 8|   3.860E+03|                      NaN|   0.0000000000000000E+00|          0|
 8|   3.900E+03|                      NaN|   0.0000000000000000E+00|          0|
 8|   3.940E+03|                      NaN|   0.0000000000000000E+00|          0|
 8|   3.980E+03|                      NaN|   0.0000000000000000E+00|          0|
 8|   4.020E+03|                 Infinity|   1.0000000000000000E+00|          1|
 8|   4.060E+03|                      NaN|   0.0000000000000000E+00|          0|
# integrated result:   4.2746120611335319E-03
#
# Histogram 9: m_4l                                              
 9|   8.500E+01|                 Infinity|   1.1624763874381928E-01|         74|
 9|   8.600E+01|                 Infinity|   1.3483997249264842E-01|         55|
 9|   8.700E+01|                 Infinity|   1.3130643285972254E-01|         58|
 9|   8.800E+01|                 Infinity|   1.7407765595569785E-01|         33|
 9|   8.900E+01|                 Infinity|   1.7960530202677491E-01|         31|
 9|   9.000E+01|                 Infinity|   1.8898223650461360E-01|         28|
 9|   9.100E+01|                 Infinity|   2.0412414523193154E-01|         24|
 9|   9.200E+01|                 Infinity|   2.0851441405707477E-01|         23|
 9|   9.300E+01|                 Infinity|   1.8569533817705186E-01|         29|
 9|   9.400E+01|                 Infinity|   1.7677669529663687E-01|         32|
 9|   9.500E+01|                 Infinity|   1.9611613513818404E-01|         26|
 9|   9.600E+01|                 Infinity|   1.4744195615489714E-01|         46|
 9|   9.700E+01|                 Infinity|   1.4142135623730950E-01|         50|
 9|   9.800E+01|                 Infinity|   1.5617376188860607E-01|         41|
 9|   9.900E+01|                 Infinity|   1.2803687993289598E-01|         61|
 9|   1.000E+02|                 Infinity|   1.4907119849998599E-01|         45|
 9|   1.010E+02|                 Infinity|   1.2403473458920847E-01|         65|
 9|   1.020E+02|                 Infinity|   1.2126781251816648E-01|         68|
 9|   1.030E+02|                 Infinity|   1.2309149097933272E-01|         66|
 9|   1.040E+02|                 Infinity|   1.2700012700019050E-01|         62|
 9|   1.050E+02|                 Infinity|   1.1043152607484653E-01|         82|
 9|   1.060E+02|                 Infinity|   1.1867816581938533E-01|         71|
 9|   1.070E+02|                 Infinity|   1.1396057645963795E-01|         77|
 9|   1.080E+02|                 Infinity|   1.1470786693528087E-01|         76|
 9|   1.090E+02|                 Infinity|   1.1322770341445956E-01|         78|
 9|   1.100E+02|                 Infinity|   1.1322770341445956E-01|         78|
 9|   1.110E+02|                 Infinity|   1.1111111111111110E-01|         81|
 9|   1.120E+02|                 Infinity|   1.0660035817780521E-01|         88|
 9|   1.130E+02|                 Infinity|   9.3658581158169399E-02|        114|
 9|   1.140E+02|                 Infinity|   1.0783277320343841E-01|         86|
 9|   1.150E+02|                 Infinity|   1.0369516947304253E-01|         93|
 9|   1.160E+02|                 Infinity|   9.9503719020998915E-02|        101|
 9|   1.170E+02|                 Infinity|   1.0101525445522107E-01|         98|
 9|   1.180E+02|                 Infinity|   9.4915799575249898E-02|        111|
 9|   1.190E+02|                 Infinity|   9.4072086838359728E-02|        113|
 9|   1.200E+02|                 Infinity|   9.7128586235726413E-02|        106|
 9|   1.210E+02|                 Infinity|   9.3658581158169399E-02|        114|
 9|   1.220E+02|                 Infinity|   9.8532927816429319E-02|        103|
 9|   1.230E+02|                 Infinity|   8.6066296582387042E-02|        135|
 9|   1.240E+02|                 Infinity|   8.4215192106651904E-02|        141|
 9|   1.250E+02|                 Infinity|   1.0369516947304253E-01|         93|
 9|   1.260E+02|                 Infinity|   9.0909090909090912E-02|        121|
 9|   1.270E+02|                 Infinity|   8.4215192106651904E-02|        141|
 9|   1.280E+02|                 Infinity|   8.3045479853739973E-02|        145|
 9|   1.290E+02|                 Infinity|   8.5125653075874858E-02|        138|
 9|   1.300E+02|                 Infinity|   8.0582296402538028E-02|        154|
 9|   1.310E+02|                 Infinity|   7.8567420131838608E-02|        162|
 9|   1.320E+02|                 Infinity|   8.7370405666103795E-02|        131|
 9|   1.330E+02|                 Infinity|   8.3624201000709081E-02|        143|
 9|   1.340E+02|                 Infinity|   7.8567420131838608E-02|        162|
# integrated result:   4.2746120611335155E-03
#
# Histogram10: Phi1                                              
10|  -3.142E+00|                 Infinity|   2.6216125254653815E-02|       1455|
10|  -2.985E+00|                 Infinity|   2.6028960314767677E-02|       1476|
10|  -2.827E+00|                 Infinity|   2.4753688574416861E-02|       1632|
10|  -2.670E+00|                 Infinity|   2.3755716907278995E-02|       1772|
10|  -2.513E+00|                 Infinity|   2.2762572680299270E-02|       1930|
10|  -2.356E+00|                 Infinity|   2.2628141110071019E-02|       1953|
10|  -2.199E+00|                 Infinity|   2.2581937608857242E-02|       1961|
10|  -2.042E+00|                 Infinity|   2.2605003945421219E-02|       1957|
10|  -1.885E+00|                 Infinity|   2.2541740866685808E-02|       1968|
10|  -1.728E+00|                 Infinity|   2.2097086912079608E-02|       2048|
10|  -1.571E+00|                 Infinity|   2.0779290873084565E-02|       2316|
10|  -1.414E+00|                 Infinity|   2.0370021093167764E-02|       2410|
10|  -1.257E+00|                 Infinity|   2.0654809619300690E-02|       2344|
10|  -1.100E+00|                 Infinity|   2.1837392736013945E-02|       2097|
10|  -9.425E-01|                 Infinity|   2.2513159974164022E-02|       1973|
10|  -7.854E-01|                 Infinity|   2.3856905993323491E-02|       1757|
10|  -6.283E-01|                 Infinity|   2.4633231954107330E-02|       1648|
10|  -4.713E-01|                 Infinity|   2.5700233102171361E-02|       1514|
10|  -3.142E-01|                 Infinity|   2.5269934785963448E-02|       1566|
10|  -1.571E-01|                 Infinity|   2.5854384499750957E-02|       1496|
10|  -3.000E-05|                 Infinity|   2.6064301757134346E-02|       1472|
10|   1.570E-01|                 Infinity|   2.6435052857271470E-02|       1431|
10|   3.141E-01|                 Infinity|   2.5474090105633382E-02|       1541|
10|   4.712E-01|                 Infinity|   2.5261870341913829E-02|       1567|
10|   6.283E-01|                 Infinity|   2.3769134427076417E-02|       1770|
10|   7.854E-01|                 Infinity|   2.2668802672263903E-02|       1946|
10|   9.424E-01|                 Infinity|   2.2321651006080835E-02|       2007|
10|   1.100E+00|                 Infinity|   2.0056236303005487E-02|       2486|
10|   1.257E+00|                 Infinity|   2.0190693024117065E-02|       2453|
10|   1.414E+00|                 Infinity|   2.0703445650635786E-02|       2333|
10|   1.571E+00|                 Infinity|   2.2037982136062999E-02|       2059|
10|   1.728E+00|                 Infinity|   2.2558941739747075E-02|       1965|
10|   1.885E+00|                 Infinity|   2.2581937608857242E-02|       1961|
10|   2.042E+00|                 Infinity|   2.2703830459324992E-02|       1940|
10|   2.199E+00|                 Infinity|   2.2680460581325723E-02|       1944|
10|   2.356E+00|                 Infinity|   2.3299960623099820E-02|       1842|
10|   2.513E+00|                 Infinity|   2.3931938620591269E-02|       1746|
10|   2.670E+00|                 Infinity|   2.4655683636076897E-02|       1645|
10|   2.827E+00|                 Infinity|   2.6370633137494492E-02|       1438|
10|   2.984E+00|                 Infinity|   2.6593487520457093E-02|       1414|
# integrated result:   4.2746120611335406E-03
#
