#
# column #1=histogram, #2=x-axis bin, #3=binned cross-section, #4=error, #5=number of events 
# this can be easily plotted in gnuplot with the commands:
#    NHi=3
#    plot 'output.dat' using ($2):($1==NHi ? $3 : 1/0) w st
# where NHi selects the histogram
#
#
# run time =      -0.00min
# TotCS =      1.3080536268E-02           3.41377E-03
#
# Histogram 1: m_jj                                              
 1|   0.000E+00|                      NaN|   0.0000000000000000E+00|          0|
 1|   5.000E+01|                 Infinity|   4.5550169425878405E-03|      48197|
 1|   1.000E+02|                 Infinity|   1.1571718104160847E-02|       7468|
 1|   1.500E+02|                 Infinity|   1.4255200087214454E-02|       4921|
 1|   2.000E+02|                 Infinity|   1.7134746284691572E-02|       3406|
 1|   2.500E+02|                 Infinity|   2.0806259464411975E-02|       2310|
 1|   3.000E+02|                 Infinity|   2.4868236565099691E-02|       1617|
 1|   3.500E+02|                 Infinity|   2.8964222318174613E-02|       1192|
 1|   4.000E+02|                 Infinity|   3.4773407121036048E-02|        827|
 1|   4.500E+02|                 Infinity|   4.1204282171516463E-02|        589|
 1|   5.000E+02|                 Infinity|   4.7298376984040214E-02|        447|
 1|   5.500E+02|                 Infinity|   5.7073014553534959E-02|        307|
 1|   6.000E+02|                 Infinity|   6.0971076084969232E-02|        269|
 1|   6.500E+02|                 Infinity|   7.6249285166302333E-02|        172|
 1|   7.000E+02|                 Infinity|   8.2199493652678646E-02|        148|
 1|   7.500E+02|                 Infinity|   1.0314212462587934E-01|         94|
 1|   8.000E+02|                 Infinity|   1.0599978800063600E-01|         89|
 1|   8.500E+02|                 Infinity|   1.5617376188860607E-01|         41|
 1|   9.000E+02|                 Infinity|   1.3608276348795434E-01|         54|
 1|   9.500E+02|                 Infinity|   2.2360679774997896E-01|         20|
 1|   1.000E+03|                 Infinity|   1.5811388300841897E-01|         40|
 1|   1.050E+03|                 Infinity|   2.0000000000000001E-01|         25|
 1|   1.100E+03|                 Infinity|   2.6726124191242440E-01|         14|
 1|   1.150E+03|                 Infinity|   2.2941573387056174E-01|         19|
 1|   1.200E+03|                 Infinity|   2.7735009811261457E-01|         13|
 1|   1.250E+03|                 Infinity|   3.7796447300922720E-01|          7|
 1|   1.300E+03|                 Infinity|   4.0824829046386307E-01|          6|
 1|   1.350E+03|                 Infinity|   4.4721359549995793E-01|          5|
 1|   1.400E+03|                 Infinity|   7.0710678118654746E-01|          2|
 1|   1.450E+03|                 Infinity|   5.7735026918962584E-01|          3|
 1|   1.500E+03|                 Infinity|   4.4721359549995793E-01|          5|
 1|   1.550E+03|                 Infinity|   7.0710678118654746E-01|          2|
 1|   1.600E+03|                 Infinity|   5.7735026918962584E-01|          3|
 1|   1.650E+03|                 Infinity|   5.7735026918962584E-01|          3|
 1|   1.700E+03|                 Infinity|   5.0000000000000000E-01|          4|
 1|   1.750E+03|                 Infinity|   1.0000000000000000E+00|          1|
 1|   1.800E+03|                      NaN|   0.0000000000000000E+00|          0|
 1|   1.850E+03|                 Infinity|   1.0000000000000000E+00|          1|
 1|   1.900E+03|                 Infinity|   1.0000000000000000E+00|          1|
 1|   1.950E+03|                 Infinity|   7.0710678118654746E-01|          2|
 1|   2.000E+03|                      NaN|   0.0000000000000000E+00|          0|
 1|   2.050E+03|                 Infinity|   1.0000000000000000E+00|          1|
 1|   2.100E+03|                 Infinity|   1.0000000000000000E+00|          1|
 1|   2.150E+03|                      NaN|   0.0000000000000000E+00|          0|
 1|   2.200E+03|                      NaN|   0.0000000000000000E+00|          0|
 1|   2.250E+03|                      NaN|   0.0000000000000000E+00|          0|
 1|   2.300E+03|                      NaN|   0.0000000000000000E+00|          0|
 1|   2.350E+03|                      NaN|   0.0000000000000000E+00|          0|
 1|   2.400E+03|                 Infinity|   1.0000000000000000E+00|          1|
 1|   2.450E+03|                 Infinity|   1.0000000000000000E+00|          1|
 1|   2.500E+03|                 Infinity|   1.0000000000000000E+00|          1|
 1|   2.550E+03|                      NaN|   0.0000000000000000E+00|          0|
 1|   2.600E+03|                      NaN|   0.0000000000000000E+00|          0|
 1|   2.650E+03|                      NaN|   0.0000000000000000E+00|          0|
 1|   2.700E+03|                      NaN|   0.0000000000000000E+00|          0|
 1|   2.750E+03|                      NaN|   0.0000000000000000E+00|          0|
 1|   2.800E+03|                      NaN|   0.0000000000000000E+00|          0|
 1|   2.850E+03|                 Infinity|   1.0000000000000000E+00|          1|
 1|   2.900E+03|                      NaN|   0.0000000000000000E+00|          0|
 1|   2.950E+03|                      NaN|   0.0000000000000000E+00|          0|
 1|   3.000E+03|                      NaN|   0.0000000000000000E+00|          0|
 1|   3.050E+03|                      NaN|   0.0000000000000000E+00|          0|
 1|   3.100E+03|                      NaN|   0.0000000000000000E+00|          0|
 1|   3.150E+03|                      NaN|   0.0000000000000000E+00|          0|
 1|   3.200E+03|                      NaN|   0.0000000000000000E+00|          0|
 1|   3.250E+03|                      NaN|   0.0000000000000000E+00|          0|
 1|   3.300E+03|                      NaN|   0.0000000000000000E+00|          0|
 1|   3.350E+03|                      NaN|   0.0000000000000000E+00|          0|
 1|   3.400E+03|                      NaN|   0.0000000000000000E+00|          0|
 1|   3.450E+03|                      NaN|   0.0000000000000000E+00|          0|
 1|   3.500E+03|                      NaN|   0.0000000000000000E+00|          0|
 1|   3.550E+03|                      NaN|   0.0000000000000000E+00|          0|
 1|   3.600E+03|                      NaN|   0.0000000000000000E+00|          0|
 1|   3.650E+03|                      NaN|   0.0000000000000000E+00|          0|
 1|   3.700E+03|                      NaN|   0.0000000000000000E+00|          0|
 1|   3.750E+03|                      NaN|   0.0000000000000000E+00|          0|
 1|   3.800E+03|                      NaN|   0.0000000000000000E+00|          0|
 1|   3.850E+03|                      NaN|   0.0000000000000000E+00|          0|
 1|   3.900E+03|                      NaN|   0.0000000000000000E+00|          0|
 1|   3.950E+03|                      NaN|   0.0000000000000000E+00|          0|
 1|   4.000E+03|                      NaN|   0.0000000000000000E+00|          0|
 1|   4.050E+03|                      NaN|   0.0000000000000000E+00|          0|
 1|   4.100E+03|                      NaN|   0.0000000000000000E+00|          0|
 1|   4.150E+03|                      NaN|   0.0000000000000000E+00|          0|
 1|   4.200E+03|                      NaN|   0.0000000000000000E+00|          0|
 1|   4.250E+03|                      NaN|   0.0000000000000000E+00|          0|
 1|   4.300E+03|                      NaN|   0.0000000000000000E+00|          0|
 1|   4.350E+03|                      NaN|   0.0000000000000000E+00|          0|
 1|   4.400E+03|                      NaN|   0.0000000000000000E+00|          0|
 1|   4.450E+03|                      NaN|   0.0000000000000000E+00|          0|
 1|   4.500E+03|                      NaN|   0.0000000000000000E+00|          0|
 1|   4.550E+03|                      NaN|   0.0000000000000000E+00|          0|
 1|   4.600E+03|                      NaN|   0.0000000000000000E+00|          0|
 1|   4.650E+03|                      NaN|   0.0000000000000000E+00|          0|
 1|   4.700E+03|                      NaN|   0.0000000000000000E+00|          0|
 1|   4.750E+03|                      NaN|   0.0000000000000000E+00|          0|
 1|   4.800E+03|                      NaN|   0.0000000000000000E+00|          0|
 1|   4.850E+03|                      NaN|   0.0000000000000000E+00|          0|
 1|   4.900E+03|                      NaN|   0.0000000000000000E+00|          0|
 1|   4.950E+03|                      NaN|   0.0000000000000000E+00|          0|
# integrated result:   1.3080536268040789E-02
#
# Histogram 2: m_jj                                              
 2|   0.000E+00|                      NaN|   0.0000000000000000E+00|          0|
 2|   2.000E+00|                      NaN|   0.0000000000000000E+00|          0|
 2|   4.000E+00|                      NaN|   0.0000000000000000E+00|          0|
 2|   6.000E+00|                      NaN|   0.0000000000000000E+00|          0|
 2|   8.000E+00|                      NaN|   0.0000000000000000E+00|          0|
 2|   1.000E+01|                      NaN|   0.0000000000000000E+00|          0|
 2|   1.200E+01|                      NaN|   0.0000000000000000E+00|          0|
 2|   1.400E+01|                      NaN|   0.0000000000000000E+00|          0|
 2|   1.600E+01|                      NaN|   0.0000000000000000E+00|          0|
 2|   1.800E+01|                      NaN|   0.0000000000000000E+00|          0|
 2|   2.000E+01|                      NaN|   0.0000000000000000E+00|          0|
 2|   2.200E+01|                      NaN|   0.0000000000000000E+00|          0|
 2|   2.400E+01|                      NaN|   0.0000000000000000E+00|          0|
 2|   2.600E+01|                      NaN|   0.0000000000000000E+00|          0|
 2|   2.800E+01|                      NaN|   0.0000000000000000E+00|          0|
 2|   3.000E+01|                      NaN|   0.0000000000000000E+00|          0|
 2|   3.200E+01|                      NaN|   0.0000000000000000E+00|          0|
 2|   3.400E+01|                      NaN|   0.0000000000000000E+00|          0|
 2|   3.600E+01|                      NaN|   0.0000000000000000E+00|          0|
 2|   3.800E+01|                      NaN|   0.0000000000000000E+00|          0|
 2|   4.000E+01|                      NaN|   0.0000000000000000E+00|          0|
 2|   4.200E+01|                      NaN|   0.0000000000000000E+00|          0|
 2|   4.400E+01|                      NaN|   0.0000000000000000E+00|          0|
 2|   4.600E+01|                      NaN|   0.0000000000000000E+00|          0|
 2|   4.800E+01|                      NaN|   0.0000000000000000E+00|          0|
 2|   5.000E+01|                      NaN|   0.0000000000000000E+00|          0|
 2|   5.200E+01|                      NaN|   0.0000000000000000E+00|          0|
 2|   5.400E+01|                      NaN|   0.0000000000000000E+00|          0|
 2|   5.600E+01|                      NaN|   0.0000000000000000E+00|          0|
 2|   5.800E+01|                      NaN|   0.0000000000000000E+00|          0|
 2|   6.000E+01|                      NaN|   0.0000000000000000E+00|          0|
 2|   6.200E+01|                      NaN|   0.0000000000000000E+00|          0|
 2|   6.400E+01|                      NaN|   0.0000000000000000E+00|          0|
 2|   6.600E+01|                      NaN|   0.0000000000000000E+00|          0|
 2|   6.800E+01|                      NaN|   0.0000000000000000E+00|          0|
 2|   7.000E+01|                 Infinity|   1.0238788585435431E-02|       9539|
 2|   7.200E+01|                 Infinity|   1.1695306504229626E-02|       7311|
 2|   7.400E+01|                 Infinity|   1.6609095970747993E-02|       3625|
 2|   7.600E+01|                 Infinity|   2.0545535708970802E-02|       2369|
 2|   7.800E+01|                 Infinity|   1.5638368577890114E-02|       4089|
 2|   8.000E+01|                 Infinity|   9.9160686218121592E-03|      10170|
 2|   8.200E+01|                 Infinity|   1.6439898730535727E-02|       3700|
 2|   8.400E+01|                 Infinity|   1.8637135707254341E-02|       2879|
 2|   8.600E+01|                 Infinity|   3.3806170189140665E-02|        875|
 2|   8.800E+01|                 Infinity|   3.2915400933831662E-02|        923|
 2|   9.000E+01|                 Infinity|   3.5967500063280318E-02|        773|
 2|   9.200E+01|                 Infinity|   4.2107596053325952E-02|        564|
 2|   9.400E+01|                 Infinity|   4.5314325442944378E-02|        487|
 2|   9.600E+01|                 Infinity|   4.8224282217041212E-02|        430|
 2|   9.800E+01|                 Infinity|   4.6473941234017310E-02|        463|
 2|   1.000E+02|                 Infinity|   4.8564293117863207E-02|        424|
 2|   1.020E+02|                 Infinity|   5.1366549693751415E-02|        379|
 2|   1.040E+02|                 Infinity|   5.0507627227610534E-02|        392|
 2|   1.060E+02|                 Infinity|   5.4153036107388232E-02|        341|
 2|   1.080E+02|                 Infinity|   5.5989251095585432E-02|        319|
 2|   1.100E+02|                 Infinity|   5.3760333057047034E-02|        346|
 2|   1.120E+02|                 Infinity|   5.5727821257535282E-02|        322|
 2|   1.140E+02|                 Infinity|   5.6343616981901101E-02|        315|
 2|   1.160E+02|                 Infinity|   5.4964970992931267E-02|        331|
 2|   1.180E+02|                 Infinity|   5.4554472558998097E-02|        336|
 2|   1.200E+02|                 Infinity|   5.7735026918962568E-02|        300|
 2|   1.220E+02|                 Infinity|   6.0412209333017698E-02|        274|
 2|   1.240E+02|                 Infinity|   6.0302268915552716E-02|        275|
 2|   1.260E+02|                 Infinity|   5.6165595630173037E-02|        317|
 2|   1.280E+02|                 Infinity|   5.8823529411764705E-02|        289|
 2|   1.300E+02|                 Infinity|   5.9028133610095526E-02|        287|
 2|   1.320E+02|                 Infinity|   6.1429511683395117E-02|        265|
 2|   1.340E+02|                 Infinity|   6.1199006136210460E-02|        267|
 2|   1.360E+02|                 Infinity|   6.2136976600120006E-02|        259|
 2|   1.380E+02|                 Infinity|   6.4018439966447988E-02|        244|
 2|   1.400E+02|                 Infinity|   6.3628476297577771E-02|        247|
 2|   1.420E+02|                 Infinity|   6.2257280636469035E-02|        258|
 2|   1.440E+02|                 Infinity|   6.3628476297577771E-02|        247|
 2|   1.460E+02|                 Infinity|   6.8358592702466331E-02|        214|
 2|   1.480E+02|                 Infinity|   6.7419986246324212E-02|        220|
 2|   1.500E+02|                 Infinity|   6.7573737839948592E-02|        219|
 2|   1.520E+02|                 Infinity|   6.6372331159997203E-02|        227|
 2|   1.540E+02|                 Infinity|   6.8358592702466331E-02|        214|
 2|   1.560E+02|                 Infinity|   6.7267279399631244E-02|        221|
 2|   1.580E+02|                 Infinity|   7.0534561585859828E-02|        201|
 2|   1.600E+02|                 Infinity|   6.9673301429161769E-02|        206|
 2|   1.620E+02|                 Infinity|   6.7419986246324212E-02|        220|
 2|   1.640E+02|                 Infinity|   6.6815310478106099E-02|        224|
 2|   1.660E+02|                 Infinity|   7.0014004201400484E-02|        204|
 2|   1.680E+02|                 Infinity|   6.7884423330213065E-02|        217|
 2|   1.700E+02|                 Infinity|   6.8680281974344518E-02|        212|
 2|   1.720E+02|                 Infinity|   6.9337524528153643E-02|        208|
 2|   1.740E+02|                 Infinity|   6.8518870982753166E-02|        213|
 2|   1.760E+02|                 Infinity|   7.2932495748947279E-02|        188|
 2|   1.780E+02|                 Infinity|   6.8680281974344518E-02|        212|
 2|   1.800E+02|                 Infinity|   7.4535599249992993E-02|        180|
 2|   1.820E+02|                 Infinity|   7.3521462209380772E-02|        185|
 2|   1.840E+02|                 Infinity|   7.3922127095457285E-02|        183|
 2|   1.860E+02|                 Infinity|   7.5592894601845442E-02|        175|
 2|   1.880E+02|                 Infinity|   7.3521462209380772E-02|        185|
 2|   1.900E+02|                 Infinity|   7.6249285166302333E-02|        172|
 2|   1.920E+02|                 Infinity|   7.8326044998795738E-02|        163|
 2|   1.940E+02|                 Infinity|   7.3323557510676651E-02|        186|
 2|   1.960E+02|                 Infinity|   7.9555728417572996E-02|        158|
 2|   1.980E+02|                 Infinity|   8.2199493652678646E-02|        148|
# integrated result:   1.3080536268040925E-02
#
# Histogram 3: pT(H)                                             
 3|   0.000E+00|                 Infinity|   1.9559025296349220E-02|       2614|
 3|   1.000E+01|                 Infinity|   1.5519271381105020E-02|       4152|
 3|   2.000E+01|                 Infinity|   1.4688421641307724E-02|       4635|
 3|   3.000E+01|                 Infinity|   1.4275521124027076E-02|       4907|
 3|   4.000E+01|                 Infinity|   1.4466948228367900E-02|       4778|
 3|   5.000E+01|                 Infinity|   1.4988949722867606E-02|       4451|
 3|   6.000E+01|                 Infinity|   1.5330284613208399E-02|       4255|
 3|   7.000E+01|                 Infinity|   1.5984151578556007E-02|       3914|
 3|   8.000E+01|                 Infinity|   1.6622858516380252E-02|       3619|
 3|   9.000E+01|                 Infinity|   1.7439502660378896E-02|       3288|
 3|   1.000E+02|                 Infinity|   1.8483688410965465E-02|       2927|
 3|   1.100E+02|                 Infinity|   1.9100532816794493E-02|       2741|
 3|   1.200E+02|                 Infinity|   2.0302737602678898E-02|       2426|
 3|   1.300E+02|                 Infinity|   2.1281413268968714E-02|       2208|
 3|   1.400E+02|                 Infinity|   2.2662980454966827E-02|       1947|
 3|   1.500E+02|                 Infinity|   2.3472626340651011E-02|       1815|
 3|   1.600E+02|                 Infinity|   2.4521886354905213E-02|       1663|
 3|   1.700E+02|                 Infinity|   2.5474090105633382E-02|       1541|
 3|   1.800E+02|                 Infinity|   2.8071730702217298E-02|       1269|
 3|   1.900E+02|                 Infinity|   2.7777777777777776E-02|       1296|
 3|   2.000E+02|                 Infinity|   3.1023602427884881E-02|       1039|
 3|   2.100E+02|                 Infinity|   3.1766046899489794E-02|        991|
 3|   2.200E+02|                 Infinity|   3.3825504574586919E-02|        874|
 3|   2.300E+02|                 Infinity|   3.5921060405354983E-02|        775|
 3|   2.400E+02|                 Infinity|   3.6711154910717615E-02|        742|
 3|   2.500E+02|                 Infinity|   3.8069349381344049E-02|        690|
 3|   2.600E+02|                 Infinity|   4.0193393552907040E-02|        619|
 3|   2.700E+02|                 Infinity|   4.3193421279068007E-02|        536|
 3|   2.800E+02|                 Infinity|   4.4676705160877031E-02|        501|
 3|   2.900E+02|                 Infinity|   4.5786854649563009E-02|        477|
 3|   3.000E+02|                 Infinity|   4.9446817643414874E-02|        409|
 3|   3.100E+02|                 Infinity|   5.0379272185987839E-02|        394|
 3|   3.200E+02|                 Infinity|   5.3074489243427524E-02|        355|
 3|   3.300E+02|                 Infinity|   5.5215763037423267E-02|        328|
 3|   3.400E+02|                 Infinity|   6.1429511683395117E-02|        265|
 3|   3.500E+02|                 Infinity|   6.1084722178152612E-02|        268|
 3|   3.600E+02|                 Infinity|   6.2622429108514954E-02|        255|
 3|   3.700E+02|                 Infinity|   7.0014004201400484E-02|        204|
 3|   3.800E+02|                 Infinity|   7.0888120500833582E-02|        199|
 3|   3.900E+02|                 Infinity|   7.4124931666110117E-02|        182|
 3|   4.000E+02|                 Infinity|   8.0064076902543566E-02|        156|
 3|   4.100E+02|                 Infinity|   8.4818892967997092E-02|        139|
 3|   4.200E+02|                 Infinity|   8.5749292571254410E-02|        136|
 3|   4.300E+02|                 Infinity|   8.7370405666103795E-02|        131|
 3|   4.400E+02|                 Infinity|   9.1669849702821132E-02|        119|
 3|   4.500E+02|                 Infinity|   9.2847669088525930E-02|        116|
 3|   4.600E+02|                 Infinity|   1.0259783520851541E-01|         95|
 3|   4.700E+02|                 Infinity|   9.9503719020998915E-02|        101|
 3|   4.800E+02|                 Infinity|   1.0314212462587934E-01|         94|
 3|   4.900E+02|                 Infinity|   1.2909944487358055E-01|         60|
# integrated result:   1.3080536268040920E-02
#
# Histogram 4: pT(j1)                                            
 4|   0.000E+00|                      NaN|   0.0000000000000000E+00|          0|
 4|   1.000E+01|                 Infinity|   4.7457899787624949E-02|        444|
 4|   2.000E+01|                 Infinity|   2.4310831916315757E-02|       1692|
 4|   3.000E+01|                 Infinity|   1.5094447095057539E-02|       4389|
 4|   4.000E+01|                 Infinity|   1.2138389675097902E-02|       6787|
 4|   5.000E+01|                 Infinity|   1.2227899701112963E-02|       6688|
 4|   6.000E+01|                 Infinity|   1.2778574491517865E-02|       6124|
 4|   7.000E+01|                 Infinity|   1.3683232646016449E-02|       5341|
 4|   8.000E+01|                 Infinity|   1.4546320137365395E-02|       4726|
 4|   9.000E+01|                 Infinity|   1.5480172920689397E-02|       4173|
 4|   1.000E+02|                 Infinity|   1.6340829138365012E-02|       3745|
 4|   1.100E+02|                 Infinity|   1.7413043075028778E-02|       3298|
 4|   1.200E+02|                 Infinity|   1.9000285006412661E-02|       2770|
 4|   1.300E+02|                 Infinity|   1.9649437297296481E-02|       2590|
 4|   1.400E+02|                 Infinity|   2.1233384741779292E-02|       2218|
 4|   1.500E+02|                 Infinity|   2.2581937608857242E-02|       1961|
 4|   1.600E+02|                 Infinity|   2.4203782378574807E-02|       1707|
 4|   1.700E+02|                 Infinity|   2.5958706582558250E-02|       1484|
 4|   1.800E+02|                 Infinity|   2.7166291246208060E-02|       1355|
 4|   1.900E+02|                 Infinity|   2.8988551782622423E-02|       1190|
 4|   2.000E+02|                 Infinity|   3.0556616567607043E-02|       1071|
 4|   2.100E+02|                 Infinity|   3.2808935746239332E-02|        929|
 4|   2.200E+02|                 Infinity|   3.6202430712799827E-02|        763|
 4|   2.300E+02|                 Infinity|   3.7424059428255989E-02|        714|
 4|   2.400E+02|                 Infinity|   3.9253433598942983E-02|        649|
 4|   2.500E+02|                 Infinity|   4.0858892322271849E-02|        599|
 4|   2.600E+02|                 Infinity|   4.3852900965351466E-02|        520|
 4|   2.700E+02|                 Infinity|   4.6126560401444250E-02|        470|
 4|   2.800E+02|                 Infinity|   5.0898659855928764E-02|        386|
 4|   2.900E+02|                 Infinity|   5.3074489243427524E-02|        355|
 4|   3.000E+02|                 Infinity|   5.5727821257535282E-02|        322|
 4|   3.100E+02|                 Infinity|   5.8722021951470346E-02|        290|
 4|   3.200E+02|                 Infinity|   6.4282434653322507E-02|        242|
 4|   3.300E+02|                 Infinity|   6.6666666666666666E-02|        225|
 4|   3.400E+02|                 Infinity|   7.1247049987909650E-02|        197|
 4|   3.500E+02|                 Infinity|   7.3323557510676651E-02|        186|
 4|   3.600E+02|                 Infinity|   7.4743509275193590E-02|        179|
 4|   3.700E+02|                 Infinity|   8.3333333333333329E-02|        144|
 4|   3.800E+02|                 Infinity|   8.2199493652678646E-02|        148|
 4|   3.900E+02|                 Infinity|   8.9442719099991588E-02|        125|
 4|   4.000E+02|                 Infinity|   9.9014754297667443E-02|        102|
 4|   4.100E+02|                 Infinity|   1.0783277320343841E-01|         86|
 4|   4.200E+02|                 Infinity|   1.1867816581938533E-01|         71|
 4|   4.300E+02|                 Infinity|   1.1250879009260240E-01|         79|
 4|   4.400E+02|                 Infinity|   1.2309149097933272E-01|         66|
 4|   4.500E+02|                 Infinity|   1.2216944435630522E-01|         67|
 4|   4.600E+02|                 Infinity|   1.4433756729740646E-01|         48|
 4|   4.700E+02|                 Infinity|   1.3867504905630729E-01|         52|
 4|   4.800E+02|                 Infinity|   1.5249857033260467E-01|         43|
 4|   4.900E+02|                 Infinity|   1.5430334996209191E-01|         42|
# integrated result:   1.3080536268040913E-02
#
# Histogram 5: dy(j1,j2)                                         
 5|  -5.000E+00|                 Infinity|   5.7735026918962584E-01|          3|
 5|  -4.800E+00|                      NaN|   0.0000000000000000E+00|          0|
 5|  -4.600E+00|                 Infinity|   5.0000000000000000E-01|          4|
 5|  -4.400E+00|                 Infinity|   4.0824829046386307E-01|          6|
 5|  -4.200E+00|                 Infinity|   5.0000000000000000E-01|          4|
 5|  -4.000E+00|                 Infinity|   3.7796447300922720E-01|          7|
 5|  -3.800E+00|                 Infinity|   2.5000000000000000E-01|         16|
 5|  -3.600E+00|                 Infinity|   2.0851441405707477E-01|         23|
 5|  -3.400E+00|                 Infinity|   2.2360679774997896E-01|         20|
 5|  -3.200E+00|                 Infinity|   1.5811388300841897E-01|         40|
 5|  -3.000E+00|                 Infinity|   1.3867504905630729E-01|         52|
 5|  -2.800E+00|                 Infinity|   9.9503719020998915E-02|        101|
 5|  -2.600E+00|                 Infinity|   8.5125653075874858E-02|        138|
 5|  -2.400E+00|                 Infinity|   6.5372045046061339E-02|        234|
 5|  -2.200E+00|                 Infinity|   5.4073807043587517E-02|        342|
 5|  -2.000E+00|                 Infinity|   4.8795003647426664E-02|        420|
 5|  -1.800E+00|                 Infinity|   4.0824829046386304E-02|        600|
 5|  -1.600E+00|                 Infinity|   3.6060922298730945E-02|        769|
 5|  -1.400E+00|                 Infinity|   3.1766046899489794E-02|        991|
 5|  -1.200E+00|                 Infinity|   2.7076518053694116E-02|       1364|
 5|  -1.000E+00|                 Infinity|   2.3596458909150436E-02|       1796|
 5|  -8.000E-01|                 Infinity|   2.0450795781510083E-02|       2391|
 5|  -6.000E-01|                 Infinity|   1.8477376753478741E-02|       2929|
 5|  -4.000E-01|                 Infinity|   1.6536268671305282E-02|       3657|
 5|  -2.000E-01|                 Infinity|   1.4445799916424692E-02|       4792|
 5|   0.000E+00|                 Infinity|   1.2872454422138826E-02|       6035|
 5|   2.000E-01|                 Infinity|   1.2996881122750910E-02|       5920|
 5|   4.000E-01|                 Infinity|   1.3455891555854584E-02|       5523|
 5|   6.000E-01|                 Infinity|   1.4136482161332850E-02|       5004|
 5|   8.000E-01|                 Infinity|   1.4760248092334923E-02|       4590|
 5|   1.000E+00|                 Infinity|   1.5146300381045252E-02|       4359|
 5|   1.200E+00|                 Infinity|   1.5333888770919700E-02|       4253|
 5|   1.400E+00|                 Infinity|   1.7397225015980525E-02|       3304|
 5|   1.600E+00|                 Infinity|   1.9570258584513545E-02|       2611|
 5|   1.800E+00|                 Infinity|   2.0269344919546441E-02|       2434|
 5|   2.000E+00|                 Infinity|   2.4084152542954401E-02|       1724|
 5|   2.200E+00|                 Infinity|   2.8455519661223609E-02|       1235|
 5|   2.400E+00|                 Infinity|   3.2393177419586847E-02|        953|
 5|   2.600E+00|                 Infinity|   3.4239347869895034E-02|        853|
 5|   2.800E+00|                 Infinity|   3.9013715732043520E-02|        657|
 5|   3.000E+00|                 Infinity|   4.1415768328129106E-02|        583|
 5|   3.200E+00|                 Infinity|   5.0062617432175889E-02|        399|
 5|   3.400E+00|                 Infinity|   6.1084722178152612E-02|        268|
 5|   3.600E+00|                 Infinity|   7.0186240634359645E-02|        203|
 5|   3.800E+00|                 Infinity|   8.2478609884232251E-02|        147|
 5|   4.000E+00|                 Infinity|   9.2847669088525930E-02|        116|
 5|   4.200E+00|                 Infinity|   1.0101525445522107E-01|         98|
 5|   4.400E+00|                 Infinity|   1.0783277320343841E-01|         86|
 5|   4.600E+00|                 Infinity|   1.1704114719613057E-01|         73|
 5|   4.800E+00|                 Infinity|   1.3867504905630729E-01|         52|
# integrated result:   1.3080536268040923E-02
#
# Histogram 6: mz1                                               
 6|   0.000E+00|                      NaN|   0.0000000000000000E+00|          0|
 6|   2.000E+00|                      NaN|   0.0000000000000000E+00|          0|
 6|   4.000E+00|                 Infinity|   4.7245559126153400E-02|        448|
 6|   6.000E+00|                 Infinity|   3.1497039417435597E-02|       1008|
 6|   8.000E+00|                 Infinity|   4.1812100500354540E-02|        572|
 6|   1.000E+01|                 Infinity|   4.9568159709660962E-02|        407|
 6|   1.200E+01|                 Infinity|   4.1239304942116126E-02|        588|
 6|   1.400E+01|                 Infinity|   2.9656491293029667E-02|       1137|
 6|   1.600E+01|                 Infinity|   3.6345618209240697E-02|        757|
 6|   1.800E+01|                 Infinity|   3.2951120315946839E-02|        921|
 6|   2.000E+01|                 Infinity|   3.8235955645093626E-02|        684|
 6|   2.200E+01|                 Infinity|   4.2220033092074907E-02|        561|
 6|   2.400E+01|                 Infinity|   3.5967500063280318E-02|        773|
 6|   2.600E+01|                 Infinity|   5.7735026918962568E-02|        300|
 6|   2.800E+01|                 Infinity|   1.0314212462587934E-01|         94|
 6|   3.000E+01|                 Infinity|   1.0206207261596577E-01|         96|
 6|   3.200E+01|                 Infinity|   8.1649658092772609E-02|        150|
 6|   3.400E+01|                 Infinity|   6.8680281974344518E-02|        212|
 6|   3.600E+01|                 Infinity|   5.2704627669472988E-02|        360|
 6|   3.800E+01|                 Infinity|   5.0251890762960605E-02|        396|
 6|   4.000E+01|                 Infinity|   5.2128603514268693E-02|        368|
 6|   4.200E+01|                 Infinity|   5.4964970992931267E-02|        331|
 6|   4.400E+01|                 Infinity|   5.6704797712374272E-02|        311|
 6|   4.600E+01|                 Infinity|   1.2403473458920847E-01|         65|
 6|   4.800E+01|                 Infinity|   1.2598815766974239E-01|         63|
 6|   5.000E+01|                 Infinity|   1.2700012700019050E-01|         62|
 6|   5.200E+01|                 Infinity|   1.1322770341445956E-01|         78|
 6|   5.400E+01|                 Infinity|   1.0846522890932808E-01|         85|
 6|   5.600E+01|                 Infinity|   1.1111111111111110E-01|         81|
 6|   5.800E+01|                 Infinity|   1.0660035817780521E-01|         88|
 6|   6.000E+01|                 Infinity|   1.1043152607484653E-01|         82|
 6|   6.200E+01|                 Infinity|   9.4072086838359728E-02|        113|
 6|   6.400E+01|                 Infinity|   7.4124931666110117E-02|        182|
 6|   6.600E+01|                 Infinity|   6.0522753266880246E-02|        273|
 6|   6.800E+01|                 Infinity|   4.7727395990334764E-02|        439|
 6|   7.000E+01|                 Infinity|   4.7727395990334764E-02|        439|
 6|   7.200E+01|                 Infinity|   5.8123819371909642E-02|        296|
 6|   7.400E+01|                 Infinity|   5.0898659855928764E-02|        386|
 6|   7.600E+01|                 Infinity|   3.8895492079220696E-02|        661|
 6|   7.800E+01|                 Infinity|   3.3445003104532557E-02|        894|
 6|   8.000E+01|                 Infinity|   3.5874800166708763E-02|        777|
 6|   8.200E+01|                 Infinity|   3.2951120315946839E-02|        921|
 6|   8.400E+01|                 Infinity|   2.5078493128775959E-02|       1590|
 6|   8.600E+01|                 Infinity|   2.2935538512984369E-02|       1901|
 6|   8.800E+01|                 Infinity|   1.2611834696958783E-02|       6287|
 6|   9.000E+01|                 Infinity|   6.6576479635219281E-03|      22561|
 6|   9.200E+01|                 Infinity|   8.2582605855466250E-03|      14663|
 6|   9.400E+01|                 Infinity|   1.3273296830047474E-02|       5676|
 6|   9.600E+01|                 Infinity|   3.0499714066520935E-02|       1075|
 6|   9.800E+01|                 Infinity|   6.1898446059017294E-02|        261|
 6|   1.000E+02|                 Infinity|   7.5377836144440907E-02|        176|
 6|   1.020E+02|                 Infinity|   7.4535599249992993E-02|        180|
 6|   1.040E+02|                 Infinity|   7.4953168899586142E-02|        178|
 6|   1.060E+02|                 Infinity|   7.4535599249992993E-02|        180|
 6|   1.080E+02|                 Infinity|   8.3045479853739973E-02|        145|
 6|   1.100E+02|                 Infinity|   9.5782628522115137E-02|        109|
 6|   1.120E+02|                 Infinity|   1.1322770341445956E-01|         78|
 6|   1.140E+02|                 Infinity|   1.1785113019775793E-01|         72|
 6|   1.160E+02|                 Infinity|   1.1547005383792514E-01|         75|
 6|   1.180E+02|                 Infinity|   1.3867504905630729E-01|         52|
 6|   1.200E+02|                 Infinity|   1.3363062095621220E-01|         56|
 6|   1.220E+02|                 Infinity|   1.5617376188860607E-01|         41|
 6|   1.240E+02|                 Infinity|   1.4433756729740646E-01|         48|
 6|   1.260E+02|                 Infinity|   1.5811388300841897E-01|         40|
 6|   1.280E+02|                 Infinity|   1.7149858514250882E-01|         34|
 6|   1.300E+02|                 Infinity|   2.0851441405707477E-01|         23|
 6|   1.320E+02|                 Infinity|   1.8898223650461360E-01|         28|
 6|   1.340E+02|                 Infinity|   2.1320071635561041E-01|         22|
 6|   1.360E+02|                 Infinity|   2.1320071635561041E-01|         22|
 6|   1.380E+02|                 Infinity|   2.1821789023599239E-01|         21|
 6|   1.400E+02|                 Infinity|   2.5819888974716110E-01|         15|
 6|   1.420E+02|                 Infinity|   2.6726124191242440E-01|         14|
 6|   1.440E+02|                 Infinity|   3.3333333333333331E-01|          9|
 6|   1.460E+02|                 Infinity|   2.7735009811261457E-01|         13|
 6|   1.480E+02|                 Infinity|   3.5355339059327373E-01|          8|
 6|   1.500E+02|                 Infinity|   3.3333333333333331E-01|          9|
 6|   1.520E+02|                 Infinity|   5.0000000000000000E-01|          4|
 6|   1.540E+02|                 Infinity|   2.6726124191242440E-01|         14|
 6|   1.560E+02|                 Infinity|   2.5000000000000000E-01|         16|
 6|   1.580E+02|                 Infinity|   2.8867513459481292E-01|         12|
 6|   1.600E+02|                 Infinity|   3.1622776601683794E-01|         10|
 6|   1.620E+02|                 Infinity|   3.5355339059327373E-01|          8|
 6|   1.640E+02|                 Infinity|   3.7796447300922720E-01|          7|
 6|   1.660E+02|                 Infinity|   3.3333333333333331E-01|          9|
 6|   1.680E+02|                 Infinity|   3.7796447300922720E-01|          7|
 6|   1.700E+02|                 Infinity|   4.0824829046386307E-01|          6|
 6|   1.720E+02|                 Infinity|   4.0824829046386307E-01|          6|
 6|   1.740E+02|                 Infinity|   5.0000000000000000E-01|          4|
 6|   1.760E+02|                 Infinity|   4.4721359549995793E-01|          5|
 6|   1.780E+02|                 Infinity|   5.7735026918962584E-01|          3|
 6|   1.800E+02|                 Infinity|   5.7735026918962584E-01|          3|
 6|   1.820E+02|                 Infinity|   5.0000000000000000E-01|          4|
 6|   1.840E+02|                 Infinity|   4.4721359549995793E-01|          5|
 6|   1.860E+02|                 Infinity|   5.7735026918962584E-01|          3|
 6|   1.880E+02|                 Infinity|   7.0710678118654746E-01|          2|
 6|   1.900E+02|                 Infinity|   1.0000000000000000E+00|          1|
 6|   1.920E+02|                 Infinity|   5.0000000000000000E-01|          4|
 6|   1.940E+02|                 Infinity|   5.7735026918962584E-01|          3|
 6|   1.960E+02|                 Infinity|   5.7735026918962584E-01|          3|
 6|   1.980E+02|                 Infinity|   1.0000000000000000E+00|          1|
# integrated result:   1.3080536268040959E-02
#
# Histogram 7: mz2                                               
 7|   0.000E+00|                      NaN|   0.0000000000000000E+00|          0|
 7|   2.000E+00|                      NaN|   0.0000000000000000E+00|          0|
 7|   4.000E+00|                 Infinity|   3.0845984923781787E-02|       1051|
 7|   6.000E+00|                 Infinity|   3.5990787537434725E-02|        772|
 7|   8.000E+00|                 Infinity|   3.8575837490522978E-02|        672|
 7|   1.000E+01|                 Infinity|   4.0000000000000001E-02|        625|
 7|   1.200E+01|                 Infinity|   4.1922180815031851E-02|        569|
 7|   1.400E+01|                 Infinity|   4.3033148291193521E-02|        540|
 7|   1.600E+01|                 Infinity|   4.2107596053325952E-02|        564|
 7|   1.800E+01|                 Infinity|   4.2333375666730171E-02|        558|
 7|   2.000E+01|                 Infinity|   4.4151078568834795E-02|        513|
 7|   2.200E+01|                 Infinity|   4.2333375666730171E-02|        558|
 7|   2.400E+01|                 Infinity|   4.2914107542287451E-02|        543|
 7|   2.600E+01|                 Infinity|   4.3979949713354248E-02|        517|
 7|   2.800E+01|                 Infinity|   4.6274481338274755E-02|        467|
 7|   3.000E+01|                 Infinity|   4.6473941234017310E-02|        463|
 7|   3.200E+01|                 Infinity|   4.8393391849582724E-02|        427|
 7|   3.400E+01|                 Infinity|   4.7946330148538413E-02|        435|
 7|   3.600E+01|                 Infinity|   5.1987524491003641E-02|        370|
 7|   3.800E+01|                 Infinity|   5.0062617432175889E-02|        399|
 7|   4.000E+01|                 Infinity|   5.4073807043587517E-02|        342|
 7|   4.200E+01|                 Infinity|   5.4473471070284329E-02|        337|
 7|   4.400E+01|                 Infinity|   5.1987524491003641E-02|        370|
 7|   4.600E+01|                 Infinity|   5.2270837348931669E-02|        366|
 7|   4.800E+01|                 Infinity|   5.4392829322042119E-02|        338|
 7|   5.000E+01|                 Infinity|   5.3682812709501898E-02|        347|
 7|   5.200E+01|                 Infinity|   5.3528772757218922E-02|        349|
 7|   5.400E+01|                 Infinity|   5.6433264798310033E-02|        314|
 7|   5.600E+01|                 Infinity|   5.5300126360933101E-02|        327|
 7|   5.800E+01|                 Infinity|   5.7166195047502949E-02|        306|
 7|   6.000E+01|                 Infinity|   5.3452248382484871E-02|        350|
 7|   6.200E+01|                 Infinity|   5.5727821257535282E-02|        322|
 7|   6.400E+01|                 Infinity|   5.7073014553534959E-02|        307|
 7|   6.600E+01|                 Infinity|   3.9223227027636809E-02|        650|
 7|   6.800E+01|                 Infinity|   3.8291979053374177E-02|        682|
 7|   7.000E+01|                 Infinity|   3.5071531191594722E-02|        813|
 7|   7.200E+01|                 Infinity|   3.3767600672658715E-02|        877|
 7|   7.400E+01|                 Infinity|   3.2359240084528680E-02|        955|
 7|   7.600E+01|                 Infinity|   3.7608870722230077E-02|        707|
 7|   7.800E+01|                 Infinity|   4.8679238351123547E-02|        422|
 7|   8.000E+01|                 Infinity|   4.4901325506693728E-02|        496|
 7|   8.200E+01|                 Infinity|   4.4367825470805693E-02|        508|
 7|   8.400E+01|                 Infinity|   3.5421817348790727E-02|        797|
 7|   8.600E+01|                 Infinity|   2.2399913984495451E-02|       1993|
 7|   8.800E+01|                 Infinity|   1.1324222257889888E-02|       7798|
 7|   9.000E+01|                 Infinity|   6.5022859553405870E-03|      23652|
 7|   9.200E+01|                 Infinity|   1.0649754086705135E-02|       8817|
 7|   9.400E+01|                 Infinity|   1.8595200082640047E-02|       2892|
 7|   9.600E+01|                 Infinity|   2.5691749776935398E-02|       1515|
 7|   9.800E+01|                 Infinity|   5.1298917604257706E-02|        380|
 7|   1.000E+02|                 Infinity|   5.2851642258168990E-02|        358|
 7|   1.020E+02|                 Infinity|   4.1996052556580801E-02|        567|
 7|   1.040E+02|                 Infinity|   3.7715714320235710E-02|        703|
 7|   1.060E+02|                 Infinity|   4.4022545316281192E-02|        516|
 7|   1.080E+02|                 Infinity|   4.8168305085908802E-02|        431|
 7|   1.100E+02|                 Infinity|   6.8358592702466331E-02|        214|
 7|   1.120E+02|                 Infinity|   1.0425720702853739E-01|         92|
 7|   1.140E+02|                 Infinity|   1.1624763874381928E-01|         74|
 7|   1.160E+02|                 Infinity|   1.2309149097933272E-01|         66|
 7|   1.180E+02|                 Infinity|   1.1785113019775793E-01|         72|
 7|   1.200E+02|                 Infinity|   1.3736056394868904E-01|         53|
 7|   1.220E+02|                 Infinity|   1.3867504905630729E-01|         52|
 7|   1.240E+02|                 Infinity|   1.3130643285972254E-01|         58|
 7|   1.260E+02|                 Infinity|   1.5617376188860607E-01|         41|
 7|   1.280E+02|                 Infinity|   1.3867504905630729E-01|         52|
 7|   1.300E+02|                 Infinity|   1.4433756729740646E-01|         48|
 7|   1.320E+02|                 Infinity|   1.5811388300841897E-01|         40|
 7|   1.340E+02|                 Infinity|   1.6222142113076254E-01|         38|
 7|   1.360E+02|                 Infinity|   2.0000000000000001E-01|         25|
 7|   1.380E+02|                 Infinity|   1.5430334996209191E-01|         42|
 7|   1.400E+02|                 Infinity|   2.0000000000000001E-01|         25|
 7|   1.420E+02|                 Infinity|   2.0851441405707477E-01|         23|
 7|   1.440E+02|                 Infinity|   2.2360679774997896E-01|         20|
 7|   1.460E+02|                 Infinity|   2.0412414523193154E-01|         24|
 7|   1.480E+02|                 Infinity|   2.5819888974716110E-01|         15|
 7|   1.500E+02|                 Infinity|   2.2941573387056174E-01|         19|
 7|   1.520E+02|                 Infinity|   2.7735009811261457E-01|         13|
 7|   1.540E+02|                 Infinity|   3.1622776601683794E-01|         10|
 7|   1.560E+02|                 Infinity|   2.8867513459481292E-01|         12|
 7|   1.580E+02|                 Infinity|   2.8867513459481292E-01|         12|
 7|   1.600E+02|                 Infinity|   3.0151134457776363E-01|         11|
 7|   1.620E+02|                 Infinity|   3.1622776601683794E-01|         10|
 7|   1.640E+02|                 Infinity|   3.0151134457776363E-01|         11|
 7|   1.660E+02|                 Infinity|   2.8867513459481292E-01|         12|
 7|   1.680E+02|                 Infinity|   3.0151134457776363E-01|         11|
 7|   1.700E+02|                 Infinity|   3.1622776601683794E-01|         10|
 7|   1.720E+02|                 Infinity|   2.7735009811261457E-01|         13|
 7|   1.740E+02|                 Infinity|   5.7735026918962584E-01|          3|
 7|   1.760E+02|                 Infinity|   3.1622776601683794E-01|         10|
 7|   1.780E+02|                 Infinity|   5.7735026918962584E-01|          3|
 7|   1.800E+02|                 Infinity|   3.3333333333333331E-01|          9|
 7|   1.820E+02|                 Infinity|   4.4721359549995793E-01|          5|
 7|   1.840E+02|                 Infinity|   5.7735026918962584E-01|          3|
 7|   1.860E+02|                 Infinity|   5.0000000000000000E-01|          4|
 7|   1.880E+02|                 Infinity|   3.5355339059327373E-01|          8|
 7|   1.900E+02|                 Infinity|   5.7735026918962584E-01|          3|
 7|   1.920E+02|                 Infinity|   5.0000000000000000E-01|          4|
 7|   1.940E+02|                 Infinity|   3.5355339059327373E-01|          8|
 7|   1.960E+02|                 Infinity|   5.0000000000000000E-01|          4|
 7|   1.980E+02|                 Infinity|   5.7735026918962584E-01|          3|
# integrated result:   1.3080536268040942E-02
#
# Histogram 8: m_4l                                              
 8|   1.000E+02|                 Infinity|   1.2122325333513794E-02|       6805|
 8|   1.400E+02|                 Infinity|   1.0850353103361392E-02|       8494|
 8|   1.800E+02|                 Infinity|   1.0813496746208505E-02|       8552|
 8|   2.200E+02|                 Infinity|   1.1458731212852642E-02|       7616|
 8|   2.600E+02|                 Infinity|   1.2176122899586162E-02|       6745|
 8|   3.000E+02|                 Infinity|   1.2994686259757509E-02|       5922|
 8|   3.400E+02|                 Infinity|   1.4220565008492751E-02|       4945|
 8|   3.800E+02|                 Infinity|   1.5772007446912796E-02|       4020|
 8|   4.200E+02|                 Infinity|   1.7600833595219072E-02|       3228|
 8|   4.600E+02|                 Infinity|   1.9455105641024067E-02|       2642|
 8|   5.000E+02|                 Infinity|   2.1262162778128115E-02|       2212|
 8|   5.400E+02|                 Infinity|   2.4412037125463699E-02|       1678|
 8|   5.800E+02|                 Infinity|   2.6216125254653815E-02|       1455|
 8|   6.200E+02|                 Infinity|   2.8536507276767480E-02|       1228|
 8|   6.600E+02|                 Infinity|   3.3167906340332974E-02|        909|
 8|   7.000E+02|                 Infinity|   3.6321635614607398E-02|        758|
 8|   7.400E+02|                 Infinity|   3.9621442587516369E-02|        637|
 8|   7.800E+02|                 Infinity|   4.4499415948998478E-02|        505|
 8|   8.200E+02|                 Infinity|   4.7891314261057569E-02|        436|
 8|   8.600E+02|                 Infinity|   5.2704627669472988E-02|        360|
 8|   9.000E+02|                 Infinity|   5.7166195047502949E-02|        306|
 8|   9.400E+02|                 Infinity|   6.3628476297577771E-02|        247|
 8|   9.800E+02|                 Infinity|   6.7884423330213065E-02|        217|
 8|   1.020E+03|                 Infinity|   7.2547625011001163E-02|        190|
 8|   1.060E+03|                 Infinity|   8.5749292571254410E-02|        136|
 8|   1.100E+03|                 Infinity|   9.0909090909090912E-02|        121|
 8|   1.140E+03|                 Infinity|   1.0000000000000001E-01|        100|
 8|   1.180E+03|                 Infinity|   9.9503719020998915E-02|        101|
 8|   1.220E+03|                 Infinity|   1.0910894511799619E-01|         84|
 8|   1.260E+03|                 Infinity|   1.2126781251816648E-01|         68|
 8|   1.300E+03|                 Infinity|   1.2500000000000000E-01|         64|
 8|   1.340E+03|                 Infinity|   1.3867504905630729E-01|         52|
 8|   1.380E+03|                 Infinity|   1.4744195615489714E-01|         46|
 8|   1.420E+03|                 Infinity|   1.5617376188860607E-01|         41|
 8|   1.460E+03|                 Infinity|   1.7960530202677491E-01|         31|
 8|   1.500E+03|                 Infinity|   1.7149858514250882E-01|         34|
 8|   1.540E+03|                 Infinity|   2.0412414523193154E-01|         24|
 8|   1.580E+03|                 Infinity|   1.9611613513818404E-01|         26|
 8|   1.620E+03|                 Infinity|   2.0412414523193154E-01|         24|
 8|   1.660E+03|                 Infinity|   2.2360679774997896E-01|         20|
 8|   1.700E+03|                 Infinity|   2.5819888974716110E-01|         15|
 8|   1.740E+03|                 Infinity|   2.8867513459481292E-01|         12|
 8|   1.780E+03|                 Infinity|   2.8867513459481292E-01|         12|
 8|   1.820E+03|                 Infinity|   3.3333333333333331E-01|          9|
 8|   1.860E+03|                 Infinity|   3.3333333333333331E-01|          9|
 8|   1.900E+03|                 Infinity|   3.5355339059327373E-01|          8|
 8|   1.940E+03|                 Infinity|   4.0824829046386307E-01|          6|
 8|   1.980E+03|                 Infinity|   3.0151134457776363E-01|         11|
 8|   2.020E+03|                 Infinity|   4.0824829046386307E-01|          6|
 8|   2.060E+03|                 Infinity|   3.7796447300922720E-01|          7|
 8|   2.100E+03|                 Infinity|   4.0824829046386307E-01|          6|
 8|   2.140E+03|                 Infinity|   4.4721359549995793E-01|          5|
 8|   2.180E+03|                 Infinity|   5.0000000000000000E-01|          4|
 8|   2.220E+03|                 Infinity|   5.7735026918962584E-01|          3|
 8|   2.260E+03|                 Infinity|   7.0710678118654746E-01|          2|
 8|   2.300E+03|                 Infinity|   7.0710678118654746E-01|          2|
 8|   2.340E+03|                 Infinity|   1.0000000000000000E+00|          1|
 8|   2.380E+03|                 Infinity|   1.0000000000000000E+00|          1|
 8|   2.420E+03|                 Infinity|   5.7735026918962584E-01|          3|
 8|   2.460E+03|                 Infinity|   5.7735026918962584E-01|          3|
 8|   2.500E+03|                 Infinity|   7.0710678118654746E-01|          2|
 8|   2.540E+03|                 Infinity|   7.0710678118654746E-01|          2|
 8|   2.580E+03|                 Infinity|   7.0710678118654746E-01|          2|
 8|   2.620E+03|                 Infinity|   4.4721359549995793E-01|          5|
 8|   2.660E+03|                 Infinity|   1.0000000000000000E+00|          1|
 8|   2.700E+03|                 Infinity|   1.0000000000000000E+00|          1|
 8|   2.740E+03|                      NaN|   0.0000000000000000E+00|          0|
 8|   2.780E+03|                 Infinity|   7.0710678118654746E-01|          2|
 8|   2.820E+03|                      NaN|   0.0000000000000000E+00|          0|
 8|   2.860E+03|                      NaN|   0.0000000000000000E+00|          0|
 8|   2.900E+03|                      NaN|   0.0000000000000000E+00|          0|
 8|   2.940E+03|                 Infinity|   1.0000000000000000E+00|          1|
 8|   2.980E+03|                      NaN|   0.0000000000000000E+00|          0|
 8|   3.020E+03|                      NaN|   0.0000000000000000E+00|          0|
 8|   3.060E+03|                 Infinity|   1.0000000000000000E+00|          1|
 8|   3.100E+03|                 Infinity|   1.0000000000000000E+00|          1|
 8|   3.140E+03|                 Infinity|   1.0000000000000000E+00|          1|
 8|   3.180E+03|                 Infinity|   1.0000000000000000E+00|          1|
 8|   3.220E+03|                      NaN|   0.0000000000000000E+00|          0|
 8|   3.260E+03|                 Infinity|   1.0000000000000000E+00|          1|
 8|   3.300E+03|                      NaN|   0.0000000000000000E+00|          0|
 8|   3.340E+03|                 Infinity|   1.0000000000000000E+00|          1|
 8|   3.380E+03|                 Infinity|   1.0000000000000000E+00|          1|
 8|   3.420E+03|                      NaN|   0.0000000000000000E+00|          0|
 8|   3.460E+03|                      NaN|   0.0000000000000000E+00|          0|
 8|   3.500E+03|                      NaN|   0.0000000000000000E+00|          0|
 8|   3.540E+03|                      NaN|   0.0000000000000000E+00|          0|
 8|   3.580E+03|                 Infinity|   1.0000000000000000E+00|          1|
 8|   3.620E+03|                      NaN|   0.0000000000000000E+00|          0|
 8|   3.660E+03|                      NaN|   0.0000000000000000E+00|          0|
 8|   3.700E+03|                      NaN|   0.0000000000000000E+00|          0|
 8|   3.740E+03|                      NaN|   0.0000000000000000E+00|          0|
 8|   3.780E+03|                      NaN|   0.0000000000000000E+00|          0|
 8|   3.820E+03|                      NaN|   0.0000000000000000E+00|          0|
 8|   3.860E+03|                      NaN|   0.0000000000000000E+00|          0|
 8|   3.900E+03|                      NaN|   0.0000000000000000E+00|          0|
 8|   3.940E+03|                      NaN|   0.0000000000000000E+00|          0|
 8|   3.980E+03|                      NaN|   0.0000000000000000E+00|          0|
 8|   4.020E+03|                      NaN|   0.0000000000000000E+00|          0|
 8|   4.060E+03|                      NaN|   0.0000000000000000E+00|          0|
# integrated result:   1.3080536268040932E-02
#
# Histogram 9: m_4l                                              
 9|   8.500E+01|                 Infinity|   1.5617376188860607E-01|         41|
 9|   8.600E+01|                 Infinity|   1.6903085094570330E-01|         35|
 9|   8.700E+01|                 Infinity|   1.4433756729740646E-01|         48|
 9|   8.800E+01|                 Infinity|   1.4285714285714285E-01|         49|
 9|   8.900E+01|                 Infinity|   1.5430334996209191E-01|         42|
 9|   9.000E+01|                 Infinity|   1.4002800840280097E-01|         51|
 9|   9.100E+01|                 Infinity|   1.6222142113076254E-01|         38|
 9|   9.200E+01|                 Infinity|   1.6222142113076254E-01|         38|
 9|   9.300E+01|                 Infinity|   1.5811388300841897E-01|         40|
 9|   9.400E+01|                 Infinity|   1.4907119849998599E-01|         45|
 9|   9.500E+01|                 Infinity|   1.5811388300841897E-01|         40|
 9|   9.600E+01|                 Infinity|   1.4907119849998599E-01|         45|
 9|   9.700E+01|                 Infinity|   1.3018891098082389E-01|         59|
 9|   9.800E+01|                 Infinity|   1.0976425998969035E-01|         83|
 9|   9.900E+01|                 Infinity|   1.1111111111111110E-01|         81|
 9|   1.000E+02|                 Infinity|   1.0259783520851541E-01|         95|
 9|   1.010E+02|                 Infinity|   1.0153461651336192E-01|         97|
 9|   1.020E+02|                 Infinity|   8.9442719099991588E-02|        125|
 9|   1.030E+02|                 Infinity|   9.4072086838359728E-02|        113|
 9|   1.040E+02|                 Infinity|   9.2450032704204849E-02|        117|
 9|   1.050E+02|                 Infinity|   8.9087080637474794E-02|        126|
 9|   1.060E+02|                 Infinity|   8.2760588860236795E-02|        146|
 9|   1.070E+02|                 Infinity|   7.9056941504209485E-02|        160|
 9|   1.080E+02|                 Infinity|   9.2057461789832346E-02|        118|
 9|   1.090E+02|                 Infinity|   7.9056941504209485E-02|        160|
 9|   1.100E+02|                 Infinity|   8.0064076902543566E-02|        156|
 9|   1.110E+02|                 Infinity|   8.0845208345444328E-02|        153|
 9|   1.120E+02|                 Infinity|   8.0064076902543566E-02|        156|
 9|   1.130E+02|                 Infinity|   7.9305158571814416E-02|        159|
 9|   1.140E+02|                 Infinity|   7.6471911290187253E-02|        171|
 9|   1.150E+02|                 Infinity|   7.8811040623910061E-02|        161|
 9|   1.160E+02|                 Infinity|   7.7849894416152296E-02|        165|
 9|   1.170E+02|                 Infinity|   7.3323557510676651E-02|        186|
 9|   1.180E+02|                 Infinity|   7.4953168899586142E-02|        178|
 9|   1.190E+02|                 Infinity|   7.6923076923076927E-02|        169|
 9|   1.200E+02|                 Infinity|   7.6471911290187253E-02|        171|
 9|   1.210E+02|                 Infinity|   7.1247049987909650E-02|        197|
 9|   1.220E+02|                 Infinity|   7.3521462209380772E-02|        185|
 9|   1.230E+02|                 Infinity|   6.9337524528153643E-02|        208|
 9|   1.240E+02|                 Infinity|   7.0710678118654752E-02|        200|
 9|   1.250E+02|                 Infinity|   7.0186240634359645E-02|        203|
 9|   1.260E+02|                 Infinity|   7.3127242412713067E-02|        187|
 9|   1.270E+02|                 Infinity|   7.2357460529242162E-02|        191|
 9|   1.280E+02|                 Infinity|   7.3323557510676651E-02|        186|
 9|   1.290E+02|                 Infinity|   6.9337524528153643E-02|        208|
 9|   1.300E+02|                 Infinity|   7.4743509275193590E-02|        179|
 9|   1.310E+02|                 Infinity|   7.0014004201400484E-02|        204|
 9|   1.320E+02|                 Infinity|   7.2357460529242162E-02|        191|
 9|   1.330E+02|                 Infinity|   7.1981575074869450E-02|        193|
 9|   1.340E+02|                 Infinity|   6.6372331159997203E-02|        227|
# integrated result:   1.3080536268040874E-02
#
# Histogram10: Phi1                                              
10|  -3.142E+00|                 Infinity|   2.5342864042323516E-02|       1557|
10|  -2.985E+00|                 Infinity|   2.5691749776935398E-02|       1515|
10|  -2.827E+00|                 Infinity|   2.5515518153991442E-02|       1536|
10|  -2.670E+00|                 Infinity|   2.6453545376397200E-02|       1429|
10|  -2.513E+00|                 Infinity|   2.6011343419135434E-02|       1478|
10|  -2.356E+00|                 Infinity|   2.5310373177627687E-02|       1561|
10|  -2.199E+00|                 Infinity|   2.3199420949679552E-02|       1858|
10|  -2.042E+00|                 Infinity|   2.2697981217836876E-02|       1941|
10|  -1.885E+00|                 Infinity|   2.2422426466543750E-02|       1989|
10|  -1.728E+00|                 Infinity|   2.2587697572631283E-02|       1960|
10|  -1.571E+00|                 Infinity|   2.2697981217836876E-02|       1941|
10|  -1.414E+00|                 Infinity|   2.2371868507134143E-02|       1998|
10|  -1.257E+00|                 Infinity|   2.2875450543583874E-02|       1911|
10|  -1.100E+00|                 Infinity|   2.2881438097813775E-02|       1910|
10|  -9.425E-01|                 Infinity|   2.2456322822201027E-02|       1983|
10|  -7.854E-01|                 Infinity|   2.1863473472331304E-02|       2092|
10|  -6.283E-01|                 Infinity|   2.2097086912079608E-02|       2048|
10|  -4.713E-01|                 Infinity|   2.3100171634912875E-02|       1874|
10|  -3.142E-01|                 Infinity|   2.4448489343954046E-02|       1673|
10|  -1.571E-01|                 Infinity|   2.4603391565256146E-02|       1652|
10|  -3.000E-05|                 Infinity|   2.4914503091731197E-02|       1611|
10|   1.570E-01|                 Infinity|   2.4217973984824139E-02|       1705|
10|   3.141E-01|                 Infinity|   2.3408229439226113E-02|       1825|
10|   4.712E-01|                 Infinity|   2.1571571868774796E-02|       2149|
10|   6.283E-01|                 Infinity|   2.1152477232345077E-02|       2235|
10|   7.854E-01|                 Infinity|   2.2733144649015782E-02|       1935|
10|   9.424E-01|                 Infinity|   2.3331648330687904E-02|       1837|
10|   1.100E+00|                 Infinity|   2.2845583119247691E-02|       1916|
10|   1.257E+00|                 Infinity|   2.2473328748774737E-02|       1980|
10|   1.414E+00|                 Infinity|   2.2366272042129220E-02|       1999|
10|   1.571E+00|                 Infinity|   2.2173003507924643E-02|       2034|
10|   1.728E+00|                 Infinity|   2.2633936510629633E-02|       1952|
10|   1.885E+00|                 Infinity|   2.2484687520664393E-02|       1978|
10|   2.042E+00|                 Infinity|   2.3649188492020107E-02|       1788|
10|   2.199E+00|                 Infinity|   2.4655683636076897E-02|       1645|
10|   2.356E+00|                 Infinity|   2.6243194054073899E-02|       1452|
10|   2.513E+00|                 Infinity|   2.5582225504832540E-02|       1528|
10|   2.670E+00|                 Infinity|   2.4961028814965893E-02|       1605|
10|   2.827E+00|                 Infinity|   2.5000000000000001E-02|       1600|
10|   2.984E+00|                 Infinity|   2.4618298195866545E-02|       1650|
# integrated result:   1.3080536268040927E-02
#
