#
# column #1=histogram, #2=x-axis bin, #3=binned cross-section, #4=error, #5=number of events 
# this can be easily plotted in gnuplot with the commands:
#    NHi=3
#    plot 'output.dat' using ($2):($1==NHi ? $3 : 1/0) w st
# where NHi selects the histogram
#
#
# run time =      -0.00min
# TotCS =      2.0484455684E-05           5.07768E-06
#
# Histogram 1: m_jj                                              
 1|   0.000E+00|                      NaN|   0.0000000000000000E+00|          0|
 1|   5.000E+01|                 Infinity|   1.5849074658977499E-02|       3981|
 1|   1.000E+02|                 Infinity|   1.0257624248277726E-02|       9504|
 1|   1.500E+02|                 Infinity|   9.7571424031370584E-03|      10504|
 1|   2.000E+02|                 Infinity|   1.0236642538758027E-02|       9543|
 1|   2.500E+02|                 Infinity|   1.0935657966662840E-02|       8362|
 1|   3.000E+02|                 Infinity|   1.2138389675097902E-02|       6787|
 1|   3.500E+02|                 Infinity|   1.4071950894605839E-02|       5050|
 1|   4.000E+02|                 Infinity|   1.5883023449744897E-02|       3964|
 1|   4.500E+02|                 Infinity|   1.8160817807303699E-02|       3032|
 1|   5.000E+02|                 Infinity|   2.0984152456968483E-02|       2271|
 1|   5.500E+02|                 Infinity|   2.3550608702786628E-02|       1803|
 1|   6.000E+02|                 Infinity|   2.6773977630083295E-02|       1395|
 1|   6.500E+02|                 Infinity|   3.0247530200945175E-02|       1093|
 1|   7.000E+02|                 Infinity|   3.4482758620689655E-02|        841|
 1|   7.500E+02|                 Infinity|   4.1274417170649801E-02|        587|
 1|   8.000E+02|                 Infinity|   4.4324220717793628E-02|        509|
 1|   8.500E+02|                 Infinity|   5.1987524491003641E-02|        370|
 1|   9.000E+02|                 Infinity|   5.7353933467640436E-02|        304|
 1|   9.500E+02|                 Infinity|   6.3245553203367583E-02|        250|
 1|   1.000E+03|                 Infinity|   7.5809804357890337E-02|        174|
 1|   1.050E+03|                 Infinity|   8.3918135829668908E-02|        142|
 1|   1.100E+03|                 Infinity|   9.6225044864937631E-02|        108|
 1|   1.150E+03|                 Infinity|   1.0206207261596577E-01|         96|
 1|   1.200E+03|                 Infinity|   1.1180339887498948E-01|         80|
 1|   1.250E+03|                 Infinity|   1.2216944435630522E-01|         67|
 1|   1.300E+03|                 Infinity|   1.7677669529663687E-01|         32|
 1|   1.350E+03|                 Infinity|   1.6012815380508713E-01|         39|
 1|   1.400E+03|                 Infinity|   1.8898223650461360E-01|         28|
 1|   1.450E+03|                 Infinity|   2.2360679774997896E-01|         20|
 1|   1.500E+03|                 Infinity|   1.7407765595569785E-01|         33|
 1|   1.550E+03|                 Infinity|   2.8867513459481292E-01|         12|
 1|   1.600E+03|                 Infinity|   2.3570226039551587E-01|         18|
 1|   1.650E+03|                 Infinity|   3.7796447300922720E-01|          7|
 1|   1.700E+03|                 Infinity|   3.7796447300922720E-01|          7|
 1|   1.750E+03|                 Infinity|   4.0824829046386307E-01|          6|
 1|   1.800E+03|                 Infinity|   4.0824829046386307E-01|          6|
 1|   1.850E+03|                 Infinity|   5.0000000000000000E-01|          4|
 1|   1.900E+03|                 Infinity|   4.4721359549995793E-01|          5|
 1|   1.950E+03|                 Infinity|   7.0710678118654746E-01|          2|
 1|   2.000E+03|                 Infinity|   5.0000000000000000E-01|          4|
 1|   2.050E+03|                 Infinity|   1.0000000000000000E+00|          1|
 1|   2.100E+03|                 Infinity|   5.7735026918962584E-01|          3|
 1|   2.150E+03|                 Infinity|   3.5355339059327373E-01|          8|
 1|   2.200E+03|                 Infinity|   1.0000000000000000E+00|          1|
 1|   2.250E+03|                 Infinity|   1.0000000000000000E+00|          1|
 1|   2.300E+03|                 Infinity|   7.0710678118654746E-01|          2|
 1|   2.350E+03|                 Infinity|   1.0000000000000000E+00|          1|
 1|   2.400E+03|                 Infinity|   7.0710678118654746E-01|          2|
 1|   2.450E+03|                 Infinity|   5.0000000000000000E-01|          4|
 1|   2.500E+03|                 Infinity|   1.0000000000000000E+00|          1|
 1|   2.550E+03|                      NaN|   0.0000000000000000E+00|          0|
 1|   2.600E+03|                 Infinity|   7.0710678118654746E-01|          2|
 1|   2.650E+03|                      NaN|   0.0000000000000000E+00|          0|
 1|   2.700E+03|                 Infinity|   1.0000000000000000E+00|          1|
 1|   2.750E+03|                 Infinity|   1.0000000000000000E+00|          1|
 1|   2.800E+03|                      NaN|   0.0000000000000000E+00|          0|
 1|   2.850E+03|                 Infinity|   1.0000000000000000E+00|          1|
 1|   2.900E+03|                      NaN|   0.0000000000000000E+00|          0|
 1|   2.950E+03|                 Infinity|   1.0000000000000000E+00|          1|
 1|   3.000E+03|                 Infinity|   7.0710678118654746E-01|          2|
 1|   3.050E+03|                 Infinity|   1.0000000000000000E+00|          1|
 1|   3.100E+03|                 Infinity|   7.0710678118654746E-01|          2|
 1|   3.150E+03|                      NaN|   0.0000000000000000E+00|          0|
 1|   3.200E+03|                      NaN|   0.0000000000000000E+00|          0|
 1|   3.250E+03|                      NaN|   0.0000000000000000E+00|          0|
 1|   3.300E+03|                      NaN|   0.0000000000000000E+00|          0|
 1|   3.350E+03|                      NaN|   0.0000000000000000E+00|          0|
 1|   3.400E+03|                      NaN|   0.0000000000000000E+00|          0|
 1|   3.450E+03|                      NaN|   0.0000000000000000E+00|          0|
 1|   3.500E+03|                      NaN|   0.0000000000000000E+00|          0|
 1|   3.550E+03|                      NaN|   0.0000000000000000E+00|          0|
 1|   3.600E+03|                      NaN|   0.0000000000000000E+00|          0|
 1|   3.650E+03|                      NaN|   0.0000000000000000E+00|          0|
 1|   3.700E+03|                      NaN|   0.0000000000000000E+00|          0|
 1|   3.750E+03|                      NaN|   0.0000000000000000E+00|          0|
 1|   3.800E+03|                      NaN|   0.0000000000000000E+00|          0|
 1|   3.850E+03|                      NaN|   0.0000000000000000E+00|          0|
 1|   3.900E+03|                 Infinity|   1.0000000000000000E+00|          1|
 1|   3.950E+03|                      NaN|   0.0000000000000000E+00|          0|
 1|   4.000E+03|                      NaN|   0.0000000000000000E+00|          0|
 1|   4.050E+03|                      NaN|   0.0000000000000000E+00|          0|
 1|   4.100E+03|                 Infinity|   1.0000000000000000E+00|          1|
 1|   4.150E+03|                      NaN|   0.0000000000000000E+00|          0|
 1|   4.200E+03|                      NaN|   0.0000000000000000E+00|          0|
 1|   4.250E+03|                      NaN|   0.0000000000000000E+00|          0|
 1|   4.300E+03|                      NaN|   0.0000000000000000E+00|          0|
 1|   4.350E+03|                      NaN|   0.0000000000000000E+00|          0|
 1|   4.400E+03|                      NaN|   0.0000000000000000E+00|          0|
 1|   4.450E+03|                      NaN|   0.0000000000000000E+00|          0|
 1|   4.500E+03|                      NaN|   0.0000000000000000E+00|          0|
 1|   4.550E+03|                      NaN|   0.0000000000000000E+00|          0|
 1|   4.600E+03|                      NaN|   0.0000000000000000E+00|          0|
 1|   4.650E+03|                      NaN|   0.0000000000000000E+00|          0|
 1|   4.700E+03|                 Infinity|   1.0000000000000000E+00|          1|
 1|   4.750E+03|                      NaN|   0.0000000000000000E+00|          0|
 1|   4.800E+03|                      NaN|   0.0000000000000000E+00|          0|
 1|   4.850E+03|                      NaN|   0.0000000000000000E+00|          0|
 1|   4.900E+03|                      NaN|   0.0000000000000000E+00|          0|
 1|   4.950E+03|                      NaN|   0.0000000000000000E+00|          0|
# integrated result:   2.0484455683773303E-05
#
# Histogram 2: m_jj                                              
 2|   0.000E+00|                      NaN|   0.0000000000000000E+00|          0|
 2|   2.000E+00|                      NaN|   0.0000000000000000E+00|          0|
 2|   4.000E+00|                      NaN|   0.0000000000000000E+00|          0|
 2|   6.000E+00|                      NaN|   0.0000000000000000E+00|          0|
 2|   8.000E+00|                      NaN|   0.0000000000000000E+00|          0|
 2|   1.000E+01|                      NaN|   0.0000000000000000E+00|          0|
 2|   1.200E+01|                      NaN|   0.0000000000000000E+00|          0|
 2|   1.400E+01|                      NaN|   0.0000000000000000E+00|          0|
 2|   1.600E+01|                      NaN|   0.0000000000000000E+00|          0|
 2|   1.800E+01|                      NaN|   0.0000000000000000E+00|          0|
 2|   2.000E+01|                      NaN|   0.0000000000000000E+00|          0|
 2|   2.200E+01|                      NaN|   0.0000000000000000E+00|          0|
 2|   2.400E+01|                      NaN|   0.0000000000000000E+00|          0|
 2|   2.600E+01|                      NaN|   0.0000000000000000E+00|          0|
 2|   2.800E+01|                      NaN|   0.0000000000000000E+00|          0|
 2|   3.000E+01|                      NaN|   0.0000000000000000E+00|          0|
 2|   3.200E+01|                      NaN|   0.0000000000000000E+00|          0|
 2|   3.400E+01|                      NaN|   0.0000000000000000E+00|          0|
 2|   3.600E+01|                      NaN|   0.0000000000000000E+00|          0|
 2|   3.800E+01|                      NaN|   0.0000000000000000E+00|          0|
 2|   4.000E+01|                      NaN|   0.0000000000000000E+00|          0|
 2|   4.200E+01|                      NaN|   0.0000000000000000E+00|          0|
 2|   4.400E+01|                      NaN|   0.0000000000000000E+00|          0|
 2|   4.600E+01|                      NaN|   0.0000000000000000E+00|          0|
 2|   4.800E+01|                      NaN|   0.0000000000000000E+00|          0|
 2|   5.000E+01|                      NaN|   0.0000000000000000E+00|          0|
 2|   5.200E+01|                      NaN|   0.0000000000000000E+00|          0|
 2|   5.400E+01|                      NaN|   0.0000000000000000E+00|          0|
 2|   5.600E+01|                      NaN|   0.0000000000000000E+00|          0|
 2|   5.800E+01|                      NaN|   0.0000000000000000E+00|          0|
 2|   6.000E+01|                      NaN|   0.0000000000000000E+00|          0|
 2|   6.200E+01|                      NaN|   0.0000000000000000E+00|          0|
 2|   6.400E+01|                      NaN|   0.0000000000000000E+00|          0|
 2|   6.600E+01|                      NaN|   0.0000000000000000E+00|          0|
 2|   6.800E+01|                      NaN|   0.0000000000000000E+00|          0|
 2|   7.000E+01|                 Infinity|   7.3323557510676651E-02|        186|
 2|   7.200E+01|                 Infinity|   6.6666666666666666E-02|        225|
 2|   7.400E+01|                 Infinity|   6.6815310478106099E-02|        224|
 2|   7.600E+01|                 Infinity|   6.7884423330213065E-02|        217|
 2|   7.800E+01|                 Infinity|   6.5372045046061339E-02|        234|
 2|   8.000E+01|                 Infinity|   6.8041381743977170E-02|        216|
 2|   8.200E+01|                 Infinity|   5.8321184351980429E-02|        294|
 2|   8.400E+01|                 Infinity|   6.4549722436790274E-02|        240|
 2|   8.600E+01|                 Infinity|   5.9234887775909233E-02|        285|
 2|   8.800E+01|                 Infinity|   5.9549133417541367E-02|        282|
 2|   9.000E+01|                 Infinity|   5.8123819371909642E-02|        296|
 2|   9.200E+01|                 Infinity|   5.8222250973958202E-02|        295|
 2|   9.400E+01|                 Infinity|   5.9654998627189357E-02|        281|
 2|   9.600E+01|                 Infinity|   5.3916386601719206E-02|        344|
 2|   9.800E+01|                 Infinity|   5.2558833122763673E-02|        362|
 2|   1.000E+02|                 Infinity|   5.3838190205816552E-02|        345|
 2|   1.020E+02|                 Infinity|   5.6254395046301198E-02|        316|
 2|   1.040E+02|                 Infinity|   5.2999894000318001E-02|        356|
 2|   1.060E+02|                 Infinity|   5.4073807043587517E-02|        342|
 2|   1.080E+02|                 Infinity|   5.5641488407465724E-02|        323|
 2|   1.100E+02|                 Infinity|   5.2851642258168990E-02|        358|
 2|   1.120E+02|                 Infinity|   5.4882129994845173E-02|        332|
 2|   1.140E+02|                 Infinity|   5.3074489243427524E-02|        355|
 2|   1.160E+02|                 Infinity|   5.1708768999501914E-02|        374|
 2|   1.180E+02|                 Infinity|   5.2128603514268693E-02|        368|
 2|   1.200E+02|                 Infinity|   5.2199575097188054E-02|        367|
 2|   1.220E+02|                 Infinity|   4.9690399499995326E-02|        405|
 2|   1.240E+02|                 Infinity|   5.0767308256680958E-02|        388|
 2|   1.260E+02|                 Infinity|   5.0188561322849559E-02|        397|
 2|   1.280E+02|                 Infinity|   4.9937616943892232E-02|        401|
 2|   1.300E+02|                 Infinity|   5.1298917604257706E-02|        380|
 2|   1.320E+02|                 Infinity|   5.1164451009665081E-02|        382|
 2|   1.340E+02|                 Infinity|   4.8970210687439175E-02|        417|
 2|   1.360E+02|                 Infinity|   5.1917413165116499E-02|        371|
 2|   1.380E+02|                 Infinity|   4.6524210519923545E-02|        462|
 2|   1.400E+02|                 Infinity|   5.0636968354183333E-02|        390|
 2|   1.420E+02|                 Infinity|   4.8737017882857933E-02|        421|
 2|   1.440E+02|                 Infinity|   4.8795003647426664E-02|        420|
 2|   1.460E+02|                 Infinity|   4.8450158311150918E-02|        426|
 2|   1.480E+02|                 Infinity|   4.9507377148833721E-02|        408|
 2|   1.500E+02|                 Infinity|   5.0702012656339383E-02|        389|
 2|   1.520E+02|                 Infinity|   4.7781848256749658E-02|        438|
 2|   1.540E+02|                 Infinity|   5.0062617432175889E-02|        399|
 2|   1.560E+02|                 Infinity|   4.8679238351123547E-02|        422|
 2|   1.580E+02|                 Infinity|   4.9813548138671788E-02|        403|
 2|   1.600E+02|                 Infinity|   4.8280454958526758E-02|        429|
 2|   1.620E+02|                 Infinity|   5.0315460542662761E-02|        395|
 2|   1.640E+02|                 Infinity|   4.8056933133221270E-02|        433|
 2|   1.660E+02|                 Infinity|   4.5786854649563009E-02|        477|
 2|   1.680E+02|                 Infinity|   4.8795003647426664E-02|        420|
 2|   1.700E+02|                 Infinity|   4.6984098573493956E-02|        453|
 2|   1.720E+02|                 Infinity|   4.9266463908214660E-02|        412|
 2|   1.740E+02|                 Infinity|   4.9690399499995326E-02|        405|
 2|   1.760E+02|                 Infinity|   4.8168305085908802E-02|        431|
 2|   1.780E+02|                 Infinity|   4.8168305085908802E-02|        431|
 2|   1.800E+02|                 Infinity|   4.9507377148833721E-02|        408|
 2|   1.820E+02|                 Infinity|   5.0572173742417362E-02|        391|
 2|   1.840E+02|                 Infinity|   5.0062617432175889E-02|        399|
 2|   1.860E+02|                 Infinity|   4.7511433814557989E-02|        443|
 2|   1.880E+02|                 Infinity|   4.8112522432468816E-02|        432|
 2|   1.900E+02|                 Infinity|   4.7457899787624949E-02|        444|
 2|   1.920E+02|                 Infinity|   4.8507125007266595E-02|        425|
 2|   1.940E+02|                 Infinity|   5.1571062312939668E-02|        376|
 2|   1.960E+02|                 Infinity|   5.1434449987363969E-02|        378|
 2|   1.980E+02|                 Infinity|   4.6077567758409141E-02|        471|
# integrated result:   2.0484455683773209E-05
#
# Histogram 3: pT(H)                                             
 3|   0.000E+00|                 Infinity|   1.5056758029762260E-02|       4411|
 3|   1.000E+01|                 Infinity|   1.3614580855202115E-02|       5395|
 3|   2.000E+01|                 Infinity|   1.4030338331657843E-02|       5080|
 3|   3.000E+01|                 Infinity|   1.4697937950463643E-02|       4629|
 3|   4.000E+01|                 Infinity|   1.5511801213942441E-02|       4156|
 3|   5.000E+01|                 Infinity|   1.6271459425797673E-02|       3777|
 3|   6.000E+01|                 Infinity|   1.6606805534831324E-02|       3626|
 3|   7.000E+01|                 Infinity|   1.7187814721168516E-02|       3385|
 3|   8.000E+01|                 Infinity|   1.7560081436822507E-02|       3243|
 3|   9.000E+01|                 Infinity|   1.8053953616852973E-02|       3068|
 3|   1.000E+02|                 Infinity|   1.8847805889708434E-02|       2815|
 3|   1.100E+02|                 Infinity|   1.9604074934445579E-02|       2602|
 3|   1.200E+02|                 Infinity|   2.0584674239815456E-02|       2360|
 3|   1.300E+02|                 Infinity|   2.1566554640687682E-02|       2150|
 3|   1.400E+02|                 Infinity|   2.2371868507134143E-02|       1998|
 3|   1.500E+02|                 Infinity|   2.3421066418221823E-02|       1823|
 3|   1.600E+02|                 Infinity|   2.4455799402225926E-02|       1672|
 3|   1.700E+02|                 Infinity|   2.5958706582558250E-02|       1484|
 3|   1.800E+02|                 Infinity|   2.7671226645624276E-02|       1306|
 3|   1.900E+02|                 Infinity|   2.9297936765452382E-02|       1165|
 3|   2.000E+02|                 Infinity|   3.0233702757845024E-02|       1094|
 3|   2.100E+02|                 Infinity|   3.2616403652672113E-02|        940|
 3|   2.200E+02|                 Infinity|   3.2359240084528680E-02|        955|
 3|   2.300E+02|                 Infinity|   3.6563621206356534E-02|        748|
 3|   2.400E+02|                 Infinity|   3.6986336072765455E-02|        731|
 3|   2.500E+02|                 Infinity|   4.0032038451271783E-02|        624|
 3|   2.600E+02|                 Infinity|   4.0522044923655388E-02|        609|
 3|   2.700E+02|                 Infinity|   4.4237395520380883E-02|        511|
 3|   2.800E+02|                 Infinity|   4.6984098573493956E-02|        453|
 3|   2.900E+02|                 Infinity|   5.0188561322849559E-02|        397|
 3|   3.000E+02|                 Infinity|   5.0443327230531826E-02|        393|
 3|   3.100E+02|                 Infinity|   5.7259833431386825E-02|        305|
 3|   3.200E+02|                 Infinity|   5.8621038176054921E-02|        291|
 3|   3.300E+02|                 Infinity|   6.3628476297577771E-02|        247|
 3|   3.400E+02|                 Infinity|   7.1066905451870152E-02|        198|
 3|   3.500E+02|                 Infinity|   6.6964953018242512E-02|        223|
 3|   3.600E+02|                 Infinity|   6.9843029576957816E-02|        205|
 3|   3.700E+02|                 Infinity|   7.2932495748947279E-02|        188|
 3|   3.800E+02|                 Infinity|   7.5377836144440907E-02|        176|
 3|   3.900E+02|                 Infinity|   8.0582296402538028E-02|        154|
 3|   4.000E+02|                 Infinity|   7.8811040623910061E-02|        161|
 3|   4.100E+02|                 Infinity|   8.7038827977848926E-02|        132|
 3|   4.200E+02|                 Infinity|   9.4072086838359728E-02|        113|
 3|   4.300E+02|                 Infinity|   1.0482848367219183E-01|         91|
 3|   4.400E+02|                 Infinity|   1.2038585308576920E-01|         69|
 3|   4.500E+02|                 Infinity|   1.1322770341445956E-01|         78|
 3|   4.600E+02|                 Infinity|   1.1785113019775793E-01|         72|
 3|   4.700E+02|                 Infinity|   1.1396057645963795E-01|         77|
 3|   4.800E+02|                 Infinity|   1.3483997249264842E-01|         55|
 3|   4.900E+02|                 Infinity|   1.3867504905630729E-01|         52|
# integrated result:   2.0484455683773293E-05
#
# Histogram 4: pT(j1)                                            
 4|   0.000E+00|                      NaN|   0.0000000000000000E+00|          0|
 4|   1.000E+01|                 Infinity|   3.1862649393858307E-02|        985|
 4|   2.000E+01|                 Infinity|   1.9996001199600141E-02|       2501|
 4|   3.000E+01|                 Infinity|   1.7172602018921460E-02|       3391|
 4|   4.000E+01|                 Infinity|   1.6239245061540772E-02|       3792|
 4|   5.000E+01|                 Infinity|   1.5099608472228406E-02|       4386|
 4|   6.000E+01|                 Infinity|   1.5077280653594389E-02|       4399|
 4|   7.000E+01|                 Infinity|   1.5053345733281098E-02|       4413|
 4|   8.000E+01|                 Infinity|   1.5421158465515792E-02|       4205|
 4|   9.000E+01|                 Infinity|   1.5756337291581362E-02|       4028|
 4|   1.000E+02|                 Infinity|   1.6369265111791279E-02|       3732|
 4|   1.100E+02|                 Infinity|   1.7102139697038572E-02|       3419|
 4|   1.200E+02|                 Infinity|   1.7806114244894065E-02|       3154|
 4|   1.300E+02|                 Infinity|   1.8442777839082939E-02|       2940|
 4|   1.400E+02|                 Infinity|   1.9370971105651492E-02|       2665|
 4|   1.500E+02|                 Infinity|   2.0455073743230655E-02|       2390|
 4|   1.600E+02|                 Infinity|   2.1621937503220529E-02|       2139|
 4|   1.700E+02|                 Infinity|   2.2697981217836876E-02|       1941|
 4|   1.800E+02|                 Infinity|   2.4217973984824139E-02|       1705|
 4|   1.900E+02|                 Infinity|   2.5375480354459794E-02|       1553|
 4|   2.000E+02|                 Infinity|   2.6783579200279007E-02|       1394|
 4|   2.100E+02|                 Infinity|   2.8093878027715371E-02|       1267|
 4|   2.200E+02|                 Infinity|   3.0192333931958418E-02|       1097|
 4|   2.300E+02|                 Infinity|   3.1798150037444670E-02|        989|
 4|   2.400E+02|                 Infinity|   3.4544426792673340E-02|        838|
 4|   2.500E+02|                 Infinity|   3.5093120317179823E-02|        812|
 4|   2.600E+02|                 Infinity|   3.8348249442368518E-02|        680|
 4|   2.700E+02|                 Infinity|   3.9405520311955031E-02|        644|
 4|   2.800E+02|                 Infinity|   4.2524325556256230E-02|        553|
 4|   2.900E+02|                 Infinity|   4.6984098573493956E-02|        453|
 4|   3.000E+02|                 Infinity|   4.6028730894916173E-02|        472|
 4|   3.100E+02|                 Infinity|   5.1987524491003641E-02|        370|
 4|   3.200E+02|                 Infinity|   5.2128603514268693E-02|        368|
 4|   3.300E+02|                 Infinity|   5.6077215409204434E-02|        318|
 4|   3.400E+02|                 Infinity|   5.7448498962142602E-02|        303|
 4|   3.500E+02|                 Infinity|   6.1313933948496581E-02|        266|
 4|   3.600E+02|                 Infinity|   6.4415662640083082E-02|        241|
 4|   3.700E+02|                 Infinity|   6.7728546147859642E-02|        218|
 4|   3.800E+02|                 Infinity|   7.3922127095457285E-02|        183|
 4|   3.900E+02|                 Infinity|   7.6923076923076927E-02|        169|
 4|   4.000E+02|                 Infinity|   7.5377836144440907E-02|        176|
 4|   4.100E+02|                 Infinity|   8.5749292571254410E-02|        136|
 4|   4.200E+02|                 Infinity|   8.9802651013387455E-02|        124|
 4|   4.300E+02|                 Infinity|   9.8058067569092022E-02|        104|
 4|   4.400E+02|                 Infinity|   1.0101525445522107E-01|         98|
 4|   4.500E+02|                 Infinity|   1.0314212462587934E-01|         94|
 4|   4.600E+02|                 Infinity|   1.1396057645963795E-01|         77|
 4|   4.700E+02|                 Infinity|   1.0976425998969035E-01|         83|
 4|   4.800E+02|                 Infinity|   1.1867816581938533E-01|         71|
 4|   4.900E+02|                 Infinity|   1.2700012700019050E-01|         62|
# integrated result:   2.0484455683773273E-05
#
# Histogram 5: dy(j1,j2)                                         
 5|  -5.000E+00|                 Infinity|   3.2091527190283999E-02|        971|
 5|  -4.800E+00|                 Infinity|   3.7011660509880265E-02|        730|
 5|  -4.600E+00|                 Infinity|   3.4179296351233165E-02|        856|
 5|  -4.400E+00|                 Infinity|   2.8398091712353239E-02|       1240|
 5|  -4.200E+00|                 Infinity|   2.4175473851486187E-02|       1711|
 5|  -4.000E+00|                 Infinity|   2.5507216374642365E-02|       1537|
 5|  -3.800E+00|                 Infinity|   2.1703261485649127E-02|       2123|
 5|  -3.600E+00|                 Infinity|   2.3312620206007845E-02|       1840|
 5|  -3.400E+00|                 Infinity|   2.2399913984495451E-02|       1993|
 5|  -3.200E+00|                 Infinity|   2.0690147215059199E-02|       2336|
 5|  -3.000E+00|                 Infinity|   2.0606514749131090E-02|       2355|
 5|  -2.800E+00|                 Infinity|   1.8824415287446387E-02|       2822|
 5|  -2.600E+00|                 Infinity|   1.7934515097395496E-02|       3109|
 5|  -2.400E+00|                 Infinity|   1.5752427045264396E-02|       4030|
 5|  -2.200E+00|                 Infinity|   1.6468855962311107E-02|       3687|
 5|  -2.000E+00|                 Infinity|   1.6864581433872119E-02|       3516|
 5|  -1.800E+00|                 Infinity|   1.6629752630943483E-02|       3616|
 5|  -1.600E+00|                 Infinity|   1.6122742092498785E-02|       3847|
 5|  -1.400E+00|                 Infinity|   1.5271180544538153E-02|       4288|
 5|  -1.200E+00|                 Infinity|   1.7269637568509903E-02|       3353|
 5|  -1.000E+00|                 Infinity|   1.6900670885446459E-02|       3501|
 5|  -8.000E-01|                 Infinity|   1.8045133184627041E-02|       3071|
 5|  -6.000E-01|                 Infinity|   2.1432398984452372E-02|       2177|
 5|  -4.000E-01|                 Infinity|   2.1447181650183562E-02|       2174|
 5|  -2.000E-01|                 Infinity|   1.9956144669641657E-02|       2511|
 5|   0.000E+00|                 Infinity|   3.1846487764924103E-02|        986|
 5|   2.000E-01|                 Infinity|   4.3852900965351466E-02|        520|
 5|   4.000E-01|                 Infinity|   4.3768810953240853E-02|        522|
 5|   6.000E-01|                 Infinity|   4.2562826537937429E-02|        552|
 5|   8.000E-01|                 Infinity|   4.1558581746169131E-02|        579|
 5|   1.000E+00|                 Infinity|   4.7351372381037843E-02|        446|
 5|   1.200E+00|                 Infinity|   6.9843029576957816E-02|        205|
 5|   1.400E+00|                 Infinity|   1.2403473458920847E-01|         65|
 5|   1.600E+00|                 Infinity|   1.3130643285972254E-01|         58|
 5|   1.800E+00|                 Infinity|   1.5249857033260467E-01|         43|
 5|   2.000E+00|                 Infinity|   1.8257418583505536E-01|         30|
 5|   2.200E+00|                 Infinity|   1.8898223650461360E-01|         28|
 5|   2.400E+00|                 Infinity|   2.1320071635561041E-01|         22|
 5|   2.600E+00|                 Infinity|   2.8867513459481292E-01|         12|
 5|   2.800E+00|                 Infinity|   2.5819888974716110E-01|         15|
 5|   3.000E+00|                 Infinity|   2.7735009811261457E-01|         13|
 5|   3.200E+00|                 Infinity|   3.3333333333333331E-01|          9|
 5|   3.400E+00|                 Infinity|   3.3333333333333331E-01|          9|
 5|   3.600E+00|                 Infinity|   4.4721359549995793E-01|          5|
 5|   3.800E+00|                 Infinity|   7.0710678118654746E-01|          2|
 5|   4.000E+00|                 Infinity|   5.7735026918962584E-01|          3|
 5|   4.200E+00|                 Infinity|   1.0000000000000000E+00|          1|
 5|   4.400E+00|                 Infinity|   1.0000000000000000E+00|          1|
 5|   4.600E+00|                      NaN|   0.0000000000000000E+00|          0|
 5|   4.800E+00|                 Infinity|   1.0000000000000000E+00|          1|
# integrated result:   2.0484455683773300E-05
#
# Histogram 6: mz1                                               
 6|   0.000E+00|                      NaN|   0.0000000000000000E+00|          0|
 6|   2.000E+00|                      NaN|   0.0000000000000000E+00|          0|
 6|   4.000E+00|                 Infinity|   2.2616563651595031E-02|       1955|
 6|   6.000E+00|                 Infinity|   2.9111125486979101E-02|       1180|
 6|   8.000E+00|                 Infinity|   3.3482476509121256E-02|        892|
 6|   1.000E+01|                 Infinity|   2.9604462320866852E-02|       1141|
 6|   1.200E+01|                 Infinity|   2.5039154291806719E-02|       1595|
 6|   1.400E+01|                 Infinity|   3.6369648372665396E-02|        756|
 6|   1.600E+01|                 Infinity|   4.5360921162651446E-02|        486|
 6|   1.800E+01|                 Infinity|   3.4219295541457743E-02|        854|
 6|   2.000E+01|                 Infinity|   4.2295493443781355E-02|        559|
 6|   2.200E+01|                 Infinity|   3.7424059428255989E-02|        714|
 6|   2.400E+01|                 Infinity|   5.5641488407465724E-02|        323|
 6|   2.600E+01|                 Infinity|   5.7831493196624020E-02|        299|
 6|   2.800E+01|                 Infinity|   6.6519010523773930E-02|        226|
 6|   3.000E+01|                 Infinity|   6.6226617853252193E-02|        228|
 6|   3.200E+01|                 Infinity|   6.4018439966447988E-02|        244|
 6|   3.400E+01|                 Infinity|   6.2622429108514954E-02|        255|
 6|   3.600E+01|                 Infinity|   5.9761430466719681E-02|        280|
 6|   3.800E+01|                 Infinity|   5.9761430466719681E-02|        280|
 6|   4.000E+01|                 Infinity|   5.4635836470815310E-02|        335|
 6|   4.200E+01|                 Infinity|   5.0062617432175889E-02|        399|
 6|   4.400E+01|                 Infinity|   3.5851736969103737E-02|        778|
 6|   4.600E+01|                 Infinity|   4.2796049251091289E-02|        546|
 6|   4.800E+01|                 Infinity|   4.4151078568834795E-02|        513|
 6|   5.000E+01|                 Infinity|   4.0356715613563091E-02|        614|
 6|   5.200E+01|                 Infinity|   3.7267799624996496E-02|        720|
 6|   5.400E+01|                 Infinity|   2.8205406366325913E-02|       1257|
 6|   5.600E+01|                 Infinity|   4.0225899335456484E-02|        618|
 6|   5.800E+01|                 Infinity|   2.9708795551115327E-02|       1133|
 6|   6.000E+01|                 Infinity|   4.4587796206770981E-02|        503|
 6|   6.200E+01|                 Infinity|   6.5094455490411943E-02|        236|
 6|   6.400E+01|                 Infinity|   6.9337524528153643E-02|        208|
 6|   6.600E+01|                 Infinity|   8.0845208345444328E-02|        153|
 6|   6.800E+01|                 Infinity|   8.0582296402538028E-02|        154|
 6|   7.000E+01|                 Infinity|   7.0186240634359645E-02|        203|
 6|   7.200E+01|                 Infinity|   7.3127242412713067E-02|        187|
 6|   7.400E+01|                 Infinity|   6.5372045046061339E-02|        234|
 6|   7.600E+01|                 Infinity|   6.0302268915552716E-02|        275|
 6|   7.800E+01|                 Infinity|   5.4799662435119099E-02|        333|
 6|   8.000E+01|                 Infinity|   3.5007002100700242E-02|        816|
 6|   8.200E+01|                 Infinity|   3.5714285714285712E-02|        784|
 6|   8.400E+01|                 Infinity|   3.4340140987172259E-02|        848|
 6|   8.600E+01|                 Infinity|   2.0223697856975240E-02|       2445|
 6|   8.800E+01|                 Infinity|   1.2189684577707985E-02|       6730|
 6|   9.000E+01|                 Infinity|   8.3882699920215190E-03|      14212|
 6|   9.200E+01|                 Infinity|   8.4167451064205978E-03|      14116|
 6|   9.400E+01|                 Infinity|   1.6816819849907811E-02|       3536|
 6|   9.600E+01|                 Infinity|   2.3952525238265181E-02|       1743|
 6|   9.800E+01|                 Infinity|   3.2478490123081544E-02|        948|
 6|   1.000E+02|                 Infinity|   5.3224629541234948E-02|        353|
 6|   1.020E+02|                 Infinity|   8.0064076902543566E-02|        156|
 6|   1.040E+02|                 Infinity|   9.9014754297667443E-02|        102|
 6|   1.060E+02|                 Infinity|   1.2126781251816648E-01|         68|
 6|   1.080E+02|                 Infinity|   1.1704114719613057E-01|         73|
 6|   1.100E+02|                 Infinity|   1.3736056394868904E-01|         53|
 6|   1.120E+02|                 Infinity|   1.2909944487358055E-01|         60|
 6|   1.140E+02|                 Infinity|   1.1785113019775793E-01|         72|
 6|   1.160E+02|                 Infinity|   1.4142135623730950E-01|         50|
 6|   1.180E+02|                 Infinity|   1.4744195615489714E-01|         46|
 6|   1.200E+02|                 Infinity|   1.5617376188860607E-01|         41|
 6|   1.220E+02|                 Infinity|   1.4142135623730950E-01|         50|
 6|   1.240E+02|                 Infinity|   1.5075567228888181E-01|         44|
 6|   1.260E+02|                 Infinity|   1.4907119849998599E-01|         45|
 6|   1.280E+02|                 Infinity|   1.4907119849998599E-01|         45|
 6|   1.300E+02|                 Infinity|   1.3483997249264842E-01|         55|
 6|   1.320E+02|                 Infinity|   1.3245323570650439E-01|         57|
 6|   1.340E+02|                 Infinity|   1.6012815380508713E-01|         39|
 6|   1.360E+02|                 Infinity|   1.6012815380508713E-01|         39|
 6|   1.380E+02|                 Infinity|   1.4586499149789456E-01|         47|
 6|   1.400E+02|                 Infinity|   1.3245323570650439E-01|         57|
 6|   1.420E+02|                 Infinity|   1.4002800840280097E-01|         51|
 6|   1.440E+02|                 Infinity|   1.3867504905630729E-01|         52|
 6|   1.460E+02|                 Infinity|   1.6222142113076254E-01|         38|
 6|   1.480E+02|                 Infinity|   1.3736056394868904E-01|         53|
 6|   1.500E+02|                 Infinity|   1.4002800840280097E-01|         51|
 6|   1.520E+02|                 Infinity|   1.3483997249264842E-01|         55|
 6|   1.540E+02|                 Infinity|   1.4586499149789456E-01|         47|
 6|   1.560E+02|                 Infinity|   1.3608276348795434E-01|         54|
 6|   1.580E+02|                 Infinity|   1.4002800840280097E-01|         51|
 6|   1.600E+02|                 Infinity|   1.3483997249264842E-01|         55|
 6|   1.620E+02|                 Infinity|   1.4142135623730950E-01|         50|
 6|   1.640E+02|                 Infinity|   1.6439898730535729E-01|         37|
 6|   1.660E+02|                 Infinity|   1.5811388300841897E-01|         40|
 6|   1.680E+02|                 Infinity|   1.6012815380508713E-01|         39|
 6|   1.700E+02|                 Infinity|   1.4285714285714285E-01|         49|
 6|   1.720E+02|                 Infinity|   1.5075567228888181E-01|         44|
 6|   1.740E+02|                 Infinity|   1.7960530202677491E-01|         31|
 6|   1.760E+02|                 Infinity|   1.4433756729740646E-01|         48|
 6|   1.780E+02|                 Infinity|   1.6439898730535729E-01|         37|
 6|   1.800E+02|                 Infinity|   2.0412414523193154E-01|         24|
 6|   1.820E+02|                 Infinity|   1.5811388300841897E-01|         40|
 6|   1.840E+02|                 Infinity|   1.9245008972987526E-01|         27|
 6|   1.860E+02|                 Infinity|   1.8569533817705186E-01|         29|
 6|   1.880E+02|                 Infinity|   1.8569533817705186E-01|         29|
 6|   1.900E+02|                 Infinity|   2.0851441405707477E-01|         23|
 6|   1.920E+02|                 Infinity|   1.6439898730535729E-01|         37|
 6|   1.940E+02|                 Infinity|   1.7407765595569785E-01|         33|
 6|   1.960E+02|                 Infinity|   2.0851441405707477E-01|         23|
 6|   1.980E+02|                 Infinity|   2.0851441405707477E-01|         23|
# integrated result:   2.0484455683773229E-05
#
# Histogram 7: mz2                                               
 7|   0.000E+00|                      NaN|   0.0000000000000000E+00|          0|
 7|   2.000E+00|                      NaN|   0.0000000000000000E+00|          0|
 7|   4.000E+00|                 Infinity|   2.2657162721472189E-02|       1948|
 7|   6.000E+00|                 Infinity|   3.0816677568068284E-02|       1053|
 7|   8.000E+00|                 Infinity|   2.9748205865436483E-02|       1130|
 7|   1.000E+01|                 Infinity|   2.9475578546806908E-02|       1151|
 7|   1.200E+01|                 Infinity|   3.1434730673096573E-02|       1012|
 7|   1.400E+01|                 Infinity|   3.1068488300060003E-02|       1036|
 7|   1.600E+01|                 Infinity|   2.9974532466509034E-02|       1113|
 7|   1.800E+01|                 Infinity|   3.1234752377721213E-02|       1025|
 7|   2.000E+01|                 Infinity|   3.0628194591584439E-02|       1066|
 7|   2.200E+01|                 Infinity|   3.0787453590353963E-02|       1055|
 7|   2.400E+01|                 Infinity|   3.0934411244487297E-02|       1045|
 7|   2.600E+01|                 Infinity|   3.3314830232638482E-02|        901|
 7|   2.800E+01|                 Infinity|   3.2969023669789349E-02|        920|
 7|   3.000E+01|                 Infinity|   3.5828718195000928E-02|        779|
 7|   3.200E+01|                 Infinity|   3.5578403348241000E-02|        790|
 7|   3.400E+01|                 Infinity|   3.6037498507822355E-02|        770|
 7|   3.600E+01|                 Infinity|   3.6345618209240697E-02|        757|
 7|   3.800E+01|                 Infinity|   3.4879005320757793E-02|        822|
 7|   4.000E+01|                 Infinity|   3.6273812505500581E-02|        760|
 7|   4.200E+01|                 Infinity|   3.5714285714285712E-02|        784|
 7|   4.400E+01|                 Infinity|   3.7037037037037035E-02|        729|
 7|   4.600E+01|                 Infinity|   4.1274417170649801E-02|        587|
 7|   4.800E+01|                 Infinity|   4.2756912480901278E-02|        547|
 7|   5.000E+01|                 Infinity|   4.0064154010750197E-02|        623|
 7|   5.200E+01|                 Infinity|   4.1030496993110906E-02|        594|
 7|   5.400E+01|                 Infinity|   4.1848697531868720E-02|        571|
 7|   5.600E+01|                 Infinity|   4.1775599314435682E-02|        573|
 7|   5.800E+01|                 Infinity|   4.1380294430118397E-02|        584|
 7|   6.000E+01|                 Infinity|   4.0756957296961119E-02|        602|
 7|   6.200E+01|                 Infinity|   3.9344473768231684E-02|        646|
 7|   6.400E+01|                 Infinity|   3.9073233258228181E-02|        655|
 7|   6.600E+01|                 Infinity|   3.6885555678165878E-02|        735|
 7|   6.800E+01|                 Infinity|   4.0128617695256406E-02|        621|
 7|   7.000E+01|                 Infinity|   3.9621442587516369E-02|        637|
 7|   7.200E+01|                 Infinity|   4.0488816508945799E-02|        610|
 7|   7.400E+01|                 Infinity|   3.8014296063485276E-02|        692|
 7|   7.600E+01|                 Infinity|   3.3903175181040524E-02|        870|
 7|   7.800E+01|                 Infinity|   3.3463724070512735E-02|        893|
 7|   8.000E+01|                 Infinity|   3.8069349381344049E-02|        690|
 7|   8.200E+01|                 Infinity|   3.3113308926626096E-02|        912|
 7|   8.400E+01|                 Infinity|   1.9944234107751271E-02|       2514|
 7|   8.600E+01|                 Infinity|   2.3884108859621590E-02|       1753|
 7|   8.800E+01|                 Infinity|   1.3575633513234717E-02|       5426|
 7|   9.000E+01|                 Infinity|   8.7790256261229410E-03|      12975|
 7|   9.200E+01|                 Infinity|   9.1340390361529713E-03|      11986|
 7|   9.400E+01|                 Infinity|   2.7236735535142165E-02|       1348|
 7|   9.600E+01|                 Infinity|   3.8461538461538464E-02|        676|
 7|   9.800E+01|                 Infinity|   6.2136976600120006E-02|        259|
 7|   1.000E+02|                 Infinity|   8.8388347648318433E-02|        128|
 7|   1.020E+02|                 Infinity|   1.1952286093343936E-01|         70|
 7|   1.040E+02|                 Infinity|   1.5430334996209191E-01|         42|
 7|   1.060E+02|                 Infinity|   1.4285714285714285E-01|         49|
 7|   1.080E+02|                 Infinity|   1.7149858514250882E-01|         34|
 7|   1.100E+02|                 Infinity|   1.6666666666666666E-01|         36|
 7|   1.120E+02|                 Infinity|   2.5000000000000000E-01|         16|
 7|   1.140E+02|                 Infinity|   2.2360679774997896E-01|         20|
 7|   1.160E+02|                 Infinity|   2.0000000000000001E-01|         25|
 7|   1.180E+02|                 Infinity|   1.9611613513818404E-01|         26|
 7|   1.200E+02|                 Infinity|   3.0151134457776363E-01|         11|
 7|   1.220E+02|                 Infinity|   2.6726124191242440E-01|         14|
 7|   1.240E+02|                 Infinity|   2.2941573387056174E-01|         19|
 7|   1.260E+02|                 Infinity|   2.5819888974716110E-01|         15|
 7|   1.280E+02|                 Infinity|   2.7735009811261457E-01|         13|
 7|   1.300E+02|                 Infinity|   3.3333333333333331E-01|          9|
 7|   1.320E+02|                 Infinity|   2.5819888974716110E-01|         15|
 7|   1.340E+02|                 Infinity|   2.2941573387056174E-01|         19|
 7|   1.360E+02|                 Infinity|   2.7735009811261457E-01|         13|
 7|   1.380E+02|                 Infinity|   2.1821789023599239E-01|         21|
 7|   1.400E+02|                 Infinity|   2.5819888974716110E-01|         15|
 7|   1.420E+02|                 Infinity|   2.5000000000000000E-01|         16|
 7|   1.440E+02|                 Infinity|   5.7735026918962584E-01|          3|
 7|   1.460E+02|                 Infinity|   3.1622776601683794E-01|         10|
 7|   1.480E+02|                 Infinity|   3.1622776601683794E-01|         10|
 7|   1.500E+02|                 Infinity|   2.8867513459481292E-01|         12|
 7|   1.520E+02|                 Infinity|   3.0151134457776363E-01|         11|
 7|   1.540E+02|                 Infinity|   4.4721359549995793E-01|          5|
 7|   1.560E+02|                 Infinity|   3.5355339059327373E-01|          8|
 7|   1.580E+02|                 Infinity|   3.7796447300922720E-01|          7|
 7|   1.600E+02|                 Infinity|   7.0710678118654746E-01|          2|
 7|   1.620E+02|                 Infinity|   5.0000000000000000E-01|          4|
 7|   1.640E+02|                 Infinity|   3.0151134457776363E-01|         11|
 7|   1.660E+02|                 Infinity|   4.0824829046386307E-01|          6|
 7|   1.680E+02|                 Infinity|   4.4721359549995793E-01|          5|
 7|   1.700E+02|                 Infinity|   4.0824829046386307E-01|          6|
 7|   1.720E+02|                 Infinity|   4.0824829046386307E-01|          6|
 7|   1.740E+02|                 Infinity|   5.7735026918962584E-01|          3|
 7|   1.760E+02|                 Infinity|   4.0824829046386307E-01|          6|
 7|   1.780E+02|                 Infinity|   4.4721359549995793E-01|          5|
 7|   1.800E+02|                 Infinity|   5.7735026918962584E-01|          3|
 7|   1.820E+02|                 Infinity|   5.7735026918962584E-01|          3|
 7|   1.840E+02|                 Infinity|   4.4721359549995793E-01|          5|
 7|   1.860E+02|                 Infinity|   4.4721359549995793E-01|          5|
 7|   1.880E+02|                 Infinity|   4.4721359549995793E-01|          5|
 7|   1.900E+02|                 Infinity|   7.0710678118654746E-01|          2|
 7|   1.920E+02|                 Infinity|   5.7735026918962584E-01|          3|
 7|   1.940E+02|                 Infinity|   1.0000000000000000E+00|          1|
 7|   1.960E+02|                 Infinity|   5.0000000000000000E-01|          4|
 7|   1.980E+02|                 Infinity|   5.0000000000000000E-01|          4|
# integrated result:   2.0484455683773283E-05
#
# Histogram 8: m_4l                                              
 8|   1.000E+02|                 Infinity|   8.2349863799614145E-03|      14746|
 8|   1.400E+02|                 Infinity|   8.3659310176281837E-03|      14288|
 8|   1.800E+02|                 Infinity|   9.7014250014533180E-03|      10625|
 8|   2.200E+02|                 Infinity|   1.1365104059653287E-02|       7742|
 8|   2.600E+02|                 Infinity|   1.3425540338526368E-02|       5548|
 8|   3.000E+02|                 Infinity|   1.6047829617631106E-02|       3883|
 8|   3.400E+02|                 Infinity|   1.8841113964807383E-02|       2817|
 8|   3.800E+02|                 Infinity|   2.2416791983111015E-02|       1990|
 8|   4.200E+02|                 Infinity|   2.6099787548594027E-02|       1468|
 8|   4.600E+02|                 Infinity|   3.1265269974036121E-02|       1023|
 8|   5.000E+02|                 Infinity|   3.4985571427065980E-02|        817|
 8|   5.400E+02|                 Infinity|   3.9777864208786498E-02|        632|
 8|   5.800E+02|                 Infinity|   4.8564293117863207E-02|        424|
 8|   6.200E+02|                 Infinity|   5.6343616981901101E-02|        315|
 8|   6.600E+02|                 Infinity|   6.4684622735315084E-02|        239|
 8|   7.000E+02|                 Infinity|   7.6249285166302333E-02|        172|
 8|   7.400E+02|                 Infinity|   7.9808688446762213E-02|        157|
 8|   7.800E+02|                 Infinity|   9.5782628522115137E-02|        109|
 8|   8.200E+02|                 Infinity|   9.9503719020998915E-02|        101|
 8|   8.600E+02|                 Infinity|   1.1396057645963795E-01|         77|
 8|   9.000E+02|                 Infinity|   1.4002800840280097E-01|         51|
 8|   9.400E+02|                 Infinity|   1.5249857033260467E-01|         43|
 8|   9.800E+02|                 Infinity|   1.5430334996209191E-01|         42|
 8|   1.020E+03|                 Infinity|   1.7677669529663687E-01|         32|
 8|   1.060E+03|                 Infinity|   2.3570226039551587E-01|         18|
 8|   1.100E+03|                 Infinity|   2.2941573387056174E-01|         19|
 8|   1.140E+03|                 Infinity|   2.2941573387056174E-01|         19|
 8|   1.180E+03|                 Infinity|   2.5000000000000000E-01|         16|
 8|   1.220E+03|                 Infinity|   2.4253562503633297E-01|         17|
 8|   1.260E+03|                 Infinity|   3.3333333333333331E-01|          9|
 8|   1.300E+03|                 Infinity|   5.7735026918962584E-01|          3|
 8|   1.340E+03|                 Infinity|   3.3333333333333331E-01|          9|
 8|   1.380E+03|                 Infinity|   4.4721359549995793E-01|          5|
 8|   1.420E+03|                 Infinity|   4.4721359549995793E-01|          5|
 8|   1.460E+03|                 Infinity|   1.0000000000000000E+00|          1|
 8|   1.500E+03|                 Infinity|   4.4721359549995793E-01|          5|
 8|   1.540E+03|                 Infinity|   5.7735026918962584E-01|          3|
 8|   1.580E+03|                 Infinity|   4.4721359549995793E-01|          5|
 8|   1.620E+03|                 Infinity|   5.7735026918962584E-01|          3|
 8|   1.660E+03|                 Infinity|   3.7796447300922720E-01|          7|
 8|   1.700E+03|                 Infinity|   7.0710678118654746E-01|          2|
 8|   1.740E+03|                      NaN|   0.0000000000000000E+00|          0|
 8|   1.780E+03|                 Infinity|   1.0000000000000000E+00|          1|
 8|   1.820E+03|                 Infinity|   7.0710678118654746E-01|          2|
 8|   1.860E+03|                 Infinity|   7.0710678118654746E-01|          2|
 8|   1.900E+03|                 Infinity|   7.0710678118654746E-01|          2|
 8|   1.940E+03|                 Infinity|   1.0000000000000000E+00|          1|
 8|   1.980E+03|                 Infinity|   1.0000000000000000E+00|          1|
 8|   2.020E+03|                      NaN|   0.0000000000000000E+00|          0|
 8|   2.060E+03|                 Infinity|   7.0710678118654746E-01|          2|
 8|   2.100E+03|                 Infinity|   1.0000000000000000E+00|          1|
 8|   2.140E+03|                      NaN|   0.0000000000000000E+00|          0|
 8|   2.180E+03|                      NaN|   0.0000000000000000E+00|          0|
 8|   2.220E+03|                 Infinity|   1.0000000000000000E+00|          1|
 8|   2.260E+03|                 Infinity|   7.0710678118654746E-01|          2|
 8|   2.300E+03|                      NaN|   0.0000000000000000E+00|          0|
 8|   2.340E+03|                      NaN|   0.0000000000000000E+00|          0|
 8|   2.380E+03|                      NaN|   0.0000000000000000E+00|          0|
 8|   2.420E+03|                      NaN|   0.0000000000000000E+00|          0|
 8|   2.460E+03|                      NaN|   0.0000000000000000E+00|          0|
 8|   2.500E+03|                 Infinity|   1.0000000000000000E+00|          1|
 8|   2.540E+03|                 Infinity|   1.0000000000000000E+00|          1|
 8|   2.580E+03|                      NaN|   0.0000000000000000E+00|          0|
 8|   2.620E+03|                      NaN|   0.0000000000000000E+00|          0|
 8|   2.660E+03|                      NaN|   0.0000000000000000E+00|          0|
 8|   2.700E+03|                      NaN|   0.0000000000000000E+00|          0|
 8|   2.740E+03|                 Infinity|   1.0000000000000000E+00|          1|
 8|   2.780E+03|                 Infinity|   1.0000000000000000E+00|          1|
 8|   2.820E+03|                      NaN|   0.0000000000000000E+00|          0|
 8|   2.860E+03|                      NaN|   0.0000000000000000E+00|          0|
 8|   2.900E+03|                 Infinity|   1.0000000000000000E+00|          1|
 8|   2.940E+03|                      NaN|   0.0000000000000000E+00|          0|
 8|   2.980E+03|                 Infinity|   1.0000000000000000E+00|          1|
 8|   3.020E+03|                      NaN|   0.0000000000000000E+00|          0|
 8|   3.060E+03|                      NaN|   0.0000000000000000E+00|          0|
 8|   3.100E+03|                      NaN|   0.0000000000000000E+00|          0|
 8|   3.140E+03|                      NaN|   0.0000000000000000E+00|          0|
 8|   3.180E+03|                      NaN|   0.0000000000000000E+00|          0|
 8|   3.220E+03|                      NaN|   0.0000000000000000E+00|          0|
 8|   3.260E+03|                      NaN|   0.0000000000000000E+00|          0|
 8|   3.300E+03|                      NaN|   0.0000000000000000E+00|          0|
 8|   3.340E+03|                      NaN|   0.0000000000000000E+00|          0|
 8|   3.380E+03|                      NaN|   0.0000000000000000E+00|          0|
 8|   3.420E+03|                      NaN|   0.0000000000000000E+00|          0|
 8|   3.460E+03|                      NaN|   0.0000000000000000E+00|          0|
 8|   3.500E+03|                      NaN|   0.0000000000000000E+00|          0|
 8|   3.540E+03|                      NaN|   0.0000000000000000E+00|          0|
 8|   3.580E+03|                      NaN|   0.0000000000000000E+00|          0|
 8|   3.620E+03|                      NaN|   0.0000000000000000E+00|          0|
 8|   3.660E+03|                      NaN|   0.0000000000000000E+00|          0|
 8|   3.700E+03|                      NaN|   0.0000000000000000E+00|          0|
 8|   3.740E+03|                      NaN|   0.0000000000000000E+00|          0|
 8|   3.780E+03|                      NaN|   0.0000000000000000E+00|          0|
 8|   3.820E+03|                      NaN|   0.0000000000000000E+00|          0|
 8|   3.860E+03|                      NaN|   0.0000000000000000E+00|          0|
 8|   3.900E+03|                      NaN|   0.0000000000000000E+00|          0|
 8|   3.940E+03|                      NaN|   0.0000000000000000E+00|          0|
 8|   3.980E+03|                      NaN|   0.0000000000000000E+00|          0|
 8|   4.020E+03|                      NaN|   0.0000000000000000E+00|          0|
 8|   4.060E+03|                      NaN|   0.0000000000000000E+00|          0|
# integrated result:   2.0484455683773266E-05
#
# Histogram 9: m_4l                                              
 9|   8.500E+01|                 Infinity|   8.7370405666103795E-02|        131|
 9|   8.600E+01|                 Infinity|   8.8045090632562384E-02|        129|
 9|   8.700E+01|                 Infinity|   9.0166963466743230E-02|        123|
 9|   8.800E+01|                 Infinity|   9.3250480824031381E-02|        115|
 9|   8.900E+01|                 Infinity|   9.6225044864937631E-02|        108|
 9|   9.000E+01|                 Infinity|   1.0846522890932808E-01|         85|
 9|   9.100E+01|                 Infinity|   1.0101525445522107E-01|         98|
 9|   9.200E+01|                 Infinity|   9.5346258924559238E-02|        110|
 9|   9.300E+01|                 Infinity|   1.0153461651336192E-01|         97|
 9|   9.400E+01|                 Infinity|   9.5346258924559238E-02|        110|
 9|   9.500E+01|                 Infinity|   8.9802651013387455E-02|        124|
 9|   9.600E+01|                 Infinity|   8.0845208345444328E-02|        153|
 9|   9.700E+01|                 Infinity|   8.1923192051904056E-02|        149|
 9|   9.800E+01|                 Infinity|   8.0845208345444328E-02|        153|
 9|   9.900E+01|                 Infinity|   7.1247049987909650E-02|        197|
 9|   1.000E+02|                 Infinity|   6.7419986246324212E-02|        220|
 9|   1.010E+02|                 Infinity|   6.7884423330213065E-02|        217|
 9|   1.020E+02|                 Infinity|   6.0412209333017698E-02|        274|
 9|   1.030E+02|                 Infinity|   6.0633906259083242E-02|        272|
 9|   1.040E+02|                 Infinity|   5.7831493196624020E-02|        299|
 9|   1.050E+02|                 Infinity|   5.5300126360933101E-02|        327|
 9|   1.060E+02|                 Infinity|   5.7735026918962568E-02|        300|
 9|   1.070E+02|                 Infinity|   5.8925565098878967E-02|        288|
 9|   1.080E+02|                 Infinity|   5.4964970992931267E-02|        331|
 9|   1.090E+02|                 Infinity|   5.1164451009665081E-02|        382|
 9|   1.100E+02|                 Infinity|   5.4392829322042119E-02|        338|
 9|   1.110E+02|                 Infinity|   5.5048188256318034E-02|        330|
 9|   1.120E+02|                 Infinity|   5.1778037307849772E-02|        373|
 9|   1.130E+02|                 Infinity|   5.1778037307849772E-02|        373|
 9|   1.140E+02|                 Infinity|   5.1708768999501914E-02|        374|
 9|   1.150E+02|                 Infinity|   5.1571062312939668E-02|        376|
 9|   1.160E+02|                 Infinity|   4.9507377148833721E-02|        408|
 9|   1.170E+02|                 Infinity|   5.1987524491003641E-02|        370|
 9|   1.180E+02|                 Infinity|   5.1434449987363969E-02|        378|
 9|   1.190E+02|                 Infinity|   5.4153036107388232E-02|        341|
 9|   1.200E+02|                 Infinity|   5.1031036307982884E-02|        384|
 9|   1.210E+02|                 Infinity|   5.0572173742417362E-02|        391|
 9|   1.220E+02|                 Infinity|   4.8564293117863207E-02|        424|
 9|   1.230E+02|                 Infinity|   4.8168305085908802E-02|        431|
 9|   1.240E+02|                 Infinity|   4.7088160934801108E-02|        451|
 9|   1.250E+02|                 Infinity|   4.6423834544262965E-02|        464|
 9|   1.260E+02|                 Infinity|   4.9568159709660962E-02|        407|
 9|   1.270E+02|                 Infinity|   5.0062617432175889E-02|        399|
 9|   1.280E+02|                 Infinity|   5.0062617432175889E-02|        399|
 9|   1.290E+02|                 Infinity|   4.8970210687439175E-02|        417|
 9|   1.300E+02|                 Infinity|   5.0507627227610534E-02|        392|
 9|   1.310E+02|                 Infinity|   5.0964719143762556E-02|        385|
 9|   1.320E+02|                 Infinity|   5.0125470711708552E-02|        398|
 9|   1.330E+02|                 Infinity|   5.0000000000000003E-02|        400|
 9|   1.340E+02|                 Infinity|   4.9326362366699003E-02|        411|
# integrated result:   2.0484455683773178E-05
#
# Histogram10: Phi1                                              
10|  -3.142E+00|                 Infinity|   2.5615775978927998E-02|       1524|
10|  -2.985E+00|                 Infinity|   2.5237723256253435E-02|       1570|
10|  -2.827E+00|                 Infinity|   2.4814583349273254E-02|       1624|
10|  -2.670E+00|                 Infinity|   2.3708933905523488E-02|       1779|
10|  -2.513E+00|                 Infinity|   2.4551430807011814E-02|       1659|
10|  -2.356E+00|                 Infinity|   2.4361276856704795E-02|       1685|
10|  -2.199E+00|                 Infinity|   2.4070194759954793E-02|       1726|
10|  -2.042E+00|                 Infinity|   2.2349507813383709E-02|       2002|
10|  -1.885E+00|                 Infinity|   2.1586644588817278E-02|       2146|
10|  -1.728E+00|                 Infinity|   2.2959706631926799E-02|       1897|
10|  -1.571E+00|                 Infinity|   2.4049303512194094E-02|       1729|
10|  -1.414E+00|                 Infinity|   2.4845199749997663E-02|       1620|
10|  -1.257E+00|                 Infinity|   2.4426598437301574E-02|       1676|
10|  -1.100E+00|                 Infinity|   2.4105134820094756E-02|       1721|
10|  -9.425E-01|                 Infinity|   2.4217973984824139E-02|       1705|
10|  -7.854E-01|                 Infinity|   2.4098134635593994E-02|       1722|
10|  -6.283E-01|                 Infinity|   2.1072487598054478E-02|       2252|
10|  -4.713E-01|                 Infinity|   2.0182467033543781E-02|       2455|
10|  -3.142E-01|                 Infinity|   2.2107884414269093E-02|       2046|
10|  -1.571E-01|                 Infinity|   2.3655804575095973E-02|       1787|
10|  -3.000E-05|                 Infinity|   2.3576776053861586E-02|       1799|
10|   1.570E-01|                 Infinity|   2.2377469175267228E-02|       1997|
10|   3.141E-01|                 Infinity|   2.0752426878823012E-02|       2322|
10|   4.712E-01|                 Infinity|   2.1526542445480877E-02|       2158|
10|   6.283E-01|                 Infinity|   2.4968808471946116E-02|       1604|
10|   7.854E-01|                 Infinity|   2.5751310131230238E-02|       1508|
10|   9.424E-01|                 Infinity|   2.5086383169282252E-02|       1589|
10|   1.100E+00|                 Infinity|   2.5424641809046068E-02|       1547|
10|   1.257E+00|                 Infinity|   2.5102185616940248E-02|       1587|
10|   1.414E+00|                 Infinity|   2.4806946917841691E-02|       1625|
10|   1.571E+00|                 Infinity|   2.4196695924791362E-02|       1708|
10|   1.728E+00|                 Infinity|   2.3498534324630827E-02|       1811|
10|   1.885E+00|                 Infinity|   2.3318957740501974E-02|       1839|
10|   2.042E+00|                 Infinity|   2.3440361546924769E-02|       1820|
10|   2.199E+00|                 Infinity|   2.4588511980245170E-02|       1654|
10|   2.356E+00|                 Infinity|   2.3980056885558414E-02|       1739|
10|   2.513E+00|                 Infinity|   2.4382992454708537E-02|       1682|
10|   2.670E+00|                 Infinity|   2.4678196820164200E-02|       1642|
10|   2.827E+00|                 Infinity|   2.4961028814965893E-02|       1605|
10|   2.984E+00|                 Infinity|   2.5666350116967267E-02|       1518|
# integrated result:   2.0484455683773297E-05
#
