#
# column #1=histogram, #2=x-axis bin, #3=binned cross-section, #4=error, #5=number of events 
# this can be easily plotted in gnuplot with the commands:
#    NHi=3
#    plot 'output.dat' using ($2):($1==NHi ? $3 : 1/0) w st
# where NHi selects the histogram
#
#
# run time =      -0.00min
# TotCS =      2.0774152854E-03           1.86773E-03
#
# Histogram 1: m_jj                                              
 1|   0.000E+00|                      NaN|   0.0000000000000000E+00|          0|
 1|   5.000E+01|                 Infinity|   3.9961974292103356E-03|      62619|
 1|   1.000E+02|                 Infinity|   2.2338352580438516E-02|       2004|
 1|   1.500E+02|                 Infinity|   6.5094455490411943E-02|        236|
 1|   2.000E+02|                 Infinity|   1.2803687993289598E-01|         61|
 1|   2.500E+02|                 Infinity|   2.4253562503633297E-01|         17|
 1|   3.000E+02|                 Infinity|   3.0151134457776363E-01|         11|
 1|   3.500E+02|                 Infinity|   5.0000000000000000E-01|          4|
 1|   4.000E+02|                 Infinity|   1.0000000000000000E+00|          1|
 1|   4.500E+02|                 Infinity|   1.0000000000000000E+00|          1|
 1|   5.000E+02|                      NaN|   0.0000000000000000E+00|          0|
 1|   5.500E+02|                      NaN|   0.0000000000000000E+00|          0|
 1|   6.000E+02|                      NaN|   0.0000000000000000E+00|          0|
 1|   6.500E+02|                      NaN|   0.0000000000000000E+00|          0|
 1|   7.000E+02|                      NaN|   0.0000000000000000E+00|          0|
 1|   7.500E+02|                      NaN|   0.0000000000000000E+00|          0|
 1|   8.000E+02|                      NaN|   0.0000000000000000E+00|          0|
 1|   8.500E+02|                      NaN|   0.0000000000000000E+00|          0|
 1|   9.000E+02|                      NaN|   0.0000000000000000E+00|          0|
 1|   9.500E+02|                      NaN|   0.0000000000000000E+00|          0|
 1|   1.000E+03|                      NaN|   0.0000000000000000E+00|          0|
 1|   1.050E+03|                      NaN|   0.0000000000000000E+00|          0|
 1|   1.100E+03|                      NaN|   0.0000000000000000E+00|          0|
 1|   1.150E+03|                      NaN|   0.0000000000000000E+00|          0|
 1|   1.200E+03|                      NaN|   0.0000000000000000E+00|          0|
 1|   1.250E+03|                      NaN|   0.0000000000000000E+00|          0|
 1|   1.300E+03|                      NaN|   0.0000000000000000E+00|          0|
 1|   1.350E+03|                      NaN|   0.0000000000000000E+00|          0|
 1|   1.400E+03|                      NaN|   0.0000000000000000E+00|          0|
 1|   1.450E+03|                      NaN|   0.0000000000000000E+00|          0|
 1|   1.500E+03|                      NaN|   0.0000000000000000E+00|          0|
 1|   1.550E+03|                      NaN|   0.0000000000000000E+00|          0|
 1|   1.600E+03|                      NaN|   0.0000000000000000E+00|          0|
 1|   1.650E+03|                      NaN|   0.0000000000000000E+00|          0|
 1|   1.700E+03|                      NaN|   0.0000000000000000E+00|          0|
 1|   1.750E+03|                      NaN|   0.0000000000000000E+00|          0|
 1|   1.800E+03|                      NaN|   0.0000000000000000E+00|          0|
 1|   1.850E+03|                      NaN|   0.0000000000000000E+00|          0|
 1|   1.900E+03|                      NaN|   0.0000000000000000E+00|          0|
 1|   1.950E+03|                      NaN|   0.0000000000000000E+00|          0|
 1|   2.000E+03|                      NaN|   0.0000000000000000E+00|          0|
 1|   2.050E+03|                      NaN|   0.0000000000000000E+00|          0|
 1|   2.100E+03|                      NaN|   0.0000000000000000E+00|          0|
 1|   2.150E+03|                      NaN|   0.0000000000000000E+00|          0|
 1|   2.200E+03|                      NaN|   0.0000000000000000E+00|          0|
 1|   2.250E+03|                      NaN|   0.0000000000000000E+00|          0|
 1|   2.300E+03|                      NaN|   0.0000000000000000E+00|          0|
 1|   2.350E+03|                      NaN|   0.0000000000000000E+00|          0|
 1|   2.400E+03|                      NaN|   0.0000000000000000E+00|          0|
 1|   2.450E+03|                      NaN|   0.0000000000000000E+00|          0|
 1|   2.500E+03|                      NaN|   0.0000000000000000E+00|          0|
 1|   2.550E+03|                      NaN|   0.0000000000000000E+00|          0|
 1|   2.600E+03|                      NaN|   0.0000000000000000E+00|          0|
 1|   2.650E+03|                      NaN|   0.0000000000000000E+00|          0|
 1|   2.700E+03|                      NaN|   0.0000000000000000E+00|          0|
 1|   2.750E+03|                      NaN|   0.0000000000000000E+00|          0|
 1|   2.800E+03|                      NaN|   0.0000000000000000E+00|          0|
 1|   2.850E+03|                      NaN|   0.0000000000000000E+00|          0|
 1|   2.900E+03|                      NaN|   0.0000000000000000E+00|          0|
 1|   2.950E+03|                      NaN|   0.0000000000000000E+00|          0|
 1|   3.000E+03|                      NaN|   0.0000000000000000E+00|          0|
 1|   3.050E+03|                      NaN|   0.0000000000000000E+00|          0|
 1|   3.100E+03|                      NaN|   0.0000000000000000E+00|          0|
 1|   3.150E+03|                      NaN|   0.0000000000000000E+00|          0|
 1|   3.200E+03|                      NaN|   0.0000000000000000E+00|          0|
 1|   3.250E+03|                      NaN|   0.0000000000000000E+00|          0|
 1|   3.300E+03|                      NaN|   0.0000000000000000E+00|          0|
 1|   3.350E+03|                      NaN|   0.0000000000000000E+00|          0|
 1|   3.400E+03|                      NaN|   0.0000000000000000E+00|          0|
 1|   3.450E+03|                      NaN|   0.0000000000000000E+00|          0|
 1|   3.500E+03|                      NaN|   0.0000000000000000E+00|          0|
 1|   3.550E+03|                      NaN|   0.0000000000000000E+00|          0|
 1|   3.600E+03|                      NaN|   0.0000000000000000E+00|          0|
 1|   3.650E+03|                      NaN|   0.0000000000000000E+00|          0|
 1|   3.700E+03|                      NaN|   0.0000000000000000E+00|          0|
 1|   3.750E+03|                      NaN|   0.0000000000000000E+00|          0|
 1|   3.800E+03|                      NaN|   0.0000000000000000E+00|          0|
 1|   3.850E+03|                      NaN|   0.0000000000000000E+00|          0|
 1|   3.900E+03|                      NaN|   0.0000000000000000E+00|          0|
 1|   3.950E+03|                      NaN|   0.0000000000000000E+00|          0|
 1|   4.000E+03|                      NaN|   0.0000000000000000E+00|          0|
 1|   4.050E+03|                      NaN|   0.0000000000000000E+00|          0|
 1|   4.100E+03|                      NaN|   0.0000000000000000E+00|          0|
 1|   4.150E+03|                      NaN|   0.0000000000000000E+00|          0|
 1|   4.200E+03|                      NaN|   0.0000000000000000E+00|          0|
 1|   4.250E+03|                      NaN|   0.0000000000000000E+00|          0|
 1|   4.300E+03|                      NaN|   0.0000000000000000E+00|          0|
 1|   4.350E+03|                      NaN|   0.0000000000000000E+00|          0|
 1|   4.400E+03|                      NaN|   0.0000000000000000E+00|          0|
 1|   4.450E+03|                      NaN|   0.0000000000000000E+00|          0|
 1|   4.500E+03|                      NaN|   0.0000000000000000E+00|          0|
 1|   4.550E+03|                      NaN|   0.0000000000000000E+00|          0|
 1|   4.600E+03|                      NaN|   0.0000000000000000E+00|          0|
 1|   4.650E+03|                      NaN|   0.0000000000000000E+00|          0|
 1|   4.700E+03|                      NaN|   0.0000000000000000E+00|          0|
 1|   4.750E+03|                      NaN|   0.0000000000000000E+00|          0|
 1|   4.800E+03|                      NaN|   0.0000000000000000E+00|          0|
 1|   4.850E+03|                      NaN|   0.0000000000000000E+00|          0|
 1|   4.900E+03|                      NaN|   0.0000000000000000E+00|          0|
 1|   4.950E+03|                      NaN|   0.0000000000000000E+00|          0|
# integrated result:   2.0774152854212014E-03
#
# Histogram 2: m_jj                                              
 2|   0.000E+00|                      NaN|   0.0000000000000000E+00|          0|
 2|   2.000E+00|                      NaN|   0.0000000000000000E+00|          0|
 2|   4.000E+00|                      NaN|   0.0000000000000000E+00|          0|
 2|   6.000E+00|                      NaN|   0.0000000000000000E+00|          0|
 2|   8.000E+00|                      NaN|   0.0000000000000000E+00|          0|
 2|   1.000E+01|                      NaN|   0.0000000000000000E+00|          0|
 2|   1.200E+01|                      NaN|   0.0000000000000000E+00|          0|
 2|   1.400E+01|                      NaN|   0.0000000000000000E+00|          0|
 2|   1.600E+01|                      NaN|   0.0000000000000000E+00|          0|
 2|   1.800E+01|                      NaN|   0.0000000000000000E+00|          0|
 2|   2.000E+01|                      NaN|   0.0000000000000000E+00|          0|
 2|   2.200E+01|                      NaN|   0.0000000000000000E+00|          0|
 2|   2.400E+01|                      NaN|   0.0000000000000000E+00|          0|
 2|   2.600E+01|                      NaN|   0.0000000000000000E+00|          0|
 2|   2.800E+01|                      NaN|   0.0000000000000000E+00|          0|
 2|   3.000E+01|                      NaN|   0.0000000000000000E+00|          0|
 2|   3.200E+01|                      NaN|   0.0000000000000000E+00|          0|
 2|   3.400E+01|                      NaN|   0.0000000000000000E+00|          0|
 2|   3.600E+01|                      NaN|   0.0000000000000000E+00|          0|
 2|   3.800E+01|                      NaN|   0.0000000000000000E+00|          0|
 2|   4.000E+01|                      NaN|   0.0000000000000000E+00|          0|
 2|   4.200E+01|                      NaN|   0.0000000000000000E+00|          0|
 2|   4.400E+01|                      NaN|   0.0000000000000000E+00|          0|
 2|   4.600E+01|                      NaN|   0.0000000000000000E+00|          0|
 2|   4.800E+01|                      NaN|   0.0000000000000000E+00|          0|
 2|   5.000E+01|                      NaN|   0.0000000000000000E+00|          0|
 2|   5.200E+01|                      NaN|   0.0000000000000000E+00|          0|
 2|   5.400E+01|                      NaN|   0.0000000000000000E+00|          0|
 2|   5.600E+01|                      NaN|   0.0000000000000000E+00|          0|
 2|   5.800E+01|                      NaN|   0.0000000000000000E+00|          0|
 2|   6.000E+01|                      NaN|   0.0000000000000000E+00|          0|
 2|   6.200E+01|                      NaN|   0.0000000000000000E+00|          0|
 2|   6.400E+01|                      NaN|   0.0000000000000000E+00|          0|
 2|   6.600E+01|                      NaN|   0.0000000000000000E+00|          0|
 2|   6.800E+01|                      NaN|   0.0000000000000000E+00|          0|
 2|   7.000E+01|                 Infinity|   2.8736106756903908E-02|       1211|
 2|   7.200E+01|                 Infinity|   3.1219527052723135E-02|       1026|
 2|   7.400E+01|                 Infinity|   3.1280562354492725E-02|       1022|
 2|   7.600E+01|                 Infinity|   3.2342311367657542E-02|        956|
 2|   7.800E+01|                 Infinity|   2.7692438781085564E-02|       1304|
 2|   8.000E+01|                 Infinity|   2.9501220638256383E-02|       1149|
 2|   8.200E+01|                 Infinity|   2.9437240470473185E-02|       1154|
 2|   8.400E+01|                 Infinity|   2.5523828044507795E-02|       1535|
 2|   8.600E+01|                 Infinity|   1.9245008972987525E-02|       2700|
 2|   8.800E+01|                 Infinity|   1.2122325333513794E-02|       6805|
 2|   9.000E+01|                 Infinity|   6.2081870438715891E-03|      25946|
 2|   9.200E+01|                 Infinity|   9.3352005601867322E-03|      11475|
 2|   9.400E+01|                 Infinity|   1.8996856280406867E-02|       2771|
 2|   9.600E+01|                 Infinity|   2.0792762051726844E-02|       2313|
 2|   9.800E+01|                 Infinity|   2.8261670947211076E-02|       1252|
 2|   1.000E+02|                 Infinity|   4.8564293117863207E-02|        424|
 2|   1.020E+02|                 Infinity|   5.8925565098878967E-02|        288|
 2|   1.040E+02|                 Infinity|   7.4535599249992993E-02|        180|
 2|   1.060E+02|                 Infinity|   7.8811040623910061E-02|        161|
 2|   1.080E+02|                 Infinity|   8.8735650941611385E-02|        127|
 2|   1.100E+02|                 Infinity|   8.6066296582387042E-02|        135|
 2|   1.120E+02|                 Infinity|   9.8532927816429319E-02|        103|
 2|   1.140E+02|                 Infinity|   1.3018891098082389E-01|         59|
 2|   1.160E+02|                 Infinity|   1.2126781251816648E-01|         68|
 2|   1.180E+02|                 Infinity|   1.3245323570650439E-01|         57|
 2|   1.200E+02|                 Infinity|   1.5430334996209191E-01|         42|
 2|   1.220E+02|                 Infinity|   1.5617376188860607E-01|         41|
 2|   1.240E+02|                 Infinity|   1.5249857033260467E-01|         43|
 2|   1.260E+02|                 Infinity|   1.6903085094570330E-01|         35|
 2|   1.280E+02|                 Infinity|   2.1821789023599239E-01|         21|
 2|   1.300E+02|                 Infinity|   1.8569533817705186E-01|         29|
 2|   1.320E+02|                 Infinity|   2.5000000000000000E-01|         16|
 2|   1.340E+02|                 Infinity|   2.2941573387056174E-01|         19|
 2|   1.360E+02|                 Infinity|   1.9611613513818404E-01|         26|
 2|   1.380E+02|                 Infinity|   2.1821789023599239E-01|         21|
 2|   1.400E+02|                 Infinity|   2.0000000000000001E-01|         25|
 2|   1.420E+02|                 Infinity|   1.7960530202677491E-01|         31|
 2|   1.440E+02|                 Infinity|   2.6726124191242440E-01|         14|
 2|   1.460E+02|                 Infinity|   2.0412414523193154E-01|         24|
 2|   1.480E+02|                 Infinity|   2.5819888974716110E-01|         15|
 2|   1.500E+02|                 Infinity|   2.2941573387056174E-01|         19|
 2|   1.520E+02|                 Infinity|   3.1622776601683794E-01|         10|
 2|   1.540E+02|                 Infinity|   2.4253562503633297E-01|         17|
 2|   1.560E+02|                 Infinity|   2.7735009811261457E-01|         13|
 2|   1.580E+02|                 Infinity|   3.5355339059327373E-01|          8|
 2|   1.600E+02|                 Infinity|   3.1622776601683794E-01|         10|
 2|   1.620E+02|                 Infinity|   3.3333333333333331E-01|          9|
 2|   1.640E+02|                 Infinity|   2.5819888974716110E-01|         15|
 2|   1.660E+02|                 Infinity|   2.6726124191242440E-01|         14|
 2|   1.680E+02|                 Infinity|   2.7735009811261457E-01|         13|
 2|   1.700E+02|                 Infinity|   2.7735009811261457E-01|         13|
 2|   1.720E+02|                 Infinity|   2.8867513459481292E-01|         12|
 2|   1.740E+02|                 Infinity|   3.0151134457776363E-01|         11|
 2|   1.760E+02|                 Infinity|   3.1622776601683794E-01|         10|
 2|   1.780E+02|                 Infinity|   4.4721359549995793E-01|          5|
 2|   1.800E+02|                 Infinity|   2.8867513459481292E-01|         12|
 2|   1.820E+02|                 Infinity|   4.4721359549995793E-01|          5|
 2|   1.840E+02|                 Infinity|   5.0000000000000000E-01|          4|
 2|   1.860E+02|                 Infinity|   2.8867513459481292E-01|         12|
 2|   1.880E+02|                 Infinity|   4.0824829046386307E-01|          6|
 2|   1.900E+02|                 Infinity|   7.0710678118654746E-01|          2|
 2|   1.920E+02|                 Infinity|   4.4721359549995793E-01|          5|
 2|   1.940E+02|                 Infinity|   5.7735026918962584E-01|          3|
 2|   1.960E+02|                 Infinity|   4.4721359549995793E-01|          5|
 2|   1.980E+02|                 Infinity|   5.7735026918962584E-01|          3|
# integrated result:   2.0774152854211962E-03
#
# Histogram 3: pT(H)                                             
 3|   0.000E+00|                 Infinity|   1.6736548175114462E-02|       3570|
 3|   1.000E+01|                 Infinity|   1.2707188138575309E-02|       6193|
 3|   2.000E+01|                 Infinity|   1.3420703177375475E-02|       5552|
 3|   3.000E+01|                 Infinity|   1.4717026189611597E-02|       4617|
 3|   4.000E+01|                 Infinity|   1.4932027335788824E-02|       4485|
 3|   5.000E+01|                 Infinity|   1.5218038588185883E-02|       4318|
 3|   6.000E+01|                 Infinity|   1.5889037089179058E-02|       3961|
 3|   7.000E+01|                 Infinity|   1.6543055566182172E-02|       3654|
 3|   8.000E+01|                 Infinity|   1.6924859635316470E-02|       3491|
 3|   9.000E+01|                 Infinity|   1.7738751654443555E-02|       3178|
 3|   1.000E+02|                 Infinity|   1.8553546269482774E-02|       2905|
 3|   1.100E+02|                 Infinity|   1.9547811329657872E-02|       2617|
 3|   1.200E+02|                 Infinity|   2.0815272356090667E-02|       2308|
 3|   1.300E+02|                 Infinity|   2.2016606784635510E-02|       2063|
 3|   1.400E+02|                 Infinity|   2.3836564731139809E-02|       1760|
 3|   1.500E+02|                 Infinity|   2.5165695359475018E-02|       1579|
 3|   1.600E+02|                 Infinity|   2.8082797815086519E-02|       1268|
 3|   1.700E+02|                 Infinity|   3.0303030303030304E-02|       1089|
 3|   1.800E+02|                 Infinity|   3.2207831320041541E-02|        964|
 3|   1.900E+02|                 Infinity|   3.4360406637202474E-02|        847|
 3|   2.000E+02|                 Infinity|   3.9904344223381107E-02|        628|
 3|   2.100E+02|                 Infinity|   4.2107596053325952E-02|        564|
 3|   2.200E+02|                 Infinity|   4.5175395145262566E-02|        490|
 3|   2.300E+02|                 Infinity|   5.1778037307849772E-02|        373|
 3|   2.400E+02|                 Infinity|   5.4312544659356844E-02|        339|
 3|   2.500E+02|                 Infinity|   5.8321184351980429E-02|        294|
 3|   2.600E+02|                 Infinity|   6.2622429108514954E-02|        255|
 3|   2.700E+02|                 Infinity|   6.4684622735315084E-02|        239|
 3|   2.800E+02|                 Infinity|   7.5164602800282893E-02|        177|
 3|   2.900E+02|                 Infinity|   7.9808688446762213E-02|        157|
 3|   3.000E+02|                 Infinity|   8.1649658092772609E-02|        150|
 3|   3.100E+02|                 Infinity|   9.2057461789832346E-02|        118|
 3|   3.200E+02|                 Infinity|   1.0540925533894598E-01|         90|
 3|   3.300E+02|                 Infinity|   1.0976425998969035E-01|         83|
 3|   3.400E+02|                 Infinity|   1.2038585308576920E-01|         69|
 3|   3.500E+02|                 Infinity|   1.2500000000000000E-01|         64|
 3|   3.600E+02|                 Infinity|   1.3483997249264842E-01|         55|
 3|   3.700E+02|                 Infinity|   1.5430334996209191E-01|         42|
 3|   3.800E+02|                 Infinity|   1.4586499149789456E-01|         47|
 3|   3.900E+02|                 Infinity|   1.6012815380508713E-01|         39|
 3|   4.000E+02|                 Infinity|   1.9611613513818404E-01|         26|
 3|   4.100E+02|                 Infinity|   2.0851441405707477E-01|         23|
 3|   4.200E+02|                 Infinity|   1.9611613513818404E-01|         26|
 3|   4.300E+02|                 Infinity|   2.7735009811261457E-01|         13|
 3|   4.400E+02|                 Infinity|   2.6726124191242440E-01|         14|
 3|   4.500E+02|                 Infinity|   1.9245008972987526E-01|         27|
 3|   4.600E+02|                 Infinity|   2.5000000000000000E-01|         16|
 3|   4.700E+02|                 Infinity|   3.3333333333333331E-01|          9|
 3|   4.800E+02|                 Infinity|   3.3333333333333331E-01|          9|
 3|   4.900E+02|                 Infinity|   3.0151134457776363E-01|         11|
# integrated result:   2.0774152854212014E-03
#
# Histogram 4: pT(j1)                                            
 4|   0.000E+00|                      NaN|   0.0000000000000000E+00|          0|
 4|   1.000E+01|                 Infinity|   6.0522753266880246E-02|        273|
 4|   2.000E+01|                 Infinity|   2.5070610528195009E-02|       1591|
 4|   3.000E+01|                 Infinity|   1.4595818604994154E-02|       4694|
 4|   4.000E+01|                 Infinity|   1.0626878549845030E-02|       8855|
 4|   5.000E+01|                 Infinity|   1.0519324655789383E-02|       9037|
 4|   6.000E+01|                 Infinity|   1.1680139041202724E-02|       7330|
 4|   7.000E+01|                 Infinity|   1.2824729401064426E-02|       6080|
 4|   8.000E+01|                 Infinity|   1.4144964899666776E-02|       4998|
 4|   9.000E+01|                 Infinity|   1.5569978883230457E-02|       4125|
 4|   1.000E+02|                 Infinity|   1.7077183985952000E-02|       3429|
 4|   1.100E+02|                 Infinity|   1.8751465015433733E-02|       2844|
 4|   1.200E+02|                 Infinity|   2.1190435947906452E-02|       2227|
 4|   1.300E+02|                 Infinity|   2.3081703806536465E-02|       1877|
 4|   1.400E+02|                 Infinity|   2.5932507713058290E-02|       1487|
 4|   1.500E+02|                 Infinity|   2.9488391230979426E-02|       1150|
 4|   1.600E+02|                 Infinity|   3.2616403652672113E-02|        940|
 4|   1.700E+02|                 Infinity|   3.6202430712799827E-02|        763|
 4|   1.800E+02|                 Infinity|   4.0961596025952028E-02|        596|
 4|   1.900E+02|                 Infinity|   4.5548751867427691E-02|        482|
 4|   2.000E+02|                 Infinity|   4.9386479832479478E-02|        410|
 4|   2.100E+02|                 Infinity|   5.9131239598908258E-02|        286|
 4|   2.200E+02|                 Infinity|   6.2622429108514954E-02|        255|
 4|   2.300E+02|                 Infinity|   6.5512178208041838E-02|        233|
 4|   2.400E+02|                 Infinity|   8.0845208345444328E-02|        153|
 4|   2.500E+02|                 Infinity|   8.5435765771676095E-02|        137|
 4|   2.600E+02|                 Infinity|   9.8058067569092022E-02|        104|
 4|   2.700E+02|                 Infinity|   1.0976425998969035E-01|         83|
 4|   2.800E+02|                 Infinity|   1.1396057645963795E-01|         77|
 4|   2.900E+02|                 Infinity|   1.2700012700019050E-01|         62|
 4|   3.000E+02|                 Infinity|   1.3867504905630729E-01|         52|
 4|   3.100E+02|                 Infinity|   1.5811388300841897E-01|         40|
 4|   3.200E+02|                 Infinity|   1.4433756729740646E-01|         48|
 4|   3.300E+02|                 Infinity|   1.7149858514250882E-01|         34|
 4|   3.400E+02|                 Infinity|   2.0851441405707477E-01|         23|
 4|   3.500E+02|                 Infinity|   1.9245008972987526E-01|         27|
 4|   3.600E+02|                 Infinity|   2.1821789023599239E-01|         21|
 4|   3.700E+02|                 Infinity|   2.3570226039551587E-01|         18|
 4|   3.800E+02|                 Infinity|   2.4253562503633297E-01|         17|
 4|   3.900E+02|                 Infinity|   2.8867513459481292E-01|         12|
 4|   4.000E+02|                 Infinity|   5.7735026918962584E-01|          3|
 4|   4.100E+02|                 Infinity|   3.7796447300922720E-01|          7|
 4|   4.200E+02|                 Infinity|   5.0000000000000000E-01|          4|
 4|   4.300E+02|                 Infinity|   3.1622776601683794E-01|         10|
 4|   4.400E+02|                 Infinity|   5.0000000000000000E-01|          4|
 4|   4.500E+02|                 Infinity|   4.0824829046386307E-01|          6|
 4|   4.600E+02|                 Infinity|   5.7735026918962584E-01|          3|
 4|   4.700E+02|                 Infinity|   5.7735026918962584E-01|          3|
 4|   4.800E+02|                 Infinity|   5.0000000000000000E-01|          4|
 4|   4.900E+02|                 Infinity|   3.7796447300922720E-01|          7|
# integrated result:   2.0774152854212001E-03
#
# Histogram 5: dy(j1,j2)                                         
 5|  -5.000E+00|                      NaN|   0.0000000000000000E+00|          0|
 5|  -4.800E+00|                      NaN|   0.0000000000000000E+00|          0|
 5|  -4.600E+00|                      NaN|   0.0000000000000000E+00|          0|
 5|  -4.400E+00|                      NaN|   0.0000000000000000E+00|          0|
 5|  -4.200E+00|                 Infinity|   1.0000000000000000E+00|          1|
 5|  -4.000E+00|                 Infinity|   5.0000000000000000E-01|          4|
 5|  -3.800E+00|                 Infinity|   7.0710678118654746E-01|          2|
 5|  -3.600E+00|                 Infinity|   2.6726124191242440E-01|         14|
 5|  -3.400E+00|                 Infinity|   3.0151134457776363E-01|         11|
 5|  -3.200E+00|                 Infinity|   1.8898223650461360E-01|         28|
 5|  -3.000E+00|                 Infinity|   1.6666666666666666E-01|         36|
 5|  -2.800E+00|                 Infinity|   1.1396057645963795E-01|         77|
 5|  -2.600E+00|                 Infinity|   8.2760588860236795E-02|        146|
 5|  -2.400E+00|                 Infinity|   7.0534561585859828E-02|        201|
 5|  -2.200E+00|                 Infinity|   5.6077215409204434E-02|        318|
 5|  -2.000E+00|                 Infinity|   4.4587796206770981E-02|        503|
 5|  -1.800E+00|                 Infinity|   3.7502930030867465E-02|        711|
 5|  -1.600E+00|                 Infinity|   3.1766046899489794E-02|        991|
 5|  -1.400E+00|                 Infinity|   2.8160635851807621E-02|       1261|
 5|  -1.200E+00|                 Infinity|   2.3155842232374459E-02|       1865|
 5|  -1.000E+00|                 Infinity|   1.9596545041740514E-02|       2604|
 5|  -8.000E-01|                 Infinity|   1.6678252811038963E-02|       3595|
 5|  -6.000E-01|                 Infinity|   1.5644108482131068E-02|       4086|
 5|  -4.000E-01|                 Infinity|   1.5746567130480959E-02|       4033|
 5|  -2.000E-01|                 Infinity|   1.5672903110733747E-02|       4071|
 5|   0.000E+00|                 Infinity|   1.6002560614563885E-02|       3905|
 5|   2.000E-01|                 Infinity|   1.3373813231214537E-02|       5591|
 5|   4.000E-01|                 Infinity|   1.3105810963198414E-02|       5822|
 5|   6.000E-01|                 Infinity|   1.4026197349227646E-02|       5083|
 5|   8.000E-01|                 Infinity|   1.6129032258064516E-02|       3844|
 5|   1.000E+00|                 Infinity|   1.7527682734987296E-02|       3255|
 5|   1.200E+00|                 Infinity|   1.8309368829260979E-02|       2983|
 5|   1.400E+00|                 Infinity|   1.9744962591969745E-02|       2565|
 5|   1.600E+00|                 Infinity|   2.3306287835877171E-02|       1841|
 5|   1.800E+00|                 Infinity|   2.6490647141300880E-02|       1425|
 5|   2.000E+00|                 Infinity|   2.9907430227728959E-02|       1118|
 5|   2.200E+00|                 Infinity|   3.2651157422416956E-02|        938|
 5|   2.400E+00|                 Infinity|   3.7397879600338288E-02|        715|
 5|   2.600E+00|                 Infinity|   4.3073049225394802E-02|        539|
 5|   2.800E+00|                 Infinity|   4.9751859510499458E-02|        404|
 5|   3.000E+00|                 Infinity|   7.0710678118654752E-02|        200|
 5|   3.200E+00|                 Infinity|   1.0369516947304253E-01|         93|
 5|   3.400E+00|                 Infinity|   1.5249857033260467E-01|         43|
 5|   3.600E+00|                 Infinity|   2.0851441405707477E-01|         23|
 5|   3.800E+00|                 Infinity|   4.4721359549995793E-01|          5|
 5|   4.000E+00|                 Infinity|   5.0000000000000000E-01|          4|
 5|   4.200E+00|                      NaN|   0.0000000000000000E+00|          0|
 5|   4.400E+00|                      NaN|   0.0000000000000000E+00|          0|
 5|   4.600E+00|                      NaN|   0.0000000000000000E+00|          0|
 5|   4.800E+00|                      NaN|   0.0000000000000000E+00|          0|
# integrated result:   2.0774152854211936E-03
#
# Histogram 6: mz1                                               
 6|   0.000E+00|                      NaN|   0.0000000000000000E+00|          0|
 6|   2.000E+00|                      NaN|   0.0000000000000000E+00|          0|
 6|   4.000E+00|                 Infinity|   1.9156525704423027E-02|       2725|
 6|   6.000E+00|                 Infinity|   1.6413304107465318E-02|       3712|
 6|   8.000E+00|                 Infinity|   1.7931631503020816E-02|       3110|
 6|   1.000E+01|                 Infinity|   4.1848697531868720E-02|        571|
 6|   1.200E+01|                 Infinity|   3.9374961547907886E-02|        645|
 6|   1.400E+01|                 Infinity|   2.8606478384531155E-02|       1222|
 6|   1.600E+01|                 Infinity|   2.3796037813647444E-02|       1766|
 6|   1.800E+01|                 Infinity|   3.0919620705155318E-02|       1046|
 6|   2.000E+01|                 Infinity|   3.7476584449793071E-02|        712|
 6|   2.200E+01|                 Infinity|   5.4799662435119099E-02|        333|
 6|   2.400E+01|                 Infinity|   6.1429511683395117E-02|        265|
 6|   2.600E+01|                 Infinity|   6.3372425052447792E-02|        249|
 6|   2.800E+01|                 Infinity|   7.7151674981045956E-02|        168|
 6|   3.000E+01|                 Infinity|   7.2739296745330792E-02|        189|
 6|   3.200E+01|                 Infinity|   8.0064076902543566E-02|        156|
 6|   3.400E+01|                 Infinity|   7.8811040623910061E-02|        161|
 6|   3.600E+01|                 Infinity|   7.6696498884737035E-02|        170|
 6|   3.800E+01|                 Infinity|   7.6471911290187253E-02|        171|
 6|   4.000E+01|                 Infinity|   8.0321932890249886E-02|        155|
 6|   4.200E+01|                 Infinity|   7.6028592126970551E-02|        173|
 6|   4.400E+01|                 Infinity|   7.6696498884737035E-02|        170|
 6|   4.600E+01|                 Infinity|   7.4743509275193590E-02|        179|
 6|   4.800E+01|                 Infinity|   7.4953168899586142E-02|        178|
 6|   5.000E+01|                 Infinity|   7.1981575074869450E-02|        193|
 6|   5.200E+01|                 Infinity|   6.0302268915552716E-02|        275|
 6|   5.400E+01|                 Infinity|   5.5048188256318034E-02|        330|
 6|   5.600E+01|                 Infinity|   4.9875466805381644E-02|        402|
 6|   5.800E+01|                 Infinity|   5.4964970992931267E-02|        331|
 6|   6.000E+01|                 Infinity|   5.7259833431386825E-02|        305|
 6|   6.200E+01|                 Infinity|   5.1097613030759603E-02|        383|
 6|   6.400E+01|                 Infinity|   4.6676002800933661E-02|        459|
 6|   6.600E+01|                 Infinity|   4.7351372381037843E-02|        446|
 6|   6.800E+01|                 Infinity|   4.3274232240791542E-02|        534|
 6|   7.000E+01|                 Infinity|   4.4766148103584522E-02|        499|
 6|   7.200E+01|                 Infinity|   4.4676705160877031E-02|        501|
 6|   7.400E+01|                 Infinity|   4.1922180815031851E-02|        569|
 6|   7.600E+01|                 Infinity|   3.3767600672658715E-02|        877|
 6|   7.800E+01|                 Infinity|   3.9013715732043520E-02|        657|
 6|   8.000E+01|                 Infinity|   4.1922180815031851E-02|        569|
 6|   8.200E+01|                 Infinity|   1.9932344846421823E-02|       2517|
 6|   8.400E+01|                 Infinity|   1.7442155257954561E-02|       3287|
 6|   8.600E+01|                 Infinity|   2.8618190351607124E-02|       1221|
 6|   8.800E+01|                 Infinity|   1.3665334361513131E-02|       5355|
 6|   9.000E+01|                 Infinity|   8.0000000000000002E-03|      15625|
 6|   9.200E+01|                 Infinity|   1.1547005383792516E-02|       7500|
 6|   9.400E+01|                 Infinity|   2.1349204063136496E-02|       2194|
 6|   9.600E+01|                 Infinity|   5.1917413165116499E-02|        371|
 6|   9.800E+01|                 Infinity|   6.6081860045508978E-02|        229|
 6|   1.000E+02|                 Infinity|   7.2932495748947279E-02|        188|
 6|   1.020E+02|                 Infinity|   7.3323557510676651E-02|        186|
 6|   1.040E+02|                 Infinity|   9.6673648904566353E-02|        107|
 6|   1.060E+02|                 Infinity|   1.0259783520851541E-01|         95|
 6|   1.080E+02|                 Infinity|   1.1250879009260240E-01|         79|
 6|   1.100E+02|                 Infinity|   1.1704114719613057E-01|         73|
 6|   1.120E+02|                 Infinity|   1.3483997249264842E-01|         55|
 6|   1.140E+02|                 Infinity|   1.4142135623730950E-01|         50|
 6|   1.160E+02|                 Infinity|   1.7960530202677491E-01|         31|
 6|   1.180E+02|                 Infinity|   1.7407765595569785E-01|         33|
 6|   1.200E+02|                 Infinity|   2.5000000000000000E-01|         16|
 6|   1.220E+02|                 Infinity|   2.1821789023599239E-01|         21|
 6|   1.240E+02|                 Infinity|   2.5819888974716110E-01|         15|
 6|   1.260E+02|                 Infinity|   2.7735009811261457E-01|         13|
 6|   1.280E+02|                 Infinity|   2.2360679774997896E-01|         20|
 6|   1.300E+02|                 Infinity|   3.0151134457776363E-01|         11|
 6|   1.320E+02|                 Infinity|   2.7735009811261457E-01|         13|
 6|   1.340E+02|                 Infinity|   3.5355339059327373E-01|          8|
 6|   1.360E+02|                 Infinity|   7.0710678118654746E-01|          2|
 6|   1.380E+02|                 Infinity|   3.0151134457776363E-01|         11|
 6|   1.400E+02|                 Infinity|   5.0000000000000000E-01|          4|
 6|   1.420E+02|                 Infinity|   5.0000000000000000E-01|          4|
 6|   1.440E+02|                 Infinity|   7.0710678118654746E-01|          2|
 6|   1.460E+02|                 Infinity|   5.0000000000000000E-01|          4|
 6|   1.480E+02|                 Infinity|   7.0710678118654746E-01|          2|
 6|   1.500E+02|                 Infinity|   3.3333333333333331E-01|          9|
 6|   1.520E+02|                 Infinity|   5.7735026918962584E-01|          3|
 6|   1.540E+02|                 Infinity|   5.7735026918962584E-01|          3|
 6|   1.560E+02|                 Infinity|   5.0000000000000000E-01|          4|
 6|   1.580E+02|                 Infinity|   1.0000000000000000E+00|          1|
 6|   1.600E+02|                 Infinity|   7.0710678118654746E-01|          2|
 6|   1.620E+02|                 Infinity|   5.7735026918962584E-01|          3|
 6|   1.640E+02|                 Infinity|   7.0710678118654746E-01|          2|
 6|   1.660E+02|                 Infinity|   1.0000000000000000E+00|          1|
 6|   1.680E+02|                 Infinity|   5.7735026918962584E-01|          3|
 6|   1.700E+02|                 Infinity|   1.0000000000000000E+00|          1|
 6|   1.720E+02|                      NaN|   0.0000000000000000E+00|          0|
 6|   1.740E+02|                 Infinity|   5.7735026918962584E-01|          3|
 6|   1.760E+02|                 Infinity|   5.0000000000000000E-01|          4|
 6|   1.780E+02|                      NaN|   0.0000000000000000E+00|          0|
 6|   1.800E+02|                 Infinity|   1.0000000000000000E+00|          1|
 6|   1.820E+02|                      NaN|   0.0000000000000000E+00|          0|
 6|   1.840E+02|                      NaN|   0.0000000000000000E+00|          0|
 6|   1.860E+02|                 Infinity|   7.0710678118654746E-01|          2|
 6|   1.880E+02|                      NaN|   0.0000000000000000E+00|          0|
 6|   1.900E+02|                 Infinity|   7.0710678118654746E-01|          2|
 6|   1.920E+02|                      NaN|   0.0000000000000000E+00|          0|
 6|   1.940E+02|                 Infinity|   1.0000000000000000E+00|          1|
 6|   1.960E+02|                 Infinity|   1.0000000000000000E+00|          1|
 6|   1.980E+02|                      NaN|   0.0000000000000000E+00|          0|
# integrated result:   2.0774152854212058E-03
#
# Histogram 7: mz2                                               
 7|   0.000E+00|                      NaN|   0.0000000000000000E+00|          0|
 7|   2.000E+00|                      NaN|   0.0000000000000000E+00|          0|
 7|   4.000E+00|                 Infinity|   2.1759706994462231E-02|       2112|
 7|   6.000E+00|                 Infinity|   2.6555952586407233E-02|       1418|
 7|   8.000E+00|                 Infinity|   2.7461751819054487E-02|       1326|
 7|   1.000E+01|                 Infinity|   2.8071730702217298E-02|       1269|
 7|   1.200E+01|                 Infinity|   2.8455519661223609E-02|       1235|
 7|   1.400E+01|                 Infinity|   2.9297936765452382E-02|       1165|
 7|   1.600E+01|                 Infinity|   2.9934217004462482E-02|       1116|
 7|   1.800E+01|                 Infinity|   3.1128640318234518E-02|       1032|
 7|   2.000E+01|                 Infinity|   3.1718073984777558E-02|        994|
 7|   2.200E+01|                 Infinity|   3.3296357910601343E-02|        902|
 7|   2.400E+01|                 Infinity|   3.3407655239053050E-02|        896|
 7|   2.600E+01|                 Infinity|   3.4099716973523674E-02|        860|
 7|   2.800E+01|                 Infinity|   3.5136418446315328E-02|        810|
 7|   3.000E+01|                 Infinity|   3.5714285714285712E-02|        784|
 7|   3.200E+01|                 Infinity|   3.7529331252040075E-02|        710|
 7|   3.400E+01|                 Infinity|   3.9652579285907208E-02|        636|
 7|   3.600E+01|                 Infinity|   3.9133024009741613E-02|        653|
 7|   3.800E+01|                 Infinity|   3.9497625276668211E-02|        641|
 7|   4.000E+01|                 Infinity|   4.1065078117659089E-02|        593|
 7|   4.200E+01|                 Infinity|   4.1134503489486357E-02|        591|
 7|   4.400E+01|                 Infinity|   4.2033135170919861E-02|        566|
 7|   4.600E+01|                 Infinity|   4.3726946944662608E-02|        523|
 7|   4.800E+01|                 Infinity|   4.2756912480901278E-02|        547|
 7|   5.000E+01|                 Infinity|   4.3274232240791542E-02|        534|
 7|   5.200E+01|                 Infinity|   4.2257712736425826E-02|        560|
 7|   5.400E+01|                 Infinity|   4.4324220717793628E-02|        509|
 7|   5.600E+01|                 Infinity|   4.5129368240652418E-02|        491|
 7|   5.800E+01|                 Infinity|   4.6028730894916173E-02|        472|
 7|   6.000E+01|                 Infinity|   4.7245559126153400E-02|        448|
 7|   6.200E+01|                 Infinity|   4.4632184267745179E-02|        502|
 7|   6.400E+01|                 Infinity|   4.7946330148538413E-02|        435|
 7|   6.600E+01|                 Infinity|   4.6880723093849538E-02|        455|
 7|   6.800E+01|                 Infinity|   4.9266463908214660E-02|        412|
 7|   7.000E+01|                 Infinity|   4.6175709653961020E-02|        469|
 7|   7.200E+01|                 Infinity|   4.4237395520380883E-02|        511|
 7|   7.400E+01|                 Infinity|   2.3414645289542350E-02|       1824|
 7|   7.600E+01|                 Infinity|   2.7328117197209841E-02|       1339|
 7|   7.800E+01|                 Infinity|   1.8725147156828454E-02|       2852|
 7|   8.000E+01|                 Infinity|   3.8490017945975050E-02|        675|
 7|   8.200E+01|                 Infinity|   3.0513909884867668E-02|       1074|
 7|   8.400E+01|                 Infinity|   2.5253813613805267E-02|       1568|
 7|   8.600E+01|                 Infinity|   2.1591675854376522E-02|       2145|
 7|   8.800E+01|                 Infinity|   1.2715403551192730E-02|       6185|
 7|   9.000E+01|                 Infinity|   9.2096493999256276E-03|      11790|
 7|   9.200E+01|                 Infinity|   1.4558647529524711E-02|       4718|
 7|   9.400E+01|                 Infinity|   2.2798037629377661E-02|       1924|
 7|   9.600E+01|                 Infinity|   3.4879005320757793E-02|        822|
 7|   9.800E+01|                 Infinity|   7.3323557510676651E-02|        186|
 7|   1.000E+02|                 Infinity|   9.0535746042518531E-02|        122|
 7|   1.020E+02|                 Infinity|   1.0660035817780521E-01|         88|
 7|   1.040E+02|                 Infinity|   1.1470786693528087E-01|         76|
 7|   1.060E+02|                 Infinity|   1.4285714285714285E-01|         49|
 7|   1.080E+02|                 Infinity|   1.5075567228888181E-01|         44|
 7|   1.100E+02|                 Infinity|   1.5249857033260467E-01|         43|
 7|   1.120E+02|                 Infinity|   2.1320071635561041E-01|         22|
 7|   1.140E+02|                 Infinity|   1.7149858514250882E-01|         34|
 7|   1.160E+02|                 Infinity|   2.5000000000000000E-01|         16|
 7|   1.180E+02|                 Infinity|   2.2360679774997896E-01|         20|
 7|   1.200E+02|                 Infinity|   2.2941573387056174E-01|         19|
 7|   1.220E+02|                 Infinity|   2.2360679774997896E-01|         20|
 7|   1.240E+02|                 Infinity|   3.3333333333333331E-01|          9|
 7|   1.260E+02|                 Infinity|   3.0151134457776363E-01|         11|
 7|   1.280E+02|                 Infinity|   2.7735009811261457E-01|         13|
 7|   1.300E+02|                 Infinity|   3.1622776601683794E-01|         10|
 7|   1.320E+02|                 Infinity|   3.7796447300922720E-01|          7|
 7|   1.340E+02|                 Infinity|   1.0000000000000000E+00|          1|
 7|   1.360E+02|                 Infinity|   3.1622776601683794E-01|         10|
 7|   1.380E+02|                 Infinity|   5.7735026918962584E-01|          3|
 7|   1.400E+02|                 Infinity|   3.1622776601683794E-01|         10|
 7|   1.420E+02|                 Infinity|   4.0824829046386307E-01|          6|
 7|   1.440E+02|                 Infinity|   5.0000000000000000E-01|          4|
 7|   1.460E+02|                 Infinity|   5.0000000000000000E-01|          4|
 7|   1.480E+02|                 Infinity|   7.0710678118654746E-01|          2|
 7|   1.500E+02|                 Infinity|   1.0000000000000000E+00|          1|
 7|   1.520E+02|                 Infinity|   5.7735026918962584E-01|          3|
 7|   1.540E+02|                 Infinity|   7.0710678118654746E-01|          2|
 7|   1.560E+02|                 Infinity|   5.0000000000000000E-01|          4|
 7|   1.580E+02|                 Infinity|   7.0710678118654746E-01|          2|
 7|   1.600E+02|                      NaN|   0.0000000000000000E+00|          0|
 7|   1.620E+02|                 Infinity|   7.0710678118654746E-01|          2|
 7|   1.640E+02|                 Infinity|   1.0000000000000000E+00|          1|
 7|   1.660E+02|                 Infinity|   7.0710678118654746E-01|          2|
 7|   1.680E+02|                      NaN|   0.0000000000000000E+00|          0|
 7|   1.700E+02|                 Infinity|   1.0000000000000000E+00|          1|
 7|   1.720E+02|                 Infinity|   1.0000000000000000E+00|          1|
 7|   1.740E+02|                 Infinity|   1.0000000000000000E+00|          1|
 7|   1.760E+02|                      NaN|   0.0000000000000000E+00|          0|
 7|   1.780E+02|                 Infinity|   1.0000000000000000E+00|          1|
 7|   1.800E+02|                      NaN|   0.0000000000000000E+00|          0|
 7|   1.820E+02|                 Infinity|   1.0000000000000000E+00|          1|
 7|   1.840E+02|                 Infinity|   5.7735026918962584E-01|          3|
 7|   1.860E+02|                 Infinity|   1.0000000000000000E+00|          1|
 7|   1.880E+02|                      NaN|   0.0000000000000000E+00|          0|
 7|   1.900E+02|                      NaN|   0.0000000000000000E+00|          0|
 7|   1.920E+02|                 Infinity|   1.0000000000000000E+00|          1|
 7|   1.940E+02|                 Infinity|   1.0000000000000000E+00|          1|
 7|   1.960E+02|                      NaN|   0.0000000000000000E+00|          0|
 7|   1.980E+02|                      NaN|   0.0000000000000000E+00|          0|
# integrated result:   2.0774152854212001E-03
#
# Histogram 8: m_4l                                              
 8|   1.000E+02|                 Infinity|   7.9770590574380403E-03|      15715|
 8|   1.400E+02|                 Infinity|   8.5485699011340309E-03|      13684|
 8|   1.800E+02|                 Infinity|   9.7762407356185958E-03|      10463|
 8|   2.200E+02|                 Infinity|   1.1698507190251298E-02|       7307|
 8|   2.600E+02|                 Infinity|   1.4491231834595648E-02|       4762|
 8|   3.000E+02|                 Infinity|   1.8515344006020947E-02|       2917|
 8|   3.400E+02|                 Infinity|   2.3622779563076700E-02|       1792|
 8|   3.800E+02|                 Infinity|   2.8513297425610054E-02|       1230|
 8|   4.200E+02|                 Infinity|   3.6107907233705945E-02|        767|
 8|   4.600E+02|                 Infinity|   4.3685202833051898E-02|        524|
 8|   5.000E+02|                 Infinity|   5.6343616981901101E-02|        315|
 8|   5.400E+02|                 Infinity|   6.8041381743977170E-02|        216|
 8|   5.800E+02|                 Infinity|   7.9056941504209485E-02|        160|
 8|   6.200E+02|                 Infinity|   9.8532927816429319E-02|        103|
 8|   6.600E+02|                 Infinity|   1.2216944435630522E-01|         67|
 8|   7.000E+02|                 Infinity|   1.4433756729740646E-01|         48|
 8|   7.400E+02|                 Infinity|   1.7407765595569785E-01|         33|
 8|   7.800E+02|                 Infinity|   1.9611613513818404E-01|         26|
 8|   8.200E+02|                 Infinity|   2.4253562503633297E-01|         17|
 8|   8.600E+02|                 Infinity|   2.7735009811261457E-01|         13|
 8|   9.000E+02|                 Infinity|   3.7796447300922720E-01|          7|
 8|   9.400E+02|                 Infinity|   3.5355339059327373E-01|          8|
 8|   9.800E+02|                 Infinity|   3.3333333333333331E-01|          9|
 8|   1.020E+03|                 Infinity|   7.0710678118654746E-01|          2|
 8|   1.060E+03|                 Infinity|   7.0710678118654746E-01|          2|
 8|   1.100E+03|                 Infinity|   4.4721359549995793E-01|          5|
 8|   1.140E+03|                 Infinity|   4.4721359549995793E-01|          5|
 8|   1.180E+03|                 Infinity|   4.0824829046386307E-01|          6|
 8|   1.220E+03|                 Infinity|   1.0000000000000000E+00|          1|
 8|   1.260E+03|                 Infinity|   7.0710678118654746E-01|          2|
 8|   1.300E+03|                 Infinity|   7.0710678118654746E-01|          2|
 8|   1.340E+03|                 Infinity|   5.7735026918962584E-01|          3|
 8|   1.380E+03|                 Infinity|   1.0000000000000000E+00|          1|
 8|   1.420E+03|                 Infinity|   7.0710678118654746E-01|          2|
 8|   1.460E+03|                 Infinity|   7.0710678118654746E-01|          2|
 8|   1.500E+03|                      NaN|   0.0000000000000000E+00|          0|
 8|   1.540E+03|                 Infinity|   1.0000000000000000E+00|          1|
 8|   1.580E+03|                 Infinity|   7.0710678118654746E-01|          2|
 8|   1.620E+03|                      NaN|   0.0000000000000000E+00|          0|
 8|   1.660E+03|                 Infinity|   7.0710678118654746E-01|          2|
 8|   1.700E+03|                      NaN|   0.0000000000000000E+00|          0|
 8|   1.740E+03|                 Infinity|   7.0710678118654746E-01|          2|
 8|   1.780E+03|                      NaN|   0.0000000000000000E+00|          0|
 8|   1.820E+03|                      NaN|   0.0000000000000000E+00|          0|
 8|   1.860E+03|                 Infinity|   7.0710678118654746E-01|          2|
 8|   1.900E+03|                 Infinity|   7.0710678118654746E-01|          2|
 8|   1.940E+03|                      NaN|   0.0000000000000000E+00|          0|
 8|   1.980E+03|                 Infinity|   1.0000000000000000E+00|          1|
 8|   2.020E+03|                      NaN|   0.0000000000000000E+00|          0|
 8|   2.060E+03|                      NaN|   0.0000000000000000E+00|          0|
 8|   2.100E+03|                      NaN|   0.0000000000000000E+00|          0|
 8|   2.140E+03|                      NaN|   0.0000000000000000E+00|          0|
 8|   2.180E+03|                      NaN|   0.0000000000000000E+00|          0|
 8|   2.220E+03|                      NaN|   0.0000000000000000E+00|          0|
 8|   2.260E+03|                 Infinity|   1.0000000000000000E+00|          1|
 8|   2.300E+03|                 Infinity|   1.0000000000000000E+00|          1|
 8|   2.340E+03|                      NaN|   0.0000000000000000E+00|          0|
 8|   2.380E+03|                      NaN|   0.0000000000000000E+00|          0|
 8|   2.420E+03|                 Infinity|   1.0000000000000000E+00|          1|
 8|   2.460E+03|                      NaN|   0.0000000000000000E+00|          0|
 8|   2.500E+03|                      NaN|   0.0000000000000000E+00|          0|
 8|   2.540E+03|                      NaN|   0.0000000000000000E+00|          0|
 8|   2.580E+03|                 Infinity|   1.0000000000000000E+00|          1|
 8|   2.620E+03|                      NaN|   0.0000000000000000E+00|          0|
 8|   2.660E+03|                 Infinity|   1.0000000000000000E+00|          1|
 8|   2.700E+03|                      NaN|   0.0000000000000000E+00|          0|
 8|   2.740E+03|                      NaN|   0.0000000000000000E+00|          0|
 8|   2.780E+03|                      NaN|   0.0000000000000000E+00|          0|
 8|   2.820E+03|                      NaN|   0.0000000000000000E+00|          0|
 8|   2.860E+03|                      NaN|   0.0000000000000000E+00|          0|
 8|   2.900E+03|                      NaN|   0.0000000000000000E+00|          0|
 8|   2.940E+03|                      NaN|   0.0000000000000000E+00|          0|
 8|   2.980E+03|                      NaN|   0.0000000000000000E+00|          0|
 8|   3.020E+03|                      NaN|   0.0000000000000000E+00|          0|
 8|   3.060E+03|                      NaN|   0.0000000000000000E+00|          0|
 8|   3.100E+03|                 Infinity|   1.0000000000000000E+00|          1|
 8|   3.140E+03|                 Infinity|   1.0000000000000000E+00|          1|
 8|   3.180E+03|                      NaN|   0.0000000000000000E+00|          0|
 8|   3.220E+03|                      NaN|   0.0000000000000000E+00|          0|
 8|   3.260E+03|                      NaN|   0.0000000000000000E+00|          0|
 8|   3.300E+03|                      NaN|   0.0000000000000000E+00|          0|
 8|   3.340E+03|                      NaN|   0.0000000000000000E+00|          0|
 8|   3.380E+03|                      NaN|   0.0000000000000000E+00|          0|
 8|   3.420E+03|                      NaN|   0.0000000000000000E+00|          0|
 8|   3.460E+03|                      NaN|   0.0000000000000000E+00|          0|
 8|   3.500E+03|                      NaN|   0.0000000000000000E+00|          0|
 8|   3.540E+03|                      NaN|   0.0000000000000000E+00|          0|
 8|   3.580E+03|                      NaN|   0.0000000000000000E+00|          0|
 8|   3.620E+03|                      NaN|   0.0000000000000000E+00|          0|
 8|   3.660E+03|                      NaN|   0.0000000000000000E+00|          0|
 8|   3.700E+03|                      NaN|   0.0000000000000000E+00|          0|
 8|   3.740E+03|                      NaN|   0.0000000000000000E+00|          0|
 8|   3.780E+03|                      NaN|   0.0000000000000000E+00|          0|
 8|   3.820E+03|                      NaN|   0.0000000000000000E+00|          0|
 8|   3.860E+03|                      NaN|   0.0000000000000000E+00|          0|
 8|   3.900E+03|                      NaN|   0.0000000000000000E+00|          0|
 8|   3.940E+03|                      NaN|   0.0000000000000000E+00|          0|
 8|   3.980E+03|                      NaN|   0.0000000000000000E+00|          0|
 8|   4.020E+03|                      NaN|   0.0000000000000000E+00|          0|
 8|   4.060E+03|                      NaN|   0.0000000000000000E+00|          0|
# integrated result:   2.0774152854212014E-03
#
# Histogram 9: m_4l                                              
 9|   8.500E+01|                 Infinity|   6.9504804685691590E-02|        207|
 9|   8.600E+01|                 Infinity|   6.9673301429161769E-02|        206|
 9|   8.700E+01|                 Infinity|   6.7728546147859642E-02|        218|
 9|   8.800E+01|                 Infinity|   7.0534561585859828E-02|        201|
 9|   8.900E+01|                 Infinity|   7.4329414624716636E-02|        181|
 9|   9.000E+01|                 Infinity|   7.8326044998795738E-02|        163|
 9|   9.100E+01|                 Infinity|   8.3624201000709081E-02|        143|
 9|   9.200E+01|                 Infinity|   8.4215192106651904E-02|        141|
 9|   9.300E+01|                 Infinity|   8.0582296402538028E-02|        154|
 9|   9.400E+01|                 Infinity|   7.9808688446762213E-02|        157|
 9|   9.500E+01|                 Infinity|   7.0534561585859828E-02|        201|
 9|   9.600E+01|                 Infinity|   7.0186240634359645E-02|        203|
 9|   9.700E+01|                 Infinity|   7.0014004201400484E-02|        204|
 9|   9.800E+01|                 Infinity|   6.6519010523773930E-02|        226|
 9|   9.900E+01|                 Infinity|   6.1662641597820735E-02|        263|
 9|   1.000E+02|                 Infinity|   6.6226617853252193E-02|        228|
 9|   1.010E+02|                 Infinity|   5.9761430466719681E-02|        280|
 9|   1.020E+02|                 Infinity|   5.7928444636349226E-02|        298|
 9|   1.030E+02|                 Infinity|   5.5131784641997125E-02|        329|
 9|   1.040E+02|                 Infinity|   5.3528772757218922E-02|        349|
 9|   1.050E+02|                 Infinity|   5.2057920629535355E-02|        369|
 9|   1.060E+02|                 Infinity|   5.1097613030759603E-02|        383|
 9|   1.070E+02|                 Infinity|   5.0702012656339383E-02|        389|
 9|   1.080E+02|                 Infinity|   4.9266463908214660E-02|        412|
 9|   1.090E+02|                 Infinity|   5.0443327230531826E-02|        393|
 9|   1.100E+02|                 Infinity|   4.7619047619047616E-02|        441|
 9|   1.110E+02|                 Infinity|   4.9088069367381602E-02|        415|
 9|   1.120E+02|                 Infinity|   4.7836487323493986E-02|        437|
 9|   1.130E+02|                 Infinity|   4.8001536073731928E-02|        434|
 9|   1.140E+02|                 Infinity|   4.5360921162651446E-02|        486|
 9|   1.150E+02|                 Infinity|   4.7457899787624949E-02|        444|
 9|   1.160E+02|                 Infinity|   4.8853196874603148E-02|        419|
 9|   1.170E+02|                 Infinity|   4.9386479832479478E-02|        410|
 9|   1.180E+02|                 Infinity|   4.9147318718299048E-02|        414|
 9|   1.190E+02|                 Infinity|   5.1164451009665081E-02|        382|
 9|   1.200E+02|                 Infinity|   4.6829290579084699E-02|        456|
 9|   1.210E+02|                 Infinity|   5.0507627227610534E-02|        392|
 9|   1.220E+02|                 Infinity|   4.8280454958526758E-02|        429|
 9|   1.230E+02|                 Infinity|   4.7192917818300872E-02|        449|
 9|   1.240E+02|                 Infinity|   5.1847584736521263E-02|        372|
 9|   1.250E+02|                 Infinity|   4.8970210687439175E-02|        417|
 9|   1.260E+02|                 Infinity|   4.8001536073731928E-02|        434|
 9|   1.270E+02|                 Infinity|   4.9326362366699003E-02|        411|
 9|   1.280E+02|                 Infinity|   5.0251890762960605E-02|        396|
 9|   1.290E+02|                 Infinity|   4.8970210687439175E-02|        417|
 9|   1.300E+02|                 Infinity|   5.0767308256680958E-02|        388|
 9|   1.310E+02|                 Infinity|   4.7836487323493986E-02|        437|
 9|   1.320E+02|                 Infinity|   4.9629166698546508E-02|        406|
 9|   1.330E+02|                 Infinity|   4.9266463908214660E-02|        412|
 9|   1.340E+02|                 Infinity|   4.9937616943892232E-02|        401|
# integrated result:   2.0774152854211988E-03
#
# Histogram10: Phi1                                              
10|  -3.142E+00|                 Infinity|   2.6379807127383248E-02|       1437|
10|  -2.985E+00|                 Infinity|   2.6398183867422730E-02|       1435|
10|  -2.827E+00|                 Infinity|   2.5993762245501820E-02|       1480|
10|  -2.670E+00|                 Infinity|   2.6090902514277467E-02|       1469|
10|  -2.513E+00|                 Infinity|   2.5708724836453041E-02|       1513|
10|  -2.356E+00|                 Infinity|   2.6334032657486166E-02|       1442|
10|  -2.199E+00|                 Infinity|   2.4470439211619822E-02|       1670|
10|  -2.042E+00|                 Infinity|   2.4477768982403232E-02|       1669|
10|  -1.885E+00|                 Infinity|   2.4470439211619822E-02|       1670|
10|  -1.728E+00|                 Infinity|   2.3769134427076417E-02|       1770|
10|  -1.571E+00|                 Infinity|   2.3550608702786628E-02|       1803|
10|  -1.414E+00|                 Infinity|   2.3131050102961251E-02|       1869|
10|  -1.257E+00|                 Infinity|   2.4239308278185982E-02|       1702|
10|  -1.100E+00|                 Infinity|   2.3596458909150436E-02|       1796|
10|  -9.425E-01|                 Infinity|   2.3338001400466830E-02|       1836|
10|  -7.854E-01|                 Infinity|   2.4147264420814760E-02|       1715|
10|  -6.283E-01|                 Infinity|   2.4883630089671975E-02|       1615|
10|  -4.713E-01|                 Infinity|   2.5802692909555395E-02|       1502|
10|  -3.142E-01|                 Infinity|   2.5532146059408262E-02|       1534|
10|  -1.571E-01|                 Infinity|   2.3498534324630827E-02|       1811|
10|  -3.000E-05|                 Infinity|   2.3576776053861586E-02|       1799|
10|   1.570E-01|                 Infinity|   2.5441092565739218E-02|       1545|
10|   3.141E-01|                 Infinity|   2.5157730271331381E-02|       1580|
10|   4.712E-01|                 Infinity|   2.4883630089671975E-02|       1615|
10|   6.283E-01|                 Infinity|   2.4678196820164200E-02|       1642|
10|   7.854E-01|                 Infinity|   2.3688968483956713E-02|       1782|
10|   9.424E-01|                 Infinity|   2.3980056885558414E-02|       1739|
10|   1.100E+00|                 Infinity|   2.4382992454708537E-02|       1682|
10|   1.257E+00|                 Infinity|   2.3505024736113420E-02|       1810|
10|   1.414E+00|                 Infinity|   2.3682324543709943E-02|       1783|
10|   1.571E+00|                 Infinity|   2.4049303512194094E-02|       1729|
10|   1.728E+00|                 Infinity|   2.4875929755249729E-02|       1616|
10|   1.885E+00|                 Infinity|   2.4883630089671975E-02|       1615|
10|   2.042E+00|                 Infinity|   2.4968808471946116E-02|       1604|
10|   2.199E+00|                 Infinity|   2.5845747658187181E-02|       1497|
10|   2.356E+00|                 Infinity|   2.6793191107712163E-02|       1393|
10|   2.513E+00|                 Infinity|   2.6352313834736494E-02|       1440|
10|   2.670E+00|                 Infinity|   2.5802692909555395E-02|       1502|
10|   2.827E+00|                 Infinity|   2.6688025634181191E-02|       1404|
10|   2.984E+00|                 Infinity|   2.6361468712148239E-02|       1439|
# integrated result:   2.0774152854211984E-03
#
