#
# column #1=histogram, #2=x-axis bin, #3=binned cross-section, #4=error, #5=number of events 
# this can be easily plotted in gnuplot with the commands:
#    NHi=3
#    plot 'output.dat' using ($2):($1==NHi ? $3 : 1/0) w st
# where NHi selects the histogram
#
#
# run time =      -0.00min
# TotCS =      4.5271989215E-05           7.53572E-06
#
# Histogram 1: m_jj                                              
 1|   0.000E+00|                      NaN|   0.0000000000000000E+00|          0|
 1|   5.000E+01|                 Infinity|   2.1262162778128115E-02|       2212|
 1|   1.000E+02|                 Infinity|   1.3491358179982834E-02|       5494|
 1|   1.500E+02|                 Infinity|   1.2167106887317211E-02|       6755|
 1|   2.000E+02|                 Infinity|   1.2143758664527462E-02|       6781|
 1|   2.500E+02|                 Infinity|   1.2711293853751452E-02|       6189|
 1|   3.000E+02|                 Infinity|   1.3321497260575911E-02|       5635|
 1|   3.500E+02|                 Infinity|   1.4507997924892191E-02|       4751|
 1|   4.000E+02|                 Infinity|   1.6249961914196396E-02|       3787|
 1|   4.500E+02|                 Infinity|   1.7817416127494958E-02|       3150|
 1|   5.000E+02|                 Infinity|   1.9660827175925041E-02|       2587|
 1|   5.500E+02|                 Infinity|   2.3576776053861586E-02|       1799|
 1|   6.000E+02|                 Infinity|   2.7756369082668444E-02|       1298|
 1|   6.500E+02|                 Infinity|   3.0743773095067282E-02|       1058|
 1|   7.000E+02|                 Infinity|   3.7011660509880265E-02|        730|
 1|   7.500E+02|                 Infinity|   4.5221563164613454E-02|        489|
 1|   8.000E+02|                 Infinity|   5.3838190205816552E-02|        345|
 1|   8.500E+02|                 Infinity|   6.3119440309780311E-02|        251|
 1|   9.000E+02|                 Infinity|   7.2547625011001163E-02|        190|
 1|   9.500E+02|                 Infinity|   7.3127242412713067E-02|        187|
 1|   1.000E+03|                 Infinity|   8.7370405666103795E-02|        131|
 1|   1.050E+03|                 Infinity|   9.8532927816429319E-02|        103|
 1|   1.100E+03|                 Infinity|   1.0369516947304253E-01|         93|
 1|   1.150E+03|                 Infinity|   1.1547005383792514E-01|         75|
 1|   1.200E+03|                 Infinity|   1.3867504905630729E-01|         52|
 1|   1.250E+03|                 Infinity|   1.5075567228888181E-01|         44|
 1|   1.300E+03|                 Infinity|   1.8898223650461360E-01|         28|
 1|   1.350E+03|                 Infinity|   1.6903085094570330E-01|         35|
 1|   1.400E+03|                 Infinity|   2.1320071635561041E-01|         22|
 1|   1.450E+03|                 Infinity|   2.0000000000000001E-01|         25|
 1|   1.500E+03|                 Infinity|   2.6726124191242440E-01|         14|
 1|   1.550E+03|                 Infinity|   3.3333333333333331E-01|          9|
 1|   1.600E+03|                 Infinity|   3.7796447300922720E-01|          7|
 1|   1.650E+03|                 Infinity|   3.7796447300922720E-01|          7|
 1|   1.700E+03|                 Infinity|   4.0824829046386307E-01|          6|
 1|   1.750E+03|                 Infinity|   7.0710678118654746E-01|          2|
 1|   1.800E+03|                 Infinity|   4.0824829046386307E-01|          6|
 1|   1.850E+03|                 Infinity|   4.4721359549995793E-01|          5|
 1|   1.900E+03|                 Infinity|   5.7735026918962584E-01|          3|
 1|   1.950E+03|                 Infinity|   5.0000000000000000E-01|          4|
 1|   2.000E+03|                 Infinity|   7.0710678118654746E-01|          2|
 1|   2.050E+03|                 Infinity|   7.0710678118654746E-01|          2|
 1|   2.100E+03|                 Infinity|   1.0000000000000000E+00|          1|
 1|   2.150E+03|                 Infinity|   4.0824829046386307E-01|          6|
 1|   2.200E+03|                 Infinity|   7.0710678118654746E-01|          2|
 1|   2.250E+03|                 Infinity|   5.7735026918962584E-01|          3|
 1|   2.300E+03|                 Infinity|   1.0000000000000000E+00|          1|
 1|   2.350E+03|                 Infinity|   5.7735026918962584E-01|          3|
 1|   2.400E+03|                 Infinity|   7.0710678118654746E-01|          2|
 1|   2.450E+03|                      NaN|   0.0000000000000000E+00|          0|
 1|   2.500E+03|                 Infinity|   5.7735026918962584E-01|          3|
 1|   2.550E+03|                 Infinity|   1.0000000000000000E+00|          1|
 1|   2.600E+03|                 Infinity|   7.0710678118654746E-01|          2|
 1|   2.650E+03|                 Infinity|   7.0710678118654746E-01|          2|
 1|   2.700E+03|                 Infinity|   1.0000000000000000E+00|          1|
 1|   2.750E+03|                      NaN|   0.0000000000000000E+00|          0|
 1|   2.800E+03|                 Infinity|   7.0710678118654746E-01|          2|
 1|   2.850E+03|                 Infinity|   5.7735026918962584E-01|          3|
 1|   2.900E+03|                      NaN|   0.0000000000000000E+00|          0|
 1|   2.950E+03|                      NaN|   0.0000000000000000E+00|          0|
 1|   3.000E+03|                 Infinity|   1.0000000000000000E+00|          1|
 1|   3.050E+03|                      NaN|   0.0000000000000000E+00|          0|
 1|   3.100E+03|                      NaN|   0.0000000000000000E+00|          0|
 1|   3.150E+03|                      NaN|   0.0000000000000000E+00|          0|
 1|   3.200E+03|                      NaN|   0.0000000000000000E+00|          0|
 1|   3.250E+03|                 Infinity|   1.0000000000000000E+00|          1|
 1|   3.300E+03|                 Infinity|   1.0000000000000000E+00|          1|
 1|   3.350E+03|                 Infinity|   1.0000000000000000E+00|          1|
 1|   3.400E+03|                      NaN|   0.0000000000000000E+00|          0|
 1|   3.450E+03|                      NaN|   0.0000000000000000E+00|          0|
 1|   3.500E+03|                      NaN|   0.0000000000000000E+00|          0|
 1|   3.550E+03|                      NaN|   0.0000000000000000E+00|          0|
 1|   3.600E+03|                      NaN|   0.0000000000000000E+00|          0|
 1|   3.650E+03|                      NaN|   0.0000000000000000E+00|          0|
 1|   3.700E+03|                      NaN|   0.0000000000000000E+00|          0|
 1|   3.750E+03|                      NaN|   0.0000000000000000E+00|          0|
 1|   3.800E+03|                      NaN|   0.0000000000000000E+00|          0|
 1|   3.850E+03|                      NaN|   0.0000000000000000E+00|          0|
 1|   3.900E+03|                      NaN|   0.0000000000000000E+00|          0|
 1|   3.950E+03|                      NaN|   0.0000000000000000E+00|          0|
 1|   4.000E+03|                      NaN|   0.0000000000000000E+00|          0|
 1|   4.050E+03|                      NaN|   0.0000000000000000E+00|          0|
 1|   4.100E+03|                      NaN|   0.0000000000000000E+00|          0|
 1|   4.150E+03|                      NaN|   0.0000000000000000E+00|          0|
 1|   4.200E+03|                      NaN|   0.0000000000000000E+00|          0|
 1|   4.250E+03|                      NaN|   0.0000000000000000E+00|          0|
 1|   4.300E+03|                      NaN|   0.0000000000000000E+00|          0|
 1|   4.350E+03|                      NaN|   0.0000000000000000E+00|          0|
 1|   4.400E+03|                 Infinity|   1.0000000000000000E+00|          1|
 1|   4.450E+03|                      NaN|   0.0000000000000000E+00|          0|
 1|   4.500E+03|                      NaN|   0.0000000000000000E+00|          0|
 1|   4.550E+03|                      NaN|   0.0000000000000000E+00|          0|
 1|   4.600E+03|                      NaN|   0.0000000000000000E+00|          0|
 1|   4.650E+03|                      NaN|   0.0000000000000000E+00|          0|
 1|   4.700E+03|                      NaN|   0.0000000000000000E+00|          0|
 1|   4.750E+03|                      NaN|   0.0000000000000000E+00|          0|
 1|   4.800E+03|                      NaN|   0.0000000000000000E+00|          0|
 1|   4.850E+03|                      NaN|   0.0000000000000000E+00|          0|
 1|   4.900E+03|                      NaN|   0.0000000000000000E+00|          0|
 1|   4.950E+03|                      NaN|   0.0000000000000000E+00|          0|
# integrated result:   4.5271989215145562E-05
#
# Histogram 2: m_jj                                              
 2|   0.000E+00|                      NaN|   0.0000000000000000E+00|          0|
 2|   2.000E+00|                      NaN|   0.0000000000000000E+00|          0|
 2|   4.000E+00|                      NaN|   0.0000000000000000E+00|          0|
 2|   6.000E+00|                      NaN|   0.0000000000000000E+00|          0|
 2|   8.000E+00|                      NaN|   0.0000000000000000E+00|          0|
 2|   1.000E+01|                      NaN|   0.0000000000000000E+00|          0|
 2|   1.200E+01|                      NaN|   0.0000000000000000E+00|          0|
 2|   1.400E+01|                      NaN|   0.0000000000000000E+00|          0|
 2|   1.600E+01|                      NaN|   0.0000000000000000E+00|          0|
 2|   1.800E+01|                      NaN|   0.0000000000000000E+00|          0|
 2|   2.000E+01|                      NaN|   0.0000000000000000E+00|          0|
 2|   2.200E+01|                      NaN|   0.0000000000000000E+00|          0|
 2|   2.400E+01|                      NaN|   0.0000000000000000E+00|          0|
 2|   2.600E+01|                      NaN|   0.0000000000000000E+00|          0|
 2|   2.800E+01|                      NaN|   0.0000000000000000E+00|          0|
 2|   3.000E+01|                      NaN|   0.0000000000000000E+00|          0|
 2|   3.200E+01|                      NaN|   0.0000000000000000E+00|          0|
 2|   3.400E+01|                      NaN|   0.0000000000000000E+00|          0|
 2|   3.600E+01|                      NaN|   0.0000000000000000E+00|          0|
 2|   3.800E+01|                      NaN|   0.0000000000000000E+00|          0|
 2|   4.000E+01|                      NaN|   0.0000000000000000E+00|          0|
 2|   4.200E+01|                      NaN|   0.0000000000000000E+00|          0|
 2|   4.400E+01|                      NaN|   0.0000000000000000E+00|          0|
 2|   4.600E+01|                      NaN|   0.0000000000000000E+00|          0|
 2|   4.800E+01|                      NaN|   0.0000000000000000E+00|          0|
 2|   5.000E+01|                      NaN|   0.0000000000000000E+00|          0|
 2|   5.200E+01|                      NaN|   0.0000000000000000E+00|          0|
 2|   5.400E+01|                      NaN|   0.0000000000000000E+00|          0|
 2|   5.600E+01|                      NaN|   0.0000000000000000E+00|          0|
 2|   5.800E+01|                      NaN|   0.0000000000000000E+00|          0|
 2|   6.000E+01|                      NaN|   0.0000000000000000E+00|          0|
 2|   6.200E+01|                      NaN|   0.0000000000000000E+00|          0|
 2|   6.400E+01|                      NaN|   0.0000000000000000E+00|          0|
 2|   6.600E+01|                      NaN|   0.0000000000000000E+00|          0|
 2|   6.800E+01|                      NaN|   0.0000000000000000E+00|          0|
 2|   7.000E+01|                 Infinity|   7.5809804357890337E-02|        174|
 2|   7.200E+01|                 Infinity|   8.9442719099991588E-02|        125|
 2|   7.400E+01|                 Infinity|   8.7038827977848926E-02|        132|
 2|   7.600E+01|                 Infinity|   8.3333333333333329E-02|        144|
 2|   7.800E+01|                 Infinity|   8.1378845877115941E-02|        151|
 2|   8.000E+01|                 Infinity|   9.1669849702821132E-02|        119|
 2|   8.200E+01|                 Infinity|   8.8735650941611385E-02|        127|
 2|   8.400E+01|                 Infinity|   8.0321932890249886E-02|        155|
 2|   8.600E+01|                 Infinity|   9.1669849702821132E-02|        119|
 2|   8.800E+01|                 Infinity|   7.7382323253413682E-02|        167|
 2|   9.000E+01|                 Infinity|   8.0321932890249886E-02|        155|
 2|   9.200E+01|                 Infinity|   7.6249285166302333E-02|        172|
 2|   9.400E+01|                 Infinity|   8.3045479853739973E-02|        145|
 2|   9.600E+01|                 Infinity|   7.6923076923076927E-02|        169|
 2|   9.800E+01|                 Infinity|   7.9555728417572996E-02|        158|
 2|   1.000E+02|                 Infinity|   7.4535599249992993E-02|        180|
 2|   1.020E+02|                 Infinity|   7.7615052570633281E-02|        166|
 2|   1.040E+02|                 Infinity|   7.4329414624716636E-02|        181|
 2|   1.060E+02|                 Infinity|   7.5809804357890337E-02|        174|
 2|   1.080E+02|                 Infinity|   6.9337524528153643E-02|        208|
 2|   1.100E+02|                 Infinity|   6.7884423330213065E-02|        217|
 2|   1.120E+02|                 Infinity|   7.1247049987909650E-02|        197|
 2|   1.140E+02|                 Infinity|   6.9171446386607466E-02|        209|
 2|   1.160E+02|                 Infinity|   6.5653216429861272E-02|        232|
 2|   1.180E+02|                 Infinity|   7.0888120500833582E-02|        199|
 2|   1.200E+02|                 Infinity|   7.0710678118654752E-02|        200|
 2|   1.220E+02|                 Infinity|   6.7573737839948592E-02|        219|
 2|   1.240E+02|                 Infinity|   6.4549722436790274E-02|        240|
 2|   1.260E+02|                 Infinity|   6.6815310478106099E-02|        224|
 2|   1.280E+02|                 Infinity|   6.6519010523773930E-02|        226|
 2|   1.300E+02|                 Infinity|   6.3757671306333821E-02|        246|
 2|   1.320E+02|                 Infinity|   6.4415662640083082E-02|        241|
 2|   1.340E+02|                 Infinity|   6.4549722436790274E-02|        240|
 2|   1.360E+02|                 Infinity|   6.6372331159997203E-02|        227|
 2|   1.380E+02|                 Infinity|   6.2136976600120006E-02|        259|
 2|   1.400E+02|                 Infinity|   6.6666666666666666E-02|        225|
 2|   1.420E+02|                 Infinity|   6.2745580513815860E-02|        254|
 2|   1.440E+02|                 Infinity|   6.4415662640083082E-02|        241|
 2|   1.460E+02|                 Infinity|   6.6081860045508978E-02|        229|
 2|   1.480E+02|                 Infinity|   6.2017367294604234E-02|        260|
 2|   1.500E+02|                 Infinity|   6.5372045046061339E-02|        234|
 2|   1.520E+02|                 Infinity|   6.0971076084969232E-02|        269|
 2|   1.540E+02|                 Infinity|   5.9131239598908258E-02|        286|
 2|   1.560E+02|                 Infinity|   6.3500063500095252E-02|        248|
 2|   1.580E+02|                 Infinity|   6.0302268915552716E-02|        275|
 2|   1.600E+02|                 Infinity|   6.4956980246163087E-02|        237|
 2|   1.620E+02|                 Infinity|   5.9339082909692663E-02|        284|
 2|   1.640E+02|                 Infinity|   6.3245553203367583E-02|        250|
 2|   1.660E+02|                 Infinity|   6.4956980246163087E-02|        237|
 2|   1.680E+02|                 Infinity|   5.9028133610095526E-02|        287|
 2|   1.700E+02|                 Infinity|   6.3500063500095252E-02|        248|
 2|   1.720E+02|                 Infinity|   6.2257280636469035E-02|        258|
 2|   1.740E+02|                 Infinity|   5.9443829827776400E-02|        283|
 2|   1.760E+02|                 Infinity|   5.9654998627189357E-02|        281|
 2|   1.780E+02|                 Infinity|   6.2136976600120006E-02|        259|
 2|   1.800E+02|                 Infinity|   5.8123819371909642E-02|        296|
 2|   1.820E+02|                 Infinity|   5.9339082909692663E-02|        284|
 2|   1.840E+02|                 Infinity|   5.9976014390406722E-02|        278|
 2|   1.860E+02|                 Infinity|   6.3500063500095252E-02|        248|
 2|   1.880E+02|                 Infinity|   5.7259833431386825E-02|        305|
 2|   1.900E+02|                 Infinity|   5.9028133610095526E-02|        287|
 2|   1.920E+02|                 Infinity|   6.0858061945018457E-02|        270|
 2|   1.940E+02|                 Infinity|   6.0633906259083242E-02|        272|
 2|   1.960E+02|                 Infinity|   6.0192926542884599E-02|        276|
 2|   1.980E+02|                 Infinity|   5.7448498962142602E-02|        303|
# integrated result:   4.5271989215145616E-05
#
# Histogram 3: pT(H)                                             
 3|   0.000E+00|                 Infinity|   1.3185316568747246E-02|       5752|
 3|   1.000E+01|                 Infinity|   1.1630265977338549E-02|       7393|
 3|   2.000E+01|                 Infinity|   1.2033354552167235E-02|       6906|
 3|   3.000E+01|                 Infinity|   1.3237197960578956E-02|       5707|
 3|   4.000E+01|                 Infinity|   1.4583396629463011E-02|       4702|
 3|   5.000E+01|                 Infinity|   1.5935369720403485E-02|       3938|
 3|   6.000E+01|                 Infinity|   1.7837246312961859E-02|       3143|
 3|   7.000E+01|                 Infinity|   1.9822394114938212E-02|       2545|
 3|   8.000E+01|                 Infinity|   2.1526542445480877E-02|       2158|
 3|   9.000E+01|                 Infinity|   2.3809523809523808E-02|       1764|
 3|   1.000E+02|                 Infinity|   2.6499947000159001E-02|       1424|
 3|   1.100E+02|                 Infinity|   2.8104971365967134E-02|       1266|
 3|   1.200E+02|                 Infinity|   3.1670317760976820E-02|        997|
 3|   1.300E+02|                 Infinity|   3.3557802760701215E-02|        888|
 3|   1.400E+02|                 Infinity|   3.7087947077614203E-02|        727|
 3|   1.500E+02|                 Infinity|   3.8320083261967369E-02|        681|
 3|   1.600E+02|                 Infinity|   4.0961596025952028E-02|        596|
 3|   1.700E+02|                 Infinity|   4.3979949713354248E-02|        517|
 3|   1.800E+02|                 Infinity|   4.9029033784546011E-02|        416|
 3|   1.900E+02|                 Infinity|   5.3838190205816552E-02|        345|
 3|   2.000E+02|                 Infinity|   5.4392829322042119E-02|        338|
 3|   2.100E+02|                 Infinity|   5.9234887775909233E-02|        285|
 3|   2.200E+02|                 Infinity|   6.1780206321521543E-02|        262|
 3|   2.300E+02|                 Infinity|   7.4535599249992993E-02|        180|
 3|   2.400E+02|                 Infinity|   7.3127242412713067E-02|        187|
 3|   2.500E+02|                 Infinity|   8.1378845877115941E-02|        151|
 3|   2.600E+02|                 Infinity|   8.3333333333333329E-02|        144|
 3|   2.700E+02|                 Infinity|   9.1287092917527679E-02|        120|
 3|   2.800E+02|                 Infinity|   9.7590007294853329E-02|        105|
 3|   2.900E+02|                 Infinity|   1.0314212462587934E-01|         94|
 3|   3.000E+02|                 Infinity|   1.0599978800063600E-01|         89|
 3|   3.100E+02|                 Infinity|   1.2700012700019050E-01|         62|
 3|   3.200E+02|                 Infinity|   1.4002800840280097E-01|         51|
 3|   3.300E+02|                 Infinity|   1.3608276348795434E-01|         54|
 3|   3.400E+02|                 Infinity|   1.6666666666666666E-01|         36|
 3|   3.500E+02|                 Infinity|   1.5249857033260467E-01|         43|
 3|   3.600E+02|                 Infinity|   1.6012815380508713E-01|         39|
 3|   3.700E+02|                 Infinity|   1.8898223650461360E-01|         28|
 3|   3.800E+02|                 Infinity|   1.6012815380508713E-01|         39|
 3|   3.900E+02|                 Infinity|   2.1821789023599239E-01|         21|
 3|   4.000E+02|                 Infinity|   1.9245008972987526E-01|         27|
 3|   4.100E+02|                 Infinity|   2.2941573387056174E-01|         19|
 3|   4.200E+02|                 Infinity|   2.5819888974716110E-01|         15|
 3|   4.300E+02|                 Infinity|   3.3333333333333331E-01|          9|
 3|   4.400E+02|                 Infinity|   2.6726124191242440E-01|         14|
 3|   4.500E+02|                 Infinity|   3.3333333333333331E-01|          9|
 3|   4.600E+02|                 Infinity|   4.4721359549995793E-01|          5|
 3|   4.700E+02|                 Infinity|   2.5819888974716110E-01|         15|
 3|   4.800E+02|                 Infinity|   4.0824829046386307E-01|          6|
 3|   4.900E+02|                 Infinity|   3.5355339059327373E-01|          8|
# integrated result:   4.5271989215145555E-05
#
# Histogram 4: pT(j1)                                            
 4|   0.000E+00|                      NaN|   0.0000000000000000E+00|          0|
 4|   1.000E+01|                 Infinity|   2.1039813436593439E-02|       2259|
 4|   2.000E+01|                 Infinity|   1.4584947642137372E-02|       4701|
 4|   3.000E+01|                 Infinity|   1.3561893622089960E-02|       5437|
 4|   4.000E+01|                 Infinity|   1.3773791097276914E-02|       5271|
 4|   5.000E+01|                 Infinity|   1.4190465507408673E-02|       4966|
 4|   6.000E+01|                 Infinity|   1.5195182067672959E-02|       4331|
 4|   7.000E+01|                 Infinity|   1.6345194259088890E-02|       3743|
 4|   8.000E+01|                 Infinity|   1.7639126052343954E-02|       3214|
 4|   9.000E+01|                 Infinity|   1.8955855823370431E-02|       2783|
 4|   1.000E+02|                 Infinity|   2.0374248554268205E-02|       2409|
 4|   1.100E+02|                 Infinity|   2.1682844490080309E-02|       2127|
 4|   1.200E+02|                 Infinity|   2.4397501823713332E-02|       1680|
 4|   1.300E+02|                 Infinity|   2.5598984252456894E-02|       1526|
 4|   1.400E+02|                 Infinity|   2.7724348650071385E-02|       1301|
 4|   1.500E+02|                 Infinity|   2.9735051672502628E-02|       1131|
 4|   1.600E+02|                 Infinity|   3.1528333055971580E-02|       1006|
 4|   1.700E+02|                 Infinity|   3.5071531191594722E-02|        813|
 4|   1.800E+02|                 Infinity|   3.6014120303280987E-02|        771|
 4|   1.900E+02|                 Infinity|   4.1239304942116126E-02|        588|
 4|   2.000E+02|                 Infinity|   4.1959067914834454E-02|        568|
 4|   2.100E+02|                 Infinity|   4.4499415948998478E-02|        505|
 4|   2.200E+02|                 Infinity|   4.9690399499995326E-02|        405|
 4|   2.300E+02|                 Infinity|   5.1298917604257706E-02|        380|
 4|   2.400E+02|                 Infinity|   5.6165595630173037E-02|        317|
 4|   2.500E+02|                 Infinity|   6.1313933948496581E-02|        266|
 4|   2.600E+02|                 Infinity|   6.4018439966447988E-02|        244|
 4|   2.700E+02|                 Infinity|   7.1795815861773818E-02|        194|
 4|   2.800E+02|                 Infinity|   7.3922127095457285E-02|        183|
 4|   2.900E+02|                 Infinity|   8.1649658092772609E-02|        150|
 4|   3.000E+02|                 Infinity|   8.5749292571254410E-02|        136|
 4|   3.100E+02|                 Infinity|   9.2450032704204849E-02|        117|
 4|   3.200E+02|                 Infinity|   9.7128586235726413E-02|        106|
 4|   3.300E+02|                 Infinity|   1.0153461651336192E-01|         97|
 4|   3.400E+02|                 Infinity|   1.0783277320343841E-01|         86|
 4|   3.500E+02|                 Infinity|   1.2403473458920847E-01|         65|
 4|   3.600E+02|                 Infinity|   1.3736056394868904E-01|         53|
 4|   3.700E+02|                 Infinity|   1.3483997249264842E-01|         55|
 4|   3.800E+02|                 Infinity|   1.3867504905630729E-01|         52|
 4|   3.900E+02|                 Infinity|   1.7149858514250882E-01|         34|
 4|   4.000E+02|                 Infinity|   1.8257418583505536E-01|         30|
 4|   4.100E+02|                 Infinity|   2.2360679774997896E-01|         20|
 4|   4.200E+02|                 Infinity|   2.3570226039551587E-01|         18|
 4|   4.300E+02|                 Infinity|   2.2360679774997896E-01|         20|
 4|   4.400E+02|                 Infinity|   2.4253562503633297E-01|         17|
 4|   4.500E+02|                 Infinity|   2.8867513459481292E-01|         12|
 4|   4.600E+02|                 Infinity|   2.0851441405707477E-01|         23|
 4|   4.700E+02|                 Infinity|   2.6726124191242440E-01|         14|
 4|   4.800E+02|                 Infinity|   2.5819888974716110E-01|         15|
 4|   4.900E+02|                 Infinity|   2.4253562503633297E-01|         17|
# integrated result:   4.5271989215145609E-05
#
# Histogram 5: dy(j1,j2)                                         
 5|  -5.000E+00|                 Infinity|   3.3729162867744238E-02|        879|
 5|  -4.800E+00|                 Infinity|   3.2951120315946839E-02|        921|
 5|  -4.600E+00|                 Infinity|   3.3445003104532557E-02|        894|
 5|  -4.400E+00|                 Infinity|   2.8606478384531155E-02|       1222|
 5|  -4.200E+00|                 Infinity|   2.6967994498529685E-02|       1375|
 5|  -4.000E+00|                 Infinity|   2.2178456109386121E-02|       2033|
 5|  -3.800E+00|                 Infinity|   1.3702487638391995E-02|       5326|
 5|  -3.600E+00|                 Infinity|   2.1963439339763070E-02|       2073|
 5|  -3.400E+00|                 Infinity|   2.7216552697590865E-02|       1350|
 5|  -3.200E+00|                 Infinity|   2.9450003202688022E-02|       1153|
 5|  -3.000E+00|                 Infinity|   2.9988007195203361E-02|       1112|
 5|  -2.800E+00|                 Infinity|   3.0860669992418384E-02|       1050|
 5|  -2.600E+00|                 Infinity|   2.9961075885598987E-02|       1114|
 5|  -2.400E+00|                 Infinity|   2.8306925853614891E-02|       1248|
 5|  -2.200E+00|                 Infinity|   3.0845984923781787E-02|       1051|
 5|  -2.000E+00|                 Infinity|   3.1927542840705044E-02|        981|
 5|  -1.800E+00|                 Infinity|   3.0671383606587218E-02|       1063|
 5|  -1.600E+00|                 Infinity|   3.8604571824109146E-02|        671|
 5|  -1.400E+00|                 Infinity|   3.7011660509880265E-02|        730|
 5|  -1.200E+00|                 Infinity|   3.5158127696731496E-02|        809|
 5|  -1.000E+00|                 Infinity|   3.9683789506627251E-02|        635|
 5|  -8.000E-01|                 Infinity|   5.2631578947368418E-02|        361|
 5|  -6.000E-01|                 Infinity|   5.9761430466719681E-02|        280|
 5|  -4.000E-01|                 Infinity|   5.2414241836095915E-02|        364|
 5|  -2.000E-01|                 Infinity|   4.1486990682251118E-02|        581|
 5|   0.000E+00|                 Infinity|   4.4499415948998478E-02|        505|
 5|   2.000E-01|                 Infinity|   4.6274481338274755E-02|        467|
 5|   4.000E-01|                 Infinity|   4.1134503489486357E-02|        591|
 5|   6.000E-01|                 Infinity|   5.0251890762960605E-02|        396|
 5|   8.000E-01|                 Infinity|   3.8096965887972963E-02|        689|
 5|   1.000E+00|                 Infinity|   3.4857808718787492E-02|        823|
 5|   1.200E+00|                 Infinity|   3.8461538461538464E-02|        676|
 5|   1.400E+00|                 Infinity|   3.7164707312358318E-02|        724|
 5|   1.600E+00|                 Infinity|   3.2291684186031330E-02|        959|
 5|   1.800E+00|                 Infinity|   3.0802055181684874E-02|       1054|
 5|   2.000E+00|                 Infinity|   3.0642570651794779E-02|       1065|
 5|   2.200E+00|                 Infinity|   2.9135827337403251E-02|       1178|
 5|   2.400E+00|                 Infinity|   3.0386856273138200E-02|       1083|
 5|   2.600E+00|                 Infinity|   3.6835473434187867E-02|        737|
 5|   2.800E+00|                 Infinity|   3.5737084494593160E-02|        783|
 5|   3.000E+00|                 Infinity|   3.5578403348241000E-02|        790|
 5|   3.200E+00|                 Infinity|   3.6514837167011073E-02|        750|
 5|   3.400E+00|                 Infinity|   3.9528470752104743E-02|        640|
 5|   3.600E+00|                 Infinity|   3.8633370464312790E-02|        670|
 5|   3.800E+00|                 Infinity|   3.7450294313656908E-02|        713|
 5|   4.000E+00|                 Infinity|   3.7190400165280094E-02|        723|
 5|   4.200E+00|                 Infinity|   3.7555788309433985E-02|        709|
 5|   4.400E+00|                 Infinity|   3.9715073539476883E-02|        634|
 5|   4.600E+00|                 Infinity|   3.8152379685825785E-02|        687|
 5|   4.800E+00|                 Infinity|   3.0978910540439487E-02|       1042|
# integrated result:   4.5271989215145596E-05
#
# Histogram 6: mz1                                               
 6|   0.000E+00|                      NaN|   0.0000000000000000E+00|          0|
 6|   2.000E+00|                      NaN|   0.0000000000000000E+00|          0|
 6|   4.000E+00|                 Infinity|   1.2387285278916001E-02|       6517|
 6|   6.000E+00|                 Infinity|   2.1801036009847369E-02|       2104|
 6|   8.000E+00|                 Infinity|   2.3325300446383042E-02|       1838|
 6|   1.000E+01|                 Infinity|   2.5253813613805267E-02|       1568|
 6|   1.200E+01|                 Infinity|   2.6919095102908276E-02|       1380|
 6|   1.400E+01|                 Infinity|   2.7328117197209841E-02|       1339|
 6|   1.600E+01|                 Infinity|   2.8318273589429951E-02|       1247|
 6|   1.800E+01|                 Infinity|   2.0236116462908824E-02|       2442|
 6|   2.000E+01|                 Infinity|   2.7472112789737803E-02|       1325|
 6|   2.200E+01|                 Infinity|   4.3113061355922688E-02|        538|
 6|   2.400E+01|                 Infinity|   3.3204455008545970E-02|        907|
 6|   2.600E+01|                 Infinity|   2.7809983907757470E-02|       1293|
 6|   2.800E+01|                 Infinity|   3.5355339059327376E-02|        800|
 6|   3.000E+01|                 Infinity|   4.2220033092074907E-02|        561|
 6|   3.200E+01|                 Infinity|   4.1065078117659089E-02|        593|
 6|   3.400E+01|                 Infinity|   3.7164707312358318E-02|        724|
 6|   3.600E+01|                 Infinity|   4.1848697531868720E-02|        571|
 6|   3.800E+01|                 Infinity|   4.1812100500354540E-02|        572|
 6|   4.000E+01|                 Infinity|   4.1309619238601381E-02|        586|
 6|   4.200E+01|                 Infinity|   3.7529331252040075E-02|        710|
 6|   4.400E+01|                 Infinity|   4.5407660918649985E-02|        485|
 6|   4.600E+01|                 Infinity|   5.3074489243427524E-02|        355|
 6|   4.800E+01|                 Infinity|   3.9528470752104743E-02|        640|
 6|   5.000E+01|                 Infinity|   3.7397879600338288E-02|        715|
 6|   5.200E+01|                 Infinity|   3.2564480451291802E-02|        943|
 6|   5.400E+01|                 Infinity|   3.0443128277399149E-02|       1079|
 6|   5.600E+01|                 Infinity|   4.0961596025952028E-02|        596|
 6|   5.800E+01|                 Infinity|   4.5691166238495382E-02|        479|
 6|   6.000E+01|                 Infinity|   4.6225016352102424E-02|        468|
 6|   6.200E+01|                 Infinity|   4.5738935374634825E-02|        478|
 6|   6.400E+01|                 Infinity|   4.6077567758409141E-02|        471|
 6|   6.600E+01|                 Infinity|   4.6373889576016833E-02|        465|
 6|   6.800E+01|                 Infinity|   4.5221563164613454E-02|        489|
 6|   7.000E+01|                 Infinity|   4.6524210519923545E-02|        462|
 6|   7.200E+01|                 Infinity|   4.9147318718299048E-02|        414|
 6|   7.400E+01|                 Infinity|   4.8056933133221270E-02|        433|
 6|   7.600E+01|                 Infinity|   5.7166195047502949E-02|        306|
 6|   7.800E+01|                 Infinity|   4.2874646285627205E-02|        544|
 6|   8.000E+01|                 Infinity|   4.6726931351599776E-02|        458|
 6|   8.200E+01|                 Infinity|   4.7245559126153400E-02|        448|
 6|   8.400E+01|                 Infinity|   2.9630442547297988E-02|       1139|
 6|   8.600E+01|                 Infinity|   2.7896417632583534E-02|       1285|
 6|   8.800E+01|                 Infinity|   1.0697787819228009E-02|       8738|
 6|   9.000E+01|                 Infinity|   2.1067810539380061E-02|       2253|
 6|   9.200E+01|                 Infinity|   3.4360406637202474E-02|        847|
 6|   9.400E+01|                 Infinity|   4.5931521217462537E-02|        474|
 6|   9.600E+01|                 Infinity|   8.2478609884232251E-02|        147|
 6|   9.800E+01|                 Infinity|   9.5346258924559238E-02|        110|
 6|   1.000E+02|                 Infinity|   1.1952286093343936E-01|         70|
 6|   1.020E+02|                 Infinity|   1.1396057645963795E-01|         77|
 6|   1.040E+02|                 Infinity|   1.2909944487358055E-01|         60|
 6|   1.060E+02|                 Infinity|   1.2803687993289598E-01|         61|
 6|   1.080E+02|                 Infinity|   1.1322770341445956E-01|         78|
 6|   1.100E+02|                 Infinity|   1.2909944487358055E-01|         60|
 6|   1.120E+02|                 Infinity|   1.3483997249264842E-01|         55|
 6|   1.140E+02|                 Infinity|   1.1624763874381928E-01|         74|
 6|   1.160E+02|                 Infinity|   1.3245323570650439E-01|         57|
 6|   1.180E+02|                 Infinity|   1.5617376188860607E-01|         41|
 6|   1.200E+02|                 Infinity|   1.4285714285714285E-01|         49|
 6|   1.220E+02|                 Infinity|   1.6439898730535729E-01|         37|
 6|   1.240E+02|                 Infinity|   1.6222142113076254E-01|         38|
 6|   1.260E+02|                 Infinity|   2.0851441405707477E-01|         23|
 6|   1.280E+02|                 Infinity|   1.9611613513818404E-01|         26|
 6|   1.300E+02|                 Infinity|   2.1320071635561041E-01|         22|
 6|   1.320E+02|                 Infinity|   2.6726124191242440E-01|         14|
 6|   1.340E+02|                 Infinity|   2.4253562503633297E-01|         17|
 6|   1.360E+02|                 Infinity|   2.2941573387056174E-01|         19|
 6|   1.380E+02|                 Infinity|   2.2941573387056174E-01|         19|
 6|   1.400E+02|                 Infinity|   2.8867513459481292E-01|         12|
 6|   1.420E+02|                 Infinity|   2.6726124191242440E-01|         14|
 6|   1.440E+02|                 Infinity|   2.8867513459481292E-01|         12|
 6|   1.460E+02|                 Infinity|   3.1622776601683794E-01|         10|
 6|   1.480E+02|                 Infinity|   3.5355339059327373E-01|          8|
 6|   1.500E+02|                 Infinity|   3.7796447300922720E-01|          7|
 6|   1.520E+02|                 Infinity|   4.4721359549995793E-01|          5|
 6|   1.540E+02|                 Infinity|   3.1622776601683794E-01|         10|
 6|   1.560E+02|                 Infinity|   3.0151134457776363E-01|         11|
 6|   1.580E+02|                 Infinity|   3.7796447300922720E-01|          7|
 6|   1.600E+02|                 Infinity|   7.0710678118654746E-01|          2|
 6|   1.620E+02|                 Infinity|   7.0710678118654746E-01|          2|
 6|   1.640E+02|                 Infinity|   4.0824829046386307E-01|          6|
 6|   1.660E+02|                 Infinity|   4.4721359549995793E-01|          5|
 6|   1.680E+02|                 Infinity|   4.4721359549995793E-01|          5|
 6|   1.700E+02|                      NaN|   0.0000000000000000E+00|          0|
 6|   1.720E+02|                 Infinity|   5.7735026918962584E-01|          3|
 6|   1.740E+02|                 Infinity|   5.7735026918962584E-01|          3|
 6|   1.760E+02|                 Infinity|   7.0710678118654746E-01|          2|
 6|   1.780E+02|                 Infinity|   4.0824829046386307E-01|          6|
 6|   1.800E+02|                 Infinity|   5.7735026918962584E-01|          3|
 6|   1.820E+02|                 Infinity|   7.0710678118654746E-01|          2|
 6|   1.840E+02|                 Infinity|   5.7735026918962584E-01|          3|
 6|   1.860E+02|                 Infinity|   5.0000000000000000E-01|          4|
 6|   1.880E+02|                 Infinity|   1.0000000000000000E+00|          1|
 6|   1.900E+02|                 Infinity|   1.0000000000000000E+00|          1|
 6|   1.920E+02|                 Infinity|   1.0000000000000000E+00|          1|
 6|   1.940E+02|                 Infinity|   1.0000000000000000E+00|          1|
 6|   1.960E+02|                      NaN|   0.0000000000000000E+00|          0|
 6|   1.980E+02|                 Infinity|   7.0710678118654746E-01|          2|
# integrated result:   4.5271989215145596E-05
#
# Histogram 7: mz2                                               
 7|   0.000E+00|                      NaN|   0.0000000000000000E+00|          0|
 7|   2.000E+00|                      NaN|   0.0000000000000000E+00|          0|
 7|   4.000E+00|                 Infinity|   1.4942025346507818E-02|       4479|
 7|   6.000E+00|                 Infinity|   2.1858249849398711E-02|       2093|
 7|   8.000E+00|                 Infinity|   2.4203782378574807E-02|       1707|
 7|   1.000E+01|                 Infinity|   2.6379807127383248E-02|       1437|
 7|   1.200E+01|                 Infinity|   2.7724348650071385E-02|       1301|
 7|   1.400E+01|                 Infinity|   2.8536507276767480E-02|       1228|
 7|   1.600E+01|                 Infinity|   2.8629916715693413E-02|       1220|
 7|   1.800E+01|                 Infinity|   3.2157832069216574E-02|        967|
 7|   2.000E+01|                 Infinity|   3.3296357910601343E-02|        902|
 7|   2.200E+01|                 Infinity|   3.5759926992607577E-02|        782|
 7|   2.400E+01|                 Infinity|   3.4179296351233165E-02|        856|
 7|   2.600E+01|                 Infinity|   3.3825504574586919E-02|        874|
 7|   2.800E+01|                 Infinity|   3.1798150037444670E-02|        989|
 7|   3.000E+01|                 Infinity|   3.1465838776377632E-02|       1010|
 7|   3.200E+01|                 Infinity|   3.4159349284257755E-02|        857|
 7|   3.400E+01|                 Infinity|   3.3095169616074761E-02|        913|
 7|   3.600E+01|                 Infinity|   3.6961063547728643E-02|        732|
 7|   3.800E+01|                 Infinity|   4.0689422938557970E-02|        604|
 7|   4.000E+01|                 Infinity|   3.3241124765726680E-02|        905|
 7|   4.200E+01|                 Infinity|   3.8984058779272523E-02|        658|
 7|   4.400E+01|                 Infinity|   4.2371359860703575E-02|        557|
 7|   4.600E+01|                 Infinity|   4.8564293117863207E-02|        424|
 7|   4.800E+01|                 Infinity|   4.7946330148538413E-02|        435|
 7|   5.000E+01|                 Infinity|   5.0572173742417362E-02|        391|
 7|   5.200E+01|                 Infinity|   4.9507377148833721E-02|        408|
 7|   5.400E+01|                 Infinity|   4.7088160934801108E-02|        451|
 7|   5.600E+01|                 Infinity|   3.4040395878489879E-02|        863|
 7|   5.800E+01|                 Infinity|   3.3903175181040524E-02|        870|
 7|   6.000E+01|                 Infinity|   3.3652679406803228E-02|        883|
 7|   6.200E+01|                 Infinity|   4.3810795433832352E-02|        521|
 7|   6.400E+01|                 Infinity|   4.6028730894916173E-02|        472|
 7|   6.600E+01|                 Infinity|   3.9590379123244791E-02|        638|
 7|   6.800E+01|                 Infinity|   3.9163022499397869E-02|        652|
 7|   7.000E+01|                 Infinity|   4.3852900965351466E-02|        520|
 7|   7.200E+01|                 Infinity|   4.6126560401444250E-02|        470|
 7|   7.400E+01|                 Infinity|   4.9088069367381602E-02|        415|
 7|   7.600E+01|                 Infinity|   4.7891314261057569E-02|        436|
 7|   7.800E+01|                 Infinity|   3.9590379123244791E-02|        638|
 7|   8.000E+01|                 Infinity|   2.2727272727272728E-02|       1936|
 7|   8.200E+01|                 Infinity|   4.5786854649563009E-02|        477|
 7|   8.400E+01|                 Infinity|   1.4385883441210900E-02|       4832|
 7|   8.600E+01|                 Infinity|   2.1432398984452372E-02|       2177|
 7|   8.800E+01|                 Infinity|   1.6807316136320357E-02|       3540|
 7|   9.000E+01|                 Infinity|   1.5971914124998498E-02|       3920|
 7|   9.200E+01|                 Infinity|   3.3222774709254770E-02|        906|
 7|   9.400E+01|                 Infinity|   6.0858061945018457E-02|        270|
 7|   9.600E+01|                 Infinity|   7.0186240634359645E-02|        203|
 7|   9.800E+01|                 Infinity|   9.8532927816429319E-02|        103|
 7|   1.000E+02|                 Infinity|   1.2309149097933272E-01|         66|
 7|   1.020E+02|                 Infinity|   1.1470786693528087E-01|         76|
 7|   1.040E+02|                 Infinity|   1.0153461651336192E-01|         97|
 7|   1.060E+02|                 Infinity|   1.1547005383792514E-01|         75|
 7|   1.080E+02|                 Infinity|   1.1322770341445956E-01|         78|
 7|   1.100E+02|                 Infinity|   9.4072086838359728E-02|        113|
 7|   1.120E+02|                 Infinity|   9.0909090909090912E-02|        121|
 7|   1.140E+02|                 Infinity|   1.0153461651336192E-01|         97|
 7|   1.160E+02|                 Infinity|   1.0482848367219183E-01|         91|
 7|   1.180E+02|                 Infinity|   1.1785113019775793E-01|         72|
 7|   1.200E+02|                 Infinity|   1.2909944487358055E-01|         60|
 7|   1.220E+02|                 Infinity|   1.4586499149789456E-01|         47|
 7|   1.240E+02|                 Infinity|   1.5617376188860607E-01|         41|
 7|   1.260E+02|                 Infinity|   1.9611613513818404E-01|         26|
 7|   1.280E+02|                 Infinity|   2.4253562503633297E-01|         17|
 7|   1.300E+02|                 Infinity|   1.7149858514250882E-01|         34|
 7|   1.320E+02|                 Infinity|   1.5617376188860607E-01|         41|
 7|   1.340E+02|                 Infinity|   2.0412414523193154E-01|         24|
 7|   1.360E+02|                 Infinity|   2.0851441405707477E-01|         23|
 7|   1.380E+02|                 Infinity|   2.2941573387056174E-01|         19|
 7|   1.400E+02|                 Infinity|   2.2941573387056174E-01|         19|
 7|   1.420E+02|                 Infinity|   2.5000000000000000E-01|         16|
 7|   1.440E+02|                 Infinity|   2.8867513459481292E-01|         12|
 7|   1.460E+02|                 Infinity|   2.6726124191242440E-01|         14|
 7|   1.480E+02|                 Infinity|   2.8867513459481292E-01|         12|
 7|   1.500E+02|                 Infinity|   3.1622776601683794E-01|         10|
 7|   1.520E+02|                 Infinity|   3.5355339059327373E-01|          8|
 7|   1.540E+02|                 Infinity|   2.5819888974716110E-01|         15|
 7|   1.560E+02|                 Infinity|   4.0824829046386307E-01|          6|
 7|   1.580E+02|                 Infinity|   4.0824829046386307E-01|          6|
 7|   1.600E+02|                 Infinity|   3.5355339059327373E-01|          8|
 7|   1.620E+02|                 Infinity|   2.8867513459481292E-01|         12|
 7|   1.640E+02|                 Infinity|   5.0000000000000000E-01|          4|
 7|   1.660E+02|                 Infinity|   4.4721359549995793E-01|          5|
 7|   1.680E+02|                 Infinity|   5.0000000000000000E-01|          4|
 7|   1.700E+02|                 Infinity|   3.3333333333333331E-01|          9|
 7|   1.720E+02|                 Infinity|   4.0824829046386307E-01|          6|
 7|   1.740E+02|                 Infinity|   5.0000000000000000E-01|          4|
 7|   1.760E+02|                 Infinity|   7.0710678118654746E-01|          2|
 7|   1.780E+02|                 Infinity|   5.0000000000000000E-01|          4|
 7|   1.800E+02|                 Infinity|   4.4721359549995793E-01|          5|
 7|   1.820E+02|                 Infinity|   7.0710678118654746E-01|          2|
 7|   1.840E+02|                 Infinity|   4.4721359549995793E-01|          5|
 7|   1.860E+02|                 Infinity|   5.7735026918962584E-01|          3|
 7|   1.880E+02|                 Infinity|   1.0000000000000000E+00|          1|
 7|   1.900E+02|                 Infinity|   5.7735026918962584E-01|          3|
 7|   1.920E+02|                 Infinity|   5.7735026918962584E-01|          3|
 7|   1.940E+02|                 Infinity|   5.0000000000000000E-01|          4|
 7|   1.960E+02|                      NaN|   0.0000000000000000E+00|          0|
 7|   1.980E+02|                 Infinity|   1.0000000000000000E+00|          1|
# integrated result:   4.5271989215145568E-05
#
# Histogram 8: m_4l                                              
 8|   1.000E+02|                 Infinity|   8.2388983549816774E-03|      14732|
 8|   1.400E+02|                 Infinity|   1.0279278535093247E-02|       9464|
 8|   1.800E+02|                 Infinity|   1.3097939266856333E-02|       5829|
 8|   2.200E+02|                 Infinity|   1.6230686829029888E-02|       3796|
 8|   2.600E+02|                 Infinity|   1.9499439399175793E-02|       2630|
 8|   3.000E+02|                 Infinity|   2.3550608702786628E-02|       1803|
 8|   3.400E+02|                 Infinity|   2.8363801389869981E-02|       1243|
 8|   3.800E+02|                 Infinity|   3.3729162867744238E-02|        879|
 8|   4.200E+02|                 Infinity|   4.1344911529736156E-02|        585|
 8|   4.600E+02|                 Infinity|   5.0636968354183333E-02|        390|
 8|   5.000E+02|                 Infinity|   6.1545745489666362E-02|        264|
 8|   5.400E+02|                 Infinity|   7.4329414624716636E-02|        181|
 8|   5.800E+02|                 Infinity|   9.0166963466743230E-02|        123|
 8|   6.200E+02|                 Infinity|   1.0369516947304253E-01|         93|
 8|   6.600E+02|                 Infinity|   1.1867816581938533E-01|         71|
 8|   7.000E+02|                 Infinity|   1.6012815380508713E-01|         39|
 8|   7.400E+02|                 Infinity|   1.4433756729740646E-01|         48|
 8|   7.800E+02|                 Infinity|   1.8898223650461360E-01|         28|
 8|   8.200E+02|                 Infinity|   1.8569533817705186E-01|         29|
 8|   8.600E+02|                 Infinity|   2.2941573387056174E-01|         19|
 8|   9.000E+02|                 Infinity|   2.5819888974716110E-01|         15|
 8|   9.400E+02|                 Infinity|   4.0824829046386307E-01|          6|
 8|   9.800E+02|                 Infinity|   3.3333333333333331E-01|          9|
 8|   1.020E+03|                 Infinity|   4.0824829046386307E-01|          6|
 8|   1.060E+03|                 Infinity|   3.5355339059327373E-01|          8|
 8|   1.100E+03|                 Infinity|   3.7796447300922720E-01|          7|
 8|   1.140E+03|                 Infinity|   3.7796447300922720E-01|          7|
 8|   1.180E+03|                 Infinity|   5.7735026918962584E-01|          3|
 8|   1.220E+03|                 Infinity|   3.5355339059327373E-01|          8|
 8|   1.260E+03|                 Infinity|   4.4721359549995793E-01|          5|
 8|   1.300E+03|                 Infinity|   1.0000000000000000E+00|          1|
 8|   1.340E+03|                 Infinity|   1.0000000000000000E+00|          1|
 8|   1.380E+03|                 Infinity|   1.0000000000000000E+00|          1|
 8|   1.420E+03|                 Infinity|   1.0000000000000000E+00|          1|
 8|   1.460E+03|                 Infinity|   5.0000000000000000E-01|          4|
 8|   1.500E+03|                      NaN|   0.0000000000000000E+00|          0|
 8|   1.540E+03|                      NaN|   0.0000000000000000E+00|          0|
 8|   1.580E+03|                 Infinity|   7.0710678118654746E-01|          2|
 8|   1.620E+03|                      NaN|   0.0000000000000000E+00|          0|
 8|   1.660E+03|                 Infinity|   7.0710678118654746E-01|          2|
 8|   1.700E+03|                      NaN|   0.0000000000000000E+00|          0|
 8|   1.740E+03|                 Infinity|   5.7735026918962584E-01|          3|
 8|   1.780E+03|                 Infinity|   1.0000000000000000E+00|          1|
 8|   1.820E+03|                 Infinity|   7.0710678118654746E-01|          2|
 8|   1.860E+03|                      NaN|   0.0000000000000000E+00|          0|
 8|   1.900E+03|                      NaN|   0.0000000000000000E+00|          0|
 8|   1.940E+03|                      NaN|   0.0000000000000000E+00|          0|
 8|   1.980E+03|                 Infinity|   1.0000000000000000E+00|          1|
 8|   2.020E+03|                 Infinity|   1.0000000000000000E+00|          1|
 8|   2.060E+03|                      NaN|   0.0000000000000000E+00|          0|
 8|   2.100E+03|                      NaN|   0.0000000000000000E+00|          0|
 8|   2.140E+03|                 Infinity|   1.0000000000000000E+00|          1|
 8|   2.180E+03|                      NaN|   0.0000000000000000E+00|          0|
 8|   2.220E+03|                      NaN|   0.0000000000000000E+00|          0|
 8|   2.260E+03|                 Infinity|   1.0000000000000000E+00|          1|
 8|   2.300E+03|                      NaN|   0.0000000000000000E+00|          0|
 8|   2.340E+03|                      NaN|   0.0000000000000000E+00|          0|
 8|   2.380E+03|                      NaN|   0.0000000000000000E+00|          0|
 8|   2.420E+03|                 Infinity|   1.0000000000000000E+00|          1|
 8|   2.460E+03|                      NaN|   0.0000000000000000E+00|          0|
 8|   2.500E+03|                      NaN|   0.0000000000000000E+00|          0|
 8|   2.540E+03|                      NaN|   0.0000000000000000E+00|          0|
 8|   2.580E+03|                      NaN|   0.0000000000000000E+00|          0|
 8|   2.620E+03|                      NaN|   0.0000000000000000E+00|          0|
 8|   2.660E+03|                      NaN|   0.0000000000000000E+00|          0|
 8|   2.700E+03|                      NaN|   0.0000000000000000E+00|          0|
 8|   2.740E+03|                      NaN|   0.0000000000000000E+00|          0|
 8|   2.780E+03|                      NaN|   0.0000000000000000E+00|          0|
 8|   2.820E+03|                      NaN|   0.0000000000000000E+00|          0|
 8|   2.860E+03|                      NaN|   0.0000000000000000E+00|          0|
 8|   2.900E+03|                      NaN|   0.0000000000000000E+00|          0|
 8|   2.940E+03|                      NaN|   0.0000000000000000E+00|          0|
 8|   2.980E+03|                      NaN|   0.0000000000000000E+00|          0|
 8|   3.020E+03|                      NaN|   0.0000000000000000E+00|          0|
 8|   3.060E+03|                      NaN|   0.0000000000000000E+00|          0|
 8|   3.100E+03|                      NaN|   0.0000000000000000E+00|          0|
 8|   3.140E+03|                      NaN|   0.0000000000000000E+00|          0|
 8|   3.180E+03|                      NaN|   0.0000000000000000E+00|          0|
 8|   3.220E+03|                      NaN|   0.0000000000000000E+00|          0|
 8|   3.260E+03|                      NaN|   0.0000000000000000E+00|          0|
 8|   3.300E+03|                      NaN|   0.0000000000000000E+00|          0|
 8|   3.340E+03|                      NaN|   0.0000000000000000E+00|          0|
 8|   3.380E+03|                      NaN|   0.0000000000000000E+00|          0|
 8|   3.420E+03|                      NaN|   0.0000000000000000E+00|          0|
 8|   3.460E+03|                      NaN|   0.0000000000000000E+00|          0|
 8|   3.500E+03|                      NaN|   0.0000000000000000E+00|          0|
 8|   3.540E+03|                      NaN|   0.0000000000000000E+00|          0|
 8|   3.580E+03|                      NaN|   0.0000000000000000E+00|          0|
 8|   3.620E+03|                      NaN|   0.0000000000000000E+00|          0|
 8|   3.660E+03|                      NaN|   0.0000000000000000E+00|          0|
 8|   3.700E+03|                      NaN|   0.0000000000000000E+00|          0|
 8|   3.740E+03|                      NaN|   0.0000000000000000E+00|          0|
 8|   3.780E+03|                      NaN|   0.0000000000000000E+00|          0|
 8|   3.820E+03|                      NaN|   0.0000000000000000E+00|          0|
 8|   3.860E+03|                      NaN|   0.0000000000000000E+00|          0|
 8|   3.900E+03|                      NaN|   0.0000000000000000E+00|          0|
 8|   3.940E+03|                      NaN|   0.0000000000000000E+00|          0|
 8|   3.980E+03|                      NaN|   0.0000000000000000E+00|          0|
 8|   4.020E+03|                      NaN|   0.0000000000000000E+00|          0|
 8|   4.060E+03|                      NaN|   0.0000000000000000E+00|          0|
# integrated result:   4.5271989215145541E-05
#
# Histogram 9: m_4l                                              
 9|   8.500E+01|                 Infinity|   4.4856130401625657E-02|        497|
 9|   8.600E+01|                 Infinity|   4.4455422447438706E-02|        506|
 9|   8.700E+01|                 Infinity|   4.5980048987170286E-02|        473|
 9|   8.800E+01|                 Infinity|   4.8564293117863207E-02|        424|
 9|   8.900E+01|                 Infinity|   5.3605626741889741E-02|        348|
 9|   9.000E+01|                 Infinity|   5.1571062312939668E-02|        376|
 9|   9.100E+01|                 Infinity|   5.3994924715603881E-02|        343|
 9|   9.200E+01|                 Infinity|   5.5641488407465724E-02|        323|
 9|   9.300E+01|                 Infinity|   5.4073807043587517E-02|        342|
 9|   9.400E+01|                 Infinity|   5.0964719143762556E-02|        385|
 9|   9.500E+01|                 Infinity|   5.1366549693751415E-02|        379|
 9|   9.600E+01|                 Infinity|   5.2558833122763673E-02|        362|
 9|   9.700E+01|                 Infinity|   5.2128603514268693E-02|        368|
 9|   9.800E+01|                 Infinity|   5.1847584736521263E-02|        372|
 9|   9.900E+01|                 Infinity|   5.0964719143762556E-02|        385|
 9|   1.000E+02|                 Infinity|   5.2199575097188054E-02|        367|
 9|   1.010E+02|                 Infinity|   5.0507627227610534E-02|        392|
 9|   1.020E+02|                 Infinity|   5.1097613030759603E-02|        383|
 9|   1.030E+02|                 Infinity|   4.9629166698546508E-02|        406|
 9|   1.040E+02|                 Infinity|   4.8621663832631515E-02|        423|
 9|   1.050E+02|                 Infinity|   5.0000000000000003E-02|        400|
 9|   1.060E+02|                 Infinity|   5.1639777949432225E-02|        375|
 9|   1.070E+02|                 Infinity|   4.7565149415449405E-02|        442|
 9|   1.080E+02|                 Infinity|   5.1571062312939668E-02|        376|
 9|   1.090E+02|                 Infinity|   4.8970210687439175E-02|        417|
 9|   1.100E+02|                 Infinity|   5.1434449987363969E-02|        378|
 9|   1.110E+02|                 Infinity|   5.2777981396925952E-02|        359|
 9|   1.120E+02|                 Infinity|   4.8853196874603148E-02|        419|
 9|   1.130E+02|                 Infinity|   5.1639777949432225E-02|        375|
 9|   1.140E+02|                 Infinity|   5.0636968354183333E-02|        390|
 9|   1.150E+02|                 Infinity|   5.1031036307982884E-02|        384|
 9|   1.160E+02|                 Infinity|   5.0188561322849559E-02|        397|
 9|   1.170E+02|                 Infinity|   5.2486388108147798E-02|        363|
 9|   1.180E+02|                 Infinity|   5.1778037307849772E-02|        373|
 9|   1.190E+02|                 Infinity|   5.2486388108147798E-02|        363|
 9|   1.200E+02|                 Infinity|   5.2199575097188054E-02|        367|
 9|   1.210E+02|                 Infinity|   5.1298917604257706E-02|        380|
 9|   1.220E+02|                 Infinity|   5.2057920629535355E-02|        369|
 9|   1.230E+02|                 Infinity|   4.8737017882857933E-02|        421|
 9|   1.240E+02|                 Infinity|   4.8056933133221270E-02|        433|
 9|   1.250E+02|                 Infinity|   4.7088160934801108E-02|        451|
 9|   1.260E+02|                 Infinity|   5.0702012656339383E-02|        389|
 9|   1.270E+02|                 Infinity|   5.3376051268362382E-02|        351|
 9|   1.280E+02|                 Infinity|   5.3074489243427524E-02|        355|
 9|   1.290E+02|                 Infinity|   5.8123819371909642E-02|        296|
 9|   1.300E+02|                 Infinity|   5.6796183424706478E-02|        310|
 9|   1.310E+02|                 Infinity|   5.5048188256318034E-02|        330|
 9|   1.320E+02|                 Infinity|   5.3149400345273393E-02|        354|
 9|   1.330E+02|                 Infinity|   5.3452248382484871E-02|        350|
 9|   1.340E+02|                 Infinity|   5.4882129994845173E-02|        332|
# integrated result:   4.5271989215145650E-05
#
# Histogram10: Phi1                                              
10|  -3.142E+00|                 Infinity|   3.1311214554257477E-02|       1020|
10|  -2.985E+00|                 Infinity|   2.9907430227728959E-02|       1118|
10|  -2.827E+00|                 Infinity|   3.1544014893825592E-02|       1005|
10|  -2.670E+00|                 Infinity|   3.0556616567607043E-02|       1071|
10|  -2.513E+00|                 Infinity|   2.9335732442442881E-02|       1162|
10|  -2.356E+00|                 Infinity|   2.8759865427152538E-02|       1209|
10|  -2.199E+00|                 Infinity|   2.7950849718747370E-02|       1280|
10|  -2.042E+00|                 Infinity|   2.7703063158526546E-02|       1303|
10|  -1.885E+00|                 Infinity|   2.8071730702217298E-02|       1269|
10|  -1.728E+00|                 Infinity|   2.8227871846881837E-02|       1255|
10|  -1.571E+00|                 Infinity|   2.8891599832849384E-02|       1198|
10|  -1.414E+00|                 Infinity|   2.7929038673897278E-02|       1282|
10|  -1.257E+00|                 Infinity|   2.7513674254937545E-02|       1321|
10|  -1.100E+00|                 Infinity|   2.7017161347914959E-02|       1370|
10|  -9.425E-01|                 Infinity|   2.5582225504832540E-02|       1528|
10|  -7.854E-01|                 Infinity|   2.4595948397164089E-02|       1653|
10|  -6.283E-01|                 Infinity|   2.3357091793352585E-02|       1833|
10|  -4.713E-01|                 Infinity|   2.2316092133872589E-02|       2008|
10|  -3.142E-01|                 Infinity|   2.3106337435539137E-02|       1873|
10|  -1.571E-01|                 Infinity|   2.2780284450075731E-02|       1927|
10|  -3.000E-05|                 Infinity|   2.4906774069335894E-02|       1612|
10|   1.570E-01|                 Infinity|   2.3904572186687872E-02|       1750|
10|   3.141E-01|                 Infinity|   2.2827718722052640E-02|       1919|
10|   4.712E-01|                 Infinity|   2.3550608702786628E-02|       1803|
10|   6.283E-01|                 Infinity|   2.4098134635593994E-02|       1722|
10|   7.854E-01|                 Infinity|   2.5615775978927998E-02|       1524|
10|   9.424E-01|                 Infinity|   2.7713699773684663E-02|       1302|
10|   1.100E+00|                 Infinity|   2.7907278609297381E-02|       1284|
10|   1.257E+00|                 Infinity|   2.8318273589429951E-02|       1247|
10|   1.414E+00|                 Infinity|   2.8409549486356805E-02|       1239|
10|   1.571E+00|                 Infinity|   2.7544969439561987E-02|       1318|
10|   1.728E+00|                 Infinity|   2.7983662310423867E-02|       1277|
10|   1.885E+00|                 Infinity|   2.8149476494978783E-02|       1262|
10|   2.042E+00|                 Infinity|   2.8352398856187136E-02|       1244|
10|   2.199E+00|                 Infinity|   2.8536507276767480E-02|       1228|
10|   2.356E+00|                 Infinity|   2.9260286799032642E-02|       1168|
10|   2.513E+00|                 Infinity|   3.0772872744833181E-02|       1056|
10|   2.670E+00|                 Infinity|   3.2157832069216574E-02|        967|
10|   2.827E+00|                 Infinity|   3.2444284226152510E-02|        950|
10|   2.984E+00|                 Infinity|   3.4441829515914534E-02|        843|
# integrated result:   4.5271989215145589E-05
#
