#
# column #1=histogram, #2=x-axis bin, #3=binned cross-section, #4=error, #5=number of events 
# this can be easily plotted in gnuplot with the commands:
#    NHi=3
#    plot 'output.dat' using ($2):($1==NHi ? $3 : 1/0) w st
# where NHi selects the histogram
#
#
# run time =      -0.00min
# TotCS =      2.6118441251E-03           1.26995E-03
#
# Histogram 1: m_jj                                              
 1|   0.000E+00|                      NaN|   0.0000000000000000E+00|          0|
 1|   5.000E+01|                 Infinity|   3.9760252807305848E-03|      63256|
 1|   1.000E+02|                 Infinity|   1.8493168036382727E-02|       2924|
 1|   1.500E+02|                 Infinity|   4.7727395990334764E-02|        439|
 1|   2.000E+02|                 Infinity|   8.3918135829668908E-02|        142|
 1|   2.500E+02|                 Infinity|   1.3018891098082389E-01|         59|
 1|   3.000E+02|                 Infinity|   2.1320071635561041E-01|         22|
 1|   3.500E+02|                 Infinity|   3.5355339059327373E-01|          8|
 1|   4.000E+02|                 Infinity|   4.0824829046386307E-01|          6|
 1|   4.500E+02|                 Infinity|   5.0000000000000000E-01|          4|
 1|   5.000E+02|                 Infinity|   7.0710678118654746E-01|          2|
 1|   5.500E+02|                 Infinity|   1.0000000000000000E+00|          1|
 1|   6.000E+02|                 Infinity|   1.0000000000000000E+00|          1|
 1|   6.500E+02|                      NaN|   0.0000000000000000E+00|          0|
 1|   7.000E+02|                      NaN|   0.0000000000000000E+00|          0|
 1|   7.500E+02|                      NaN|   0.0000000000000000E+00|          0|
 1|   8.000E+02|                 Infinity|   1.0000000000000000E+00|          1|
 1|   8.500E+02|                      NaN|   0.0000000000000000E+00|          0|
 1|   9.000E+02|                      NaN|   0.0000000000000000E+00|          0|
 1|   9.500E+02|                      NaN|   0.0000000000000000E+00|          0|
 1|   1.000E+03|                      NaN|   0.0000000000000000E+00|          0|
 1|   1.050E+03|                      NaN|   0.0000000000000000E+00|          0|
 1|   1.100E+03|                      NaN|   0.0000000000000000E+00|          0|
 1|   1.150E+03|                      NaN|   0.0000000000000000E+00|          0|
 1|   1.200E+03|                      NaN|   0.0000000000000000E+00|          0|
 1|   1.250E+03|                      NaN|   0.0000000000000000E+00|          0|
 1|   1.300E+03|                      NaN|   0.0000000000000000E+00|          0|
 1|   1.350E+03|                      NaN|   0.0000000000000000E+00|          0|
 1|   1.400E+03|                      NaN|   0.0000000000000000E+00|          0|
 1|   1.450E+03|                      NaN|   0.0000000000000000E+00|          0|
 1|   1.500E+03|                      NaN|   0.0000000000000000E+00|          0|
 1|   1.550E+03|                      NaN|   0.0000000000000000E+00|          0|
 1|   1.600E+03|                      NaN|   0.0000000000000000E+00|          0|
 1|   1.650E+03|                      NaN|   0.0000000000000000E+00|          0|
 1|   1.700E+03|                      NaN|   0.0000000000000000E+00|          0|
 1|   1.750E+03|                      NaN|   0.0000000000000000E+00|          0|
 1|   1.800E+03|                      NaN|   0.0000000000000000E+00|          0|
 1|   1.850E+03|                      NaN|   0.0000000000000000E+00|          0|
 1|   1.900E+03|                      NaN|   0.0000000000000000E+00|          0|
 1|   1.950E+03|                      NaN|   0.0000000000000000E+00|          0|
 1|   2.000E+03|                      NaN|   0.0000000000000000E+00|          0|
 1|   2.050E+03|                      NaN|   0.0000000000000000E+00|          0|
 1|   2.100E+03|                      NaN|   0.0000000000000000E+00|          0|
 1|   2.150E+03|                      NaN|   0.0000000000000000E+00|          0|
 1|   2.200E+03|                      NaN|   0.0000000000000000E+00|          0|
 1|   2.250E+03|                      NaN|   0.0000000000000000E+00|          0|
 1|   2.300E+03|                      NaN|   0.0000000000000000E+00|          0|
 1|   2.350E+03|                      NaN|   0.0000000000000000E+00|          0|
 1|   2.400E+03|                      NaN|   0.0000000000000000E+00|          0|
 1|   2.450E+03|                      NaN|   0.0000000000000000E+00|          0|
 1|   2.500E+03|                      NaN|   0.0000000000000000E+00|          0|
 1|   2.550E+03|                      NaN|   0.0000000000000000E+00|          0|
 1|   2.600E+03|                      NaN|   0.0000000000000000E+00|          0|
 1|   2.650E+03|                      NaN|   0.0000000000000000E+00|          0|
 1|   2.700E+03|                      NaN|   0.0000000000000000E+00|          0|
 1|   2.750E+03|                      NaN|   0.0000000000000000E+00|          0|
 1|   2.800E+03|                      NaN|   0.0000000000000000E+00|          0|
 1|   2.850E+03|                      NaN|   0.0000000000000000E+00|          0|
 1|   2.900E+03|                      NaN|   0.0000000000000000E+00|          0|
 1|   2.950E+03|                      NaN|   0.0000000000000000E+00|          0|
 1|   3.000E+03|                      NaN|   0.0000000000000000E+00|          0|
 1|   3.050E+03|                      NaN|   0.0000000000000000E+00|          0|
 1|   3.100E+03|                      NaN|   0.0000000000000000E+00|          0|
 1|   3.150E+03|                      NaN|   0.0000000000000000E+00|          0|
 1|   3.200E+03|                      NaN|   0.0000000000000000E+00|          0|
 1|   3.250E+03|                      NaN|   0.0000000000000000E+00|          0|
 1|   3.300E+03|                      NaN|   0.0000000000000000E+00|          0|
 1|   3.350E+03|                      NaN|   0.0000000000000000E+00|          0|
 1|   3.400E+03|                      NaN|   0.0000000000000000E+00|          0|
 1|   3.450E+03|                      NaN|   0.0000000000000000E+00|          0|
 1|   3.500E+03|                      NaN|   0.0000000000000000E+00|          0|
 1|   3.550E+03|                      NaN|   0.0000000000000000E+00|          0|
 1|   3.600E+03|                      NaN|   0.0000000000000000E+00|          0|
 1|   3.650E+03|                      NaN|   0.0000000000000000E+00|          0|
 1|   3.700E+03|                      NaN|   0.0000000000000000E+00|          0|
 1|   3.750E+03|                      NaN|   0.0000000000000000E+00|          0|
 1|   3.800E+03|                      NaN|   0.0000000000000000E+00|          0|
 1|   3.850E+03|                      NaN|   0.0000000000000000E+00|          0|
 1|   3.900E+03|                      NaN|   0.0000000000000000E+00|          0|
 1|   3.950E+03|                      NaN|   0.0000000000000000E+00|          0|
 1|   4.000E+03|                      NaN|   0.0000000000000000E+00|          0|
 1|   4.050E+03|                      NaN|   0.0000000000000000E+00|          0|
 1|   4.100E+03|                      NaN|   0.0000000000000000E+00|          0|
 1|   4.150E+03|                      NaN|   0.0000000000000000E+00|          0|
 1|   4.200E+03|                      NaN|   0.0000000000000000E+00|          0|
 1|   4.250E+03|                      NaN|   0.0000000000000000E+00|          0|
 1|   4.300E+03|                      NaN|   0.0000000000000000E+00|          0|
 1|   4.350E+03|                      NaN|   0.0000000000000000E+00|          0|
 1|   4.400E+03|                      NaN|   0.0000000000000000E+00|          0|
 1|   4.450E+03|                      NaN|   0.0000000000000000E+00|          0|
 1|   4.500E+03|                      NaN|   0.0000000000000000E+00|          0|
 1|   4.550E+03|                      NaN|   0.0000000000000000E+00|          0|
 1|   4.600E+03|                      NaN|   0.0000000000000000E+00|          0|
 1|   4.650E+03|                      NaN|   0.0000000000000000E+00|          0|
 1|   4.700E+03|                      NaN|   0.0000000000000000E+00|          0|
 1|   4.750E+03|                      NaN|   0.0000000000000000E+00|          0|
 1|   4.800E+03|                      NaN|   0.0000000000000000E+00|          0|
 1|   4.850E+03|                      NaN|   0.0000000000000000E+00|          0|
 1|   4.900E+03|                      NaN|   0.0000000000000000E+00|          0|
 1|   4.950E+03|                      NaN|   0.0000000000000000E+00|          0|
# integrated result:   2.6118441251333111E-03
#
# Histogram 2: m_jj                                              
 2|   0.000E+00|                      NaN|   0.0000000000000000E+00|          0|
 2|   2.000E+00|                      NaN|   0.0000000000000000E+00|          0|
 2|   4.000E+00|                      NaN|   0.0000000000000000E+00|          0|
 2|   6.000E+00|                      NaN|   0.0000000000000000E+00|          0|
 2|   8.000E+00|                      NaN|   0.0000000000000000E+00|          0|
 2|   1.000E+01|                      NaN|   0.0000000000000000E+00|          0|
 2|   1.200E+01|                      NaN|   0.0000000000000000E+00|          0|
 2|   1.400E+01|                      NaN|   0.0000000000000000E+00|          0|
 2|   1.600E+01|                      NaN|   0.0000000000000000E+00|          0|
 2|   1.800E+01|                      NaN|   0.0000000000000000E+00|          0|
 2|   2.000E+01|                      NaN|   0.0000000000000000E+00|          0|
 2|   2.200E+01|                      NaN|   0.0000000000000000E+00|          0|
 2|   2.400E+01|                      NaN|   0.0000000000000000E+00|          0|
 2|   2.600E+01|                      NaN|   0.0000000000000000E+00|          0|
 2|   2.800E+01|                      NaN|   0.0000000000000000E+00|          0|
 2|   3.000E+01|                      NaN|   0.0000000000000000E+00|          0|
 2|   3.200E+01|                      NaN|   0.0000000000000000E+00|          0|
 2|   3.400E+01|                      NaN|   0.0000000000000000E+00|          0|
 2|   3.600E+01|                      NaN|   0.0000000000000000E+00|          0|
 2|   3.800E+01|                      NaN|   0.0000000000000000E+00|          0|
 2|   4.000E+01|                      NaN|   0.0000000000000000E+00|          0|
 2|   4.200E+01|                      NaN|   0.0000000000000000E+00|          0|
 2|   4.400E+01|                      NaN|   0.0000000000000000E+00|          0|
 2|   4.600E+01|                      NaN|   0.0000000000000000E+00|          0|
 2|   4.800E+01|                      NaN|   0.0000000000000000E+00|          0|
 2|   5.000E+01|                      NaN|   0.0000000000000000E+00|          0|
 2|   5.200E+01|                      NaN|   0.0000000000000000E+00|          0|
 2|   5.400E+01|                      NaN|   0.0000000000000000E+00|          0|
 2|   5.600E+01|                      NaN|   0.0000000000000000E+00|          0|
 2|   5.800E+01|                      NaN|   0.0000000000000000E+00|          0|
 2|   6.000E+01|                      NaN|   0.0000000000000000E+00|          0|
 2|   6.200E+01|                      NaN|   0.0000000000000000E+00|          0|
 2|   6.400E+01|                      NaN|   0.0000000000000000E+00|          0|
 2|   6.600E+01|                      NaN|   0.0000000000000000E+00|          0|
 2|   6.800E+01|                      NaN|   0.0000000000000000E+00|          0|
 2|   7.000E+01|                 Infinity|   3.9223227027636809E-02|        650|
 2|   7.200E+01|                 Infinity|   4.1558581746169131E-02|        579|
 2|   7.400E+01|                 Infinity|   4.3233770116711694E-02|        535|
 2|   7.600E+01|                 Infinity|   4.4856130401625657E-02|        497|
 2|   7.800E+01|                 Infinity|   4.3033148291193521E-02|        540|
 2|   8.000E+01|                 Infinity|   4.3193421279068007E-02|        536|
 2|   8.200E+01|                 Infinity|   4.1134503489486357E-02|        591|
 2|   8.400E+01|                 Infinity|   3.3333333333333333E-02|        900|
 2|   8.600E+01|                 Infinity|   2.1011927654376678E-02|       2265|
 2|   8.800E+01|                 Infinity|   9.7179022401638424E-03|      10589|
 2|   9.000E+01|                 Infinity|   7.4347901207888990E-03|      18091|
 2|   9.200E+01|                 Infinity|   7.0460984048345979E-03|      20142|
 2|   9.400E+01|                 Infinity|   1.5969877280748043E-02|       3921|
 2|   9.600E+01|                 Infinity|   1.8566333001716968E-02|       2901|
 2|   9.800E+01|                 Infinity|   4.3895128130614712E-02|        519|
 2|   1.000E+02|                 Infinity|   4.4856130401625657E-02|        497|
 2|   1.020E+02|                 Infinity|   4.3726946944662608E-02|        523|
 2|   1.040E+02|                 Infinity|   5.7073014553534959E-02|        307|
 2|   1.060E+02|                 Infinity|   7.1066905451870152E-02|        198|
 2|   1.080E+02|                 Infinity|   9.0535746042518531E-02|        122|
 2|   1.100E+02|                 Infinity|   9.0535746042518531E-02|        122|
 2|   1.120E+02|                 Infinity|   1.1785113019775793E-01|         72|
 2|   1.140E+02|                 Infinity|   1.1547005383792514E-01|         75|
 2|   1.160E+02|                 Infinity|   1.1043152607484653E-01|         82|
 2|   1.180E+02|                 Infinity|   1.2500000000000000E-01|         64|
 2|   1.200E+02|                 Infinity|   1.2500000000000000E-01|         64|
 2|   1.220E+02|                 Infinity|   1.2309149097933272E-01|         66|
 2|   1.240E+02|                 Infinity|   1.1396057645963795E-01|         77|
 2|   1.260E+02|                 Infinity|   1.3130643285972254E-01|         58|
 2|   1.280E+02|                 Infinity|   1.2309149097933272E-01|         66|
 2|   1.300E+02|                 Infinity|   1.2598815766974239E-01|         63|
 2|   1.320E+02|                 Infinity|   1.1547005383792514E-01|         75|
 2|   1.340E+02|                 Infinity|   1.2038585308576920E-01|         69|
 2|   1.360E+02|                 Infinity|   1.2598815766974239E-01|         63|
 2|   1.380E+02|                 Infinity|   1.5617376188860607E-01|         41|
 2|   1.400E+02|                 Infinity|   1.3245323570650439E-01|         57|
 2|   1.420E+02|                 Infinity|   1.3867504905630729E-01|         52|
 2|   1.440E+02|                 Infinity|   1.6903085094570330E-01|         35|
 2|   1.460E+02|                 Infinity|   1.5430334996209191E-01|         42|
 2|   1.480E+02|                 Infinity|   1.7149858514250882E-01|         34|
 2|   1.500E+02|                 Infinity|   1.6222142113076254E-01|         38|
 2|   1.520E+02|                 Infinity|   1.7960530202677491E-01|         31|
 2|   1.540E+02|                 Infinity|   1.9611613513818404E-01|         26|
 2|   1.560E+02|                 Infinity|   1.7407765595569785E-01|         33|
 2|   1.580E+02|                 Infinity|   1.9245008972987526E-01|         27|
 2|   1.600E+02|                 Infinity|   2.4253562503633297E-01|         17|
 2|   1.620E+02|                 Infinity|   2.0851441405707477E-01|         23|
 2|   1.640E+02|                 Infinity|   2.5000000000000000E-01|         16|
 2|   1.660E+02|                 Infinity|   1.8257418583505536E-01|         30|
 2|   1.680E+02|                 Infinity|   2.2360679774997896E-01|         20|
 2|   1.700E+02|                 Infinity|   2.3570226039551587E-01|         18|
 2|   1.720E+02|                 Infinity|   2.6726124191242440E-01|         14|
 2|   1.740E+02|                 Infinity|   2.5819888974716110E-01|         15|
 2|   1.760E+02|                 Infinity|   2.8867513459481292E-01|         12|
 2|   1.780E+02|                 Infinity|   3.1622776601683794E-01|         10|
 2|   1.800E+02|                 Infinity|   3.3333333333333331E-01|          9|
 2|   1.820E+02|                 Infinity|   2.8867513459481292E-01|         12|
 2|   1.840E+02|                 Infinity|   2.7735009811261457E-01|         13|
 2|   1.860E+02|                 Infinity|   3.5355339059327373E-01|          8|
 2|   1.880E+02|                 Infinity|   4.4721359549995793E-01|          5|
 2|   1.900E+02|                 Infinity|   2.5000000000000000E-01|         16|
 2|   1.920E+02|                 Infinity|   3.0151134457776363E-01|         11|
 2|   1.940E+02|                 Infinity|   3.1622776601683794E-01|         10|
 2|   1.960E+02|                 Infinity|   2.3570226039551587E-01|         18|
 2|   1.980E+02|                 Infinity|   3.7796447300922720E-01|          7|
# integrated result:   2.6118441251333606E-03
#
# Histogram 3: pT(H)                                             
 3|   0.000E+00|                 Infinity|   1.3641155793160591E-02|       5374|
 3|   1.000E+01|                 Infinity|   1.0001000150025006E-02|       9998|
 3|   2.000E+01|                 Infinity|   1.0548546681796053E-02|       8987|
 3|   3.000E+01|                 Infinity|   1.3273296830047474E-02|       5676|
 3|   4.000E+01|                 Infinity|   1.4507997924892191E-02|       4751|
 3|   5.000E+01|                 Infinity|   1.5657526209203989E-02|       4079|
 3|   6.000E+01|                 Infinity|   1.6527232458241840E-02|       3661|
 3|   7.000E+01|                 Infinity|   1.7543859649122806E-02|       3249|
 3|   8.000E+01|                 Infinity|   1.8297105352446882E-02|       2987|
 3|   9.000E+01|                 Infinity|   2.1044471869825901E-02|       2258|
 3|   1.000E+02|                 Infinity|   2.2633936510629633E-02|       1952|
 3|   1.100E+02|                 Infinity|   2.4154307519818494E-02|       1714|
 3|   1.200E+02|                 Infinity|   2.7885569326658022E-02|       1286|
 3|   1.300E+02|                 Infinity|   2.9591497808609105E-02|       1142|
 3|   1.400E+02|                 Infinity|   3.1295877196220290E-02|       1021|
 3|   1.500E+02|                 Infinity|   3.4668762264076822E-02|        832|
 3|   1.600E+02|                 Infinity|   3.5333262666878668E-02|        801|
 3|   1.700E+02|                 Infinity|   3.7877700953928513E-02|        697|
 3|   1.800E+02|                 Infinity|   4.0422604172722164E-02|        612|
 3|   1.900E+02|                 Infinity|   4.3033148291193521E-02|        540|
 3|   2.000E+02|                 Infinity|   4.5454545454545456E-02|        484|
 3|   2.100E+02|                 Infinity|   4.5221563164613454E-02|        489|
 3|   2.200E+02|                 Infinity|   5.1097613030759603E-02|        383|
 3|   2.300E+02|                 Infinity|   5.0507627227610534E-02|        392|
 3|   2.400E+02|                 Infinity|   5.5641488407465724E-02|        323|
 3|   2.500E+02|                 Infinity|   5.6796183424706478E-02|        310|
 3|   2.600E+02|                 Infinity|   5.9339082909692663E-02|        284|
 3|   2.700E+02|                 Infinity|   6.7728546147859642E-02|        218|
 3|   2.800E+02|                 Infinity|   7.1066905451870152E-02|        198|
 3|   2.900E+02|                 Infinity|   7.0359754473029182E-02|        202|
 3|   3.000E+02|                 Infinity|   7.1795815861773818E-02|        194|
 3|   3.100E+02|                 Infinity|   7.9056941504209485E-02|        160|
 3|   3.200E+02|                 Infinity|   8.5125653075874858E-02|        138|
 3|   3.300E+02|                 Infinity|   8.6386842558136015E-02|        134|
 3|   3.400E+02|                 Infinity|   9.0535746042518531E-02|        122|
 3|   3.500E+02|                 Infinity|   9.7128586235726413E-02|        106|
 3|   3.600E+02|                 Infinity|   1.0314212462587934E-01|         94|
 3|   3.700E+02|                 Infinity|   1.0482848367219183E-01|         91|
 3|   3.800E+02|                 Infinity|   1.0846522890932808E-01|         85|
 3|   3.900E+02|                 Infinity|   1.0783277320343841E-01|         86|
 3|   4.000E+02|                 Infinity|   1.2500000000000000E-01|         64|
 3|   4.100E+02|                 Infinity|   1.2126781251816648E-01|         68|
 3|   4.200E+02|                 Infinity|   1.1704114719613057E-01|         73|
 3|   4.300E+02|                 Infinity|   1.3245323570650439E-01|         57|
 3|   4.400E+02|                 Infinity|   1.3245323570650439E-01|         57|
 3|   4.500E+02|                 Infinity|   1.7960530202677491E-01|         31|
 3|   4.600E+02|                 Infinity|   1.8898223650461360E-01|         28|
 3|   4.700E+02|                 Infinity|   1.7677669529663687E-01|         32|
 3|   4.800E+02|                 Infinity|   1.8569533817705186E-01|         29|
 3|   4.900E+02|                 Infinity|   1.8898223650461360E-01|         28|
# integrated result:   2.6118441251333636E-03
#
# Histogram 4: pT(j1)                                            
 4|   0.000E+00|                      NaN|   0.0000000000000000E+00|          0|
 4|   1.000E+01|                 Infinity|   4.4499415948998478E-02|        505|
 4|   2.000E+01|                 Infinity|   1.8921890815214913E-02|       2793|
 4|   3.000E+01|                 Infinity|   1.1251591157819946E-02|       7899|
 4|   4.000E+01|                 Infinity|   8.5730383542562336E-03|      13606|
 4|   5.000E+01|                 Infinity|   9.4873073577327518E-03|      11110|
 4|   6.000E+01|                 Infinity|   1.2141073279465802E-02|       6784|
 4|   7.000E+01|                 Infinity|   1.3967243323970931E-02|       5126|
 4|   8.000E+01|                 Infinity|   1.6511454667095662E-02|       3668|
 4|   9.000E+01|                 Infinity|   1.9167079295731936E-02|       2722|
 4|   1.000E+02|                 Infinity|   2.1832187779978623E-02|       2098|
 4|   1.100E+02|                 Infinity|   2.5110098047591269E-02|       1586|
 4|   1.200E+02|                 Infinity|   2.8250391094058830E-02|       1253|
 4|   1.300E+02|                 Infinity|   3.0556616567607043E-02|       1071|
 4|   1.400E+02|                 Infinity|   3.2808935746239332E-02|        929|
 4|   1.500E+02|                 Infinity|   3.5466345106595430E-02|        795|
 4|   1.600E+02|                 Infinity|   4.0096346988231273E-02|        622|
 4|   1.700E+02|                 Infinity|   4.2835293687811936E-02|        545|
 4|   1.800E+02|                 Infinity|   4.5129368240652418E-02|        491|
 4|   1.900E+02|                 Infinity|   4.8168305085908802E-02|        431|
 4|   2.000E+02|                 Infinity|   5.4717565516458275E-02|        334|
 4|   2.100E+02|                 Infinity|   5.9234887775909233E-02|        285|
 4|   2.200E+02|                 Infinity|   5.7831493196624020E-02|        299|
 4|   2.300E+02|                 Infinity|   6.6372331159997203E-02|        227|
 4|   2.400E+02|                 Infinity|   7.1428571428571425E-02|        196|
 4|   2.500E+02|                 Infinity|   7.9555728417572996E-02|        158|
 4|   2.600E+02|                 Infinity|   8.1649658092772609E-02|        150|
 4|   2.700E+02|                 Infinity|   8.8045090632562384E-02|        129|
 4|   2.800E+02|                 Infinity|   8.3624201000709081E-02|        143|
 4|   2.900E+02|                 Infinity|   9.9014754297667443E-02|        102|
 4|   3.000E+02|                 Infinity|   1.0314212462587934E-01|         94|
 4|   3.100E+02|                 Infinity|   1.1250879009260240E-01|         79|
 4|   3.200E+02|                 Infinity|   1.1043152607484653E-01|         82|
 4|   3.300E+02|                 Infinity|   1.4002800840280097E-01|         51|
 4|   3.400E+02|                 Infinity|   1.3245323570650439E-01|         57|
 4|   3.500E+02|                 Infinity|   1.5075567228888181E-01|         44|
 4|   3.600E+02|                 Infinity|   1.4285714285714285E-01|         49|
 4|   3.700E+02|                 Infinity|   1.4907119849998599E-01|         45|
 4|   3.800E+02|                 Infinity|   1.7149858514250882E-01|         34|
 4|   3.900E+02|                 Infinity|   1.7677669529663687E-01|         32|
 4|   4.000E+02|                 Infinity|   1.7960530202677491E-01|         31|
 4|   4.100E+02|                 Infinity|   1.8898223650461360E-01|         28|
 4|   4.200E+02|                 Infinity|   2.1821789023599239E-01|         21|
 4|   4.300E+02|                 Infinity|   2.5000000000000000E-01|         16|
 4|   4.400E+02|                 Infinity|   4.0824829046386307E-01|          6|
 4|   4.500E+02|                 Infinity|   2.5000000000000000E-01|         16|
 4|   4.600E+02|                 Infinity|   3.0151134457776363E-01|         11|
 4|   4.700E+02|                 Infinity|   2.5000000000000000E-01|         16|
 4|   4.800E+02|                 Infinity|   4.0824829046386307E-01|          6|
 4|   4.900E+02|                 Infinity|   2.5819888974716110E-01|         15|
# integrated result:   2.6118441251333571E-03
#
# Histogram 5: dy(j1,j2)                                         
 5|  -5.000E+00|                      NaN|   0.0000000000000000E+00|          0|
 5|  -4.800E+00|                      NaN|   0.0000000000000000E+00|          0|
 5|  -4.600E+00|                      NaN|   0.0000000000000000E+00|          0|
 5|  -4.400E+00|                      NaN|   0.0000000000000000E+00|          0|
 5|  -4.200E+00|                 Infinity|   4.4721359549995793E-01|          5|
 5|  -4.000E+00|                 Infinity|   4.4721359549995793E-01|          5|
 5|  -3.800E+00|                 Infinity|   4.4721359549995793E-01|          5|
 5|  -3.600E+00|                 Infinity|   3.3333333333333331E-01|          9|
 5|  -3.400E+00|                 Infinity|   2.8867513459481292E-01|         12|
 5|  -3.200E+00|                 Infinity|   1.8569533817705186E-01|         29|
 5|  -3.000E+00|                 Infinity|   1.4285714285714285E-01|         49|
 5|  -2.800E+00|                 Infinity|   1.1322770341445956E-01|         78|
 5|  -2.600E+00|                 Infinity|   1.0000000000000001E-01|        100|
 5|  -2.400E+00|                 Infinity|   7.7615052570633281E-02|        166|
 5|  -2.200E+00|                 Infinity|   6.3372425052447792E-02|        249|
 5|  -2.000E+00|                 Infinity|   4.9937616943892232E-02|        401|
 5|  -1.800E+00|                 Infinity|   4.2874646285627205E-02|        544|
 5|  -1.600E+00|                 Infinity|   3.6297700432031385E-02|        759|
 5|  -1.400E+00|                 Infinity|   3.2241294010958051E-02|        962|
 5|  -1.200E+00|                 Infinity|   2.9488391230979426E-02|       1150|
 5|  -1.000E+00|                 Infinity|   2.6754805427388343E-02|       1397|
 5|  -8.000E-01|                 Infinity|   2.4492448305451230E-02|       1667|
 5|  -6.000E-01|                 Infinity|   2.1958143754552940E-02|       2074|
 5|  -4.000E-01|                 Infinity|   2.0340502363726694E-02|       2417|
 5|  -2.000E-01|                 Infinity|   1.9184707441917036E-02|       2717|
 5|   0.000E+00|                 Infinity|   1.6417727582577962E-02|       3710|
 5|   2.000E-01|                 Infinity|   1.5829206186005598E-02|       3991|
 5|   4.000E-01|                 Infinity|   1.5053345733281098E-02|       4413|
 5|   6.000E-01|                 Infinity|   1.4897191697149056E-02|       4506|
 5|   8.000E-01|                 Infinity|   1.4765074068626156E-02|       4587|
 5|   1.000E+00|                 Infinity|   1.4146380174561475E-02|       4997|
 5|   1.200E+00|                 Infinity|   1.2844815128956886E-02|       6061|
 5|   1.400E+00|                 Infinity|   1.1651561792628471E-02|       7366|
 5|   1.600E+00|                 Infinity|   1.7622684421256033E-02|       3220|
 5|   1.800E+00|                 Infinity|   2.2048693185121176E-02|       2057|
 5|   2.000E+00|                 Infinity|   2.4776471541572212E-02|       1629|
 5|   2.200E+00|                 Infinity|   2.5221663615265913E-02|       1572|
 5|   2.400E+00|                 Infinity|   2.3557142371577276E-02|       1802|
 5|   2.600E+00|                 Infinity|   3.4731435582359395E-02|        829|
 5|   2.800E+00|                 Infinity|   4.7457899787624949E-02|        444|
 5|   3.000E+00|                 Infinity|   5.5215763037423267E-02|        328|
 5|   3.200E+00|                 Infinity|   7.2357460529242162E-02|        191|
 5|   3.400E+00|                 Infinity|   7.8811040623910061E-02|        161|
 5|   3.600E+00|                 Infinity|   9.9503719020998915E-02|        101|
 5|   3.800E+00|                 Infinity|   1.3867504905630729E-01|         52|
 5|   4.000E+00|                 Infinity|   1.6439898730535729E-01|         37|
 5|   4.200E+00|                 Infinity|   3.1622776601683794E-01|         10|
 5|   4.400E+00|                 Infinity|   1.0000000000000000E+00|          1|
 5|   4.600E+00|                 Infinity|   5.0000000000000000E-01|          4|
 5|   4.800E+00|                 Infinity|   1.0000000000000000E+00|          1|
# integrated result:   2.6118441251333610E-03
#
# Histogram 6: mz1                                               
 6|   0.000E+00|                      NaN|   0.0000000000000000E+00|          0|
 6|   2.000E+00|                      NaN|   0.0000000000000000E+00|          0|
 6|   4.000E+00|                 Infinity|   3.1357362279453238E-02|       1017|
 6|   6.000E+00|                 Infinity|   2.6948402781814772E-02|       1377|
 6|   8.000E+00|                 Infinity|   2.5400025400038100E-02|       1550|
 6|   1.000E+01|                 Infinity|   4.5129368240652418E-02|        491|
 6|   1.200E+01|                 Infinity|   5.2486388108147798E-02|        363|
 6|   1.400E+01|                 Infinity|   5.8025885318565944E-02|        297|
 6|   1.600E+01|                 Infinity|   4.4901325506693728E-02|        496|
 6|   1.800E+01|                 Infinity|   4.5501575519329006E-02|        483|
 6|   2.000E+01|                 Infinity|   6.4415662640083082E-02|        241|
 6|   2.200E+01|                 Infinity|   5.7831493196624020E-02|        299|
 6|   2.400E+01|                 Infinity|   4.4856130401625657E-02|        497|
 6|   2.600E+01|                 Infinity|   3.5488672049383801E-02|        794|
 6|   2.800E+01|                 Infinity|   4.9446817643414874E-02|        409|
 6|   3.000E+01|                 Infinity|   5.3300179088902604E-02|        352|
 6|   3.200E+01|                 Infinity|   6.2017367294604234E-02|        260|
 6|   3.400E+01|                 Infinity|   8.0321932890249886E-02|        155|
 6|   3.600E+01|                 Infinity|   9.1669849702821132E-02|        119|
 6|   3.800E+01|                 Infinity|   7.8567420131838608E-02|        162|
 6|   4.000E+01|                 Infinity|   7.1066905451870152E-02|        198|
 6|   4.200E+01|                 Infinity|   1.8692405136401476E-02|       2862|
 6|   4.400E+01|                 Infinity|   1.2854362418226521E-02|       6052|
 6|   4.600E+01|                 Infinity|   1.3220991503129300E-02|       5721|
 6|   4.800E+01|                 Infinity|   1.4266801472725471E-02|       4913|
 6|   5.000E+01|                 Infinity|   6.6964953018242512E-02|        223|
 6|   5.200E+01|                 Infinity|   8.1649658092772609E-02|        150|
 6|   5.400E+01|                 Infinity|   1.3130643285972254E-01|         58|
 6|   5.600E+01|                 Infinity|   1.0910894511799619E-01|         84|
 6|   5.800E+01|                 Infinity|   9.2847669088525930E-02|        116|
 6|   6.000E+01|                 Infinity|   1.0425720702853739E-01|         92|
 6|   6.200E+01|                 Infinity|   1.1322770341445956E-01|         78|
 6|   6.400E+01|                 Infinity|   1.1250879009260240E-01|         79|
 6|   6.600E+01|                 Infinity|   1.0540925533894598E-01|         90|
 6|   6.800E+01|                 Infinity|   9.9503719020998915E-02|        101|
 6|   7.000E+01|                 Infinity|   7.9056941504209485E-02|        160|
 6|   7.200E+01|                 Infinity|   5.9028133610095526E-02|        287|
 6|   7.400E+01|                 Infinity|   2.9348363544187461E-02|       1161|
 6|   7.600E+01|                 Infinity|   2.4868236565099691E-02|       1617|
 6|   7.800E+01|                 Infinity|   2.0370021093167764E-02|       2410|
 6|   8.000E+01|                 Infinity|   3.1591201180328175E-02|       1002|
 6|   8.200E+01|                 Infinity|   4.1099746826339323E-02|        592|
 6|   8.400E+01|                 Infinity|   3.3864273073929821E-02|        872|
 6|   8.600E+01|                 Infinity|   3.1960138605029657E-02|        979|
 6|   8.800E+01|                 Infinity|   1.5099608472228406E-02|       4386|
 6|   9.000E+01|                 Infinity|   9.1777887276794038E-03|      11872|
 6|   9.200E+01|                 Infinity|   1.2453387034667947E-02|       6448|
 6|   9.400E+01|                 Infinity|   2.7929038673897278E-02|       1282|
 6|   9.600E+01|                 Infinity|   3.7986858819879316E-02|        693|
 6|   9.800E+01|                 Infinity|   4.5175395145262566E-02|        490|
 6|   1.000E+02|                 Infinity|   4.0961596025952028E-02|        596|
 6|   1.020E+02|                 Infinity|   6.5653216429861272E-02|        232|
 6|   1.040E+02|                 Infinity|   9.0166963466743230E-02|        123|
 6|   1.060E+02|                 Infinity|   1.1470786693528087E-01|         76|
 6|   1.080E+02|                 Infinity|   1.1250879009260240E-01|         79|
 6|   1.100E+02|                 Infinity|   1.1704114719613057E-01|         73|
 6|   1.120E+02|                 Infinity|   1.5811388300841897E-01|         40|
 6|   1.140E+02|                 Infinity|   1.6012815380508713E-01|         39|
 6|   1.160E+02|                 Infinity|   1.5617376188860607E-01|         41|
 6|   1.180E+02|                 Infinity|   1.4907119849998599E-01|         45|
 6|   1.200E+02|                 Infinity|   1.5249857033260467E-01|         43|
 6|   1.220E+02|                 Infinity|   1.4907119849998599E-01|         45|
 6|   1.240E+02|                 Infinity|   1.6903085094570330E-01|         35|
 6|   1.260E+02|                 Infinity|   1.4285714285714285E-01|         49|
 6|   1.280E+02|                 Infinity|   1.9245008972987526E-01|         27|
 6|   1.300E+02|                 Infinity|   2.1320071635561041E-01|         22|
 6|   1.320E+02|                 Infinity|   1.9245008972987526E-01|         27|
 6|   1.340E+02|                 Infinity|   2.2941573387056174E-01|         19|
 6|   1.360E+02|                 Infinity|   1.8569533817705186E-01|         29|
 6|   1.380E+02|                 Infinity|   2.1320071635561041E-01|         22|
 6|   1.400E+02|                 Infinity|   1.9245008972987526E-01|         27|
 6|   1.420E+02|                 Infinity|   2.6726124191242440E-01|         14|
 6|   1.440E+02|                 Infinity|   2.0000000000000001E-01|         25|
 6|   1.460E+02|                 Infinity|   2.0412414523193154E-01|         24|
 6|   1.480E+02|                 Infinity|   1.8569533817705186E-01|         29|
 6|   1.500E+02|                 Infinity|   2.1821789023599239E-01|         21|
 6|   1.520E+02|                 Infinity|   2.6726124191242440E-01|         14|
 6|   1.540E+02|                 Infinity|   2.5819888974716110E-01|         15|
 6|   1.560E+02|                 Infinity|   2.2360679774997896E-01|         20|
 6|   1.580E+02|                 Infinity|   2.6726124191242440E-01|         14|
 6|   1.600E+02|                 Infinity|   1.9245008972987526E-01|         27|
 6|   1.620E+02|                 Infinity|   2.2360679774997896E-01|         20|
 6|   1.640E+02|                 Infinity|   2.4253562503633297E-01|         17|
 6|   1.660E+02|                 Infinity|   2.5000000000000000E-01|         16|
 6|   1.680E+02|                 Infinity|   2.7735009811261457E-01|         13|
 6|   1.700E+02|                 Infinity|   3.1622776601683794E-01|         10|
 6|   1.720E+02|                 Infinity|   3.0151134457776363E-01|         11|
 6|   1.740E+02|                 Infinity|   2.7735009811261457E-01|         13|
 6|   1.760E+02|                 Infinity|   2.8867513459481292E-01|         12|
 6|   1.780E+02|                 Infinity|   3.1622776601683794E-01|         10|
 6|   1.800E+02|                 Infinity|   3.0151134457776363E-01|         11|
 6|   1.820E+02|                 Infinity|   2.8867513459481292E-01|         12|
 6|   1.840E+02|                 Infinity|   2.7735009811261457E-01|         13|
 6|   1.860E+02|                 Infinity|   2.7735009811261457E-01|         13|
 6|   1.880E+02|                 Infinity|   2.5819888974716110E-01|         15|
 6|   1.900E+02|                 Infinity|   3.0151134457776363E-01|         11|
 6|   1.920E+02|                 Infinity|   3.0151134457776363E-01|         11|
 6|   1.940E+02|                 Infinity|   3.3333333333333331E-01|          9|
 6|   1.960E+02|                 Infinity|   3.3333333333333331E-01|          9|
 6|   1.980E+02|                 Infinity|   3.3333333333333331E-01|          9|
# integrated result:   2.6118441251333628E-03
#
# Histogram 7: mz2                                               
 7|   0.000E+00|                      NaN|   0.0000000000000000E+00|          0|
 7|   2.000E+00|                      NaN|   0.0000000000000000E+00|          0|
 7|   4.000E+00|                 Infinity|   2.2338352580438516E-02|       2004|
 7|   6.000E+00|                 Infinity|   3.0772872744833181E-02|       1056|
 7|   8.000E+00|                 Infinity|   3.3004918099222479E-02|        918|
 7|   1.000E+01|                 Infinity|   3.3407655239053050E-02|        896|
 7|   1.200E+01|                 Infinity|   3.2325409191761800E-02|        957|
 7|   1.400E+01|                 Infinity|   3.2224549634855451E-02|        963|
 7|   1.600E+01|                 Infinity|   3.2738530223582557E-02|        933|
 7|   1.800E+01|                 Infinity|   3.2773676267223106E-02|        931|
 7|   2.000E+01|                 Infinity|   3.3426313523243781E-02|        895|
 7|   2.200E+01|                 Infinity|   3.1702131247412065E-02|        995|
 7|   2.400E+01|                 Infinity|   3.2969023669789349E-02|        920|
 7|   2.600E+01|                 Infinity|   3.3022909334191324E-02|        917|
 7|   2.800E+01|                 Infinity|   3.4627168053222183E-02|        834|
 7|   3.000E+01|                 Infinity|   3.3407655239053050E-02|        896|
 7|   3.200E+01|                 Infinity|   3.3445003104532557E-02|        894|
 7|   3.400E+01|                 Infinity|   3.3149677206589796E-02|        910|
 7|   3.600E+01|                 Infinity|   3.5071531191594722E-02|        813|
 7|   3.800E+01|                 Infinity|   3.4565056491014177E-02|        837|
 7|   4.000E+01|                 Infinity|   3.4857808718787492E-02|        823|
 7|   4.200E+01|                 Infinity|   3.3186165579998601E-02|        908|
 7|   4.400E+01|                 Infinity|   3.2564480451291802E-02|        943|
 7|   4.600E+01|                 Infinity|   3.3277916281986085E-02|        903|
 7|   4.800E+01|                 Infinity|   3.3844872171120637E-02|        873|
 7|   5.000E+01|                 Infinity|   3.2633766658241879E-02|        939|
 7|   5.200E+01|                 Infinity|   3.2986956237702113E-02|        919|
 7|   5.400E+01|                 Infinity|   3.5444060250416791E-02|        796|
 7|   5.600E+01|                 Infinity|   3.3844872171120637E-02|        873|
 7|   5.800E+01|                 Infinity|   3.0192333931958418E-02|       1097|
 7|   6.000E+01|                 Infinity|   3.4060135164508579E-02|        862|
 7|   6.200E+01|                 Infinity|   3.5921060405354983E-02|        775|
 7|   6.400E+01|                 Infinity|   3.3389028164708894E-02|        897|
 7|   6.600E+01|                 Infinity|   3.4040395878489879E-02|        863|
 7|   6.800E+01|                 Infinity|   3.7190400165280094E-02|        723|
 7|   7.000E+01|                 Infinity|   3.8404768632128432E-02|        678|
 7|   7.200E+01|                 Infinity|   3.7877700953928513E-02|        697|
 7|   7.400E+01|                 Infinity|   3.8014296063485276E-02|        692|
 7|   7.600E+01|                 Infinity|   3.5578403348241000E-02|        790|
 7|   7.800E+01|                 Infinity|   3.4060135164508579E-02|        862|
 7|   8.000E+01|                 Infinity|   3.8866103716823586E-02|        662|
 7|   8.200E+01|                 Infinity|   3.9746431675858215E-02|        633|
 7|   8.400E+01|                 Infinity|   3.4319911152729012E-02|        849|
 7|   8.600E+01|                 Infinity|   2.3655804575095973E-02|       1787|
 7|   8.800E+01|                 Infinity|   1.8695671611766978E-02|       2861|
 7|   9.000E+01|                 Infinity|   7.0452240146490781E-03|      20147|
 7|   9.200E+01|                 Infinity|   1.8867924528301886E-02|       2809|
 7|   9.400E+01|                 Infinity|   3.1606977062050699E-02|       1001|
 7|   9.600E+01|                 Infinity|   6.6666666666666666E-02|        225|
 7|   9.800E+01|                 Infinity|   8.6066296582387042E-02|        135|
 7|   1.000E+02|                 Infinity|   9.5346258924559238E-02|        110|
 7|   1.020E+02|                 Infinity|   1.0050378152592121E-01|         99|
 7|   1.040E+02|                 Infinity|   1.0153461651336192E-01|         97|
 7|   1.060E+02|                 Infinity|   1.2038585308576920E-01|         69|
 7|   1.080E+02|                 Infinity|   1.2500000000000000E-01|         64|
 7|   1.100E+02|                 Infinity|   1.4002800840280097E-01|         51|
 7|   1.120E+02|                 Infinity|   1.5811388300841897E-01|         40|
 7|   1.140E+02|                 Infinity|   1.4433756729740646E-01|         48|
 7|   1.160E+02|                 Infinity|   1.7960530202677491E-01|         31|
 7|   1.180E+02|                 Infinity|   1.7407765595569785E-01|         33|
 7|   1.200E+02|                 Infinity|   1.7960530202677491E-01|         31|
 7|   1.220E+02|                 Infinity|   1.5249857033260467E-01|         43|
 7|   1.240E+02|                 Infinity|   1.9245008972987526E-01|         27|
 7|   1.260E+02|                 Infinity|   1.8898223650461360E-01|         28|
 7|   1.280E+02|                 Infinity|   2.2360679774997896E-01|         20|
 7|   1.300E+02|                 Infinity|   1.9611613513818404E-01|         26|
 7|   1.320E+02|                 Infinity|   1.9611613513818404E-01|         26|
 7|   1.340E+02|                 Infinity|   2.1821789023599239E-01|         21|
 7|   1.360E+02|                 Infinity|   2.6726124191242440E-01|         14|
 7|   1.380E+02|                 Infinity|   2.5000000000000000E-01|         16|
 7|   1.400E+02|                 Infinity|   2.2360679774997896E-01|         20|
 7|   1.420E+02|                 Infinity|   2.1320071635561041E-01|         22|
 7|   1.440E+02|                 Infinity|   2.4253562503633297E-01|         17|
 7|   1.460E+02|                 Infinity|   2.1320071635561041E-01|         22|
 7|   1.480E+02|                 Infinity|   2.5000000000000000E-01|         16|
 7|   1.500E+02|                 Infinity|   2.8867513459481292E-01|         12|
 7|   1.520E+02|                 Infinity|   2.7735009811261457E-01|         13|
 7|   1.540E+02|                 Infinity|   2.8867513459481292E-01|         12|
 7|   1.560E+02|                 Infinity|   3.3333333333333331E-01|          9|
 7|   1.580E+02|                 Infinity|   2.5819888974716110E-01|         15|
 7|   1.600E+02|                 Infinity|   2.8867513459481292E-01|         12|
 7|   1.620E+02|                 Infinity|   2.8867513459481292E-01|         12|
 7|   1.640E+02|                 Infinity|   3.0151134457776363E-01|         11|
 7|   1.660E+02|                 Infinity|   3.1622776601683794E-01|         10|
 7|   1.680E+02|                 Infinity|   3.3333333333333331E-01|          9|
 7|   1.700E+02|                 Infinity|   2.8867513459481292E-01|         12|
 7|   1.720E+02|                 Infinity|   3.7796447300922720E-01|          7|
 7|   1.740E+02|                 Infinity|   3.3333333333333331E-01|          9|
 7|   1.760E+02|                 Infinity|   4.4721359549995793E-01|          5|
 7|   1.780E+02|                 Infinity|   3.7796447300922720E-01|          7|
 7|   1.800E+02|                 Infinity|   5.0000000000000000E-01|          4|
 7|   1.820E+02|                 Infinity|   4.0824829046386307E-01|          6|
 7|   1.840E+02|                 Infinity|   3.7796447300922720E-01|          7|
 7|   1.860E+02|                 Infinity|   5.0000000000000000E-01|          4|
 7|   1.880E+02|                 Infinity|   4.4721359549995793E-01|          5|
 7|   1.900E+02|                 Infinity|   4.0824829046386307E-01|          6|
 7|   1.920E+02|                 Infinity|   5.0000000000000000E-01|          4|
 7|   1.940E+02|                 Infinity|   5.0000000000000000E-01|          4|
 7|   1.960E+02|                 Infinity|   1.0000000000000000E+00|          1|
 7|   1.980E+02|                 Infinity|   5.7735026918962584E-01|          3|
# integrated result:   2.6118441251333506E-03
#
# Histogram 8: m_4l                                              
 8|   1.000E+02|                 Infinity|   6.8456228448979892E-03|      21339|
 8|   1.400E+02|                 Infinity|   8.0020487867676938E-03|      15617|
 8|   1.800E+02|                 Infinity|   1.0215256027276413E-02|       9583|
 8|   2.200E+02|                 Infinity|   1.3643694863595453E-02|       5372|
 8|   2.600E+02|                 Infinity|   1.7022663741204886E-02|       3451|
 8|   3.000E+02|                 Infinity|   2.0970306099501079E-02|       2274|
 8|   3.400E+02|                 Infinity|   2.3563681481313652E-02|       1801|
 8|   3.800E+02|                 Infinity|   2.8629916715693413E-02|       1220|
 8|   4.200E+02|                 Infinity|   3.2651157422416956E-02|        938|
 8|   4.600E+02|                 Infinity|   3.8124642583151166E-02|        688|
 8|   5.000E+02|                 Infinity|   4.3726946944662608E-02|        523|
 8|   5.400E+02|                 Infinity|   4.9326362366699003E-02|        411|
 8|   5.800E+02|                 Infinity|   5.7353933467640436E-02|        304|
 8|   6.200E+02|                 Infinity|   6.4956980246163087E-02|        237|
 8|   6.600E+02|                 Infinity|   7.6696498884737035E-02|        170|
 8|   7.000E+02|                 Infinity|   8.1923192051904056E-02|        149|
 8|   7.400E+02|                 Infinity|   1.0259783520851541E-01|         95|
 8|   7.800E+02|                 Infinity|   1.0153461651336192E-01|         97|
 8|   8.200E+02|                 Infinity|   1.2403473458920847E-01|         65|
 8|   8.600E+02|                 Infinity|   1.2598815766974239E-01|         63|
 8|   9.000E+02|                 Infinity|   1.3736056394868904E-01|         53|
 8|   9.400E+02|                 Infinity|   1.7407765595569785E-01|         33|
 8|   9.800E+02|                 Infinity|   1.9245008972987526E-01|         27|
 8|   1.020E+03|                 Infinity|   2.0000000000000001E-01|         25|
 8|   1.060E+03|                 Infinity|   2.1821789023599239E-01|         21|
 8|   1.100E+03|                 Infinity|   2.5000000000000000E-01|         16|
 8|   1.140E+03|                 Infinity|   4.0824829046386307E-01|          6|
 8|   1.180E+03|                 Infinity|   2.6726124191242440E-01|         14|
 8|   1.220E+03|                 Infinity|   4.0824829046386307E-01|          6|
 8|   1.260E+03|                 Infinity|   2.6726124191242440E-01|         14|
 8|   1.300E+03|                 Infinity|   3.7796447300922720E-01|          7|
 8|   1.340E+03|                 Infinity|   4.0824829046386307E-01|          6|
 8|   1.380E+03|                 Infinity|   4.4721359549995793E-01|          5|
 8|   1.420E+03|                 Infinity|   3.7796447300922720E-01|          7|
 8|   1.460E+03|                 Infinity|   5.7735026918962584E-01|          3|
 8|   1.500E+03|                 Infinity|   4.4721359549995793E-01|          5|
 8|   1.540E+03|                 Infinity|   4.4721359549995793E-01|          5|
 8|   1.580E+03|                 Infinity|   1.0000000000000000E+00|          1|
 8|   1.620E+03|                 Infinity|   5.7735026918962584E-01|          3|
 8|   1.660E+03|                 Infinity|   5.7735026918962584E-01|          3|
 8|   1.700E+03|                 Infinity|   7.0710678118654746E-01|          2|
 8|   1.740E+03|                 Infinity|   7.0710678118654746E-01|          2|
 8|   1.780E+03|                 Infinity|   7.0710678118654746E-01|          2|
 8|   1.820E+03|                      NaN|   0.0000000000000000E+00|          0|
 8|   1.860E+03|                 Infinity|   1.0000000000000000E+00|          1|
 8|   1.900E+03|                      NaN|   0.0000000000000000E+00|          0|
 8|   1.940E+03|                 Infinity|   1.0000000000000000E+00|          1|
 8|   1.980E+03|                      NaN|   0.0000000000000000E+00|          0|
 8|   2.020E+03|                      NaN|   0.0000000000000000E+00|          0|
 8|   2.060E+03|                      NaN|   0.0000000000000000E+00|          0|
 8|   2.100E+03|                      NaN|   0.0000000000000000E+00|          0|
 8|   2.140E+03|                 Infinity|   1.0000000000000000E+00|          1|
 8|   2.180E+03|                      NaN|   0.0000000000000000E+00|          0|
 8|   2.220E+03|                      NaN|   0.0000000000000000E+00|          0|
 8|   2.260E+03|                      NaN|   0.0000000000000000E+00|          0|
 8|   2.300E+03|                 Infinity|   1.0000000000000000E+00|          1|
 8|   2.340E+03|                 Infinity|   1.0000000000000000E+00|          1|
 8|   2.380E+03|                      NaN|   0.0000000000000000E+00|          0|
 8|   2.420E+03|                 Infinity|   1.0000000000000000E+00|          1|
 8|   2.460E+03|                      NaN|   0.0000000000000000E+00|          0|
 8|   2.500E+03|                 Infinity|   1.0000000000000000E+00|          1|
 8|   2.540E+03|                      NaN|   0.0000000000000000E+00|          0|
 8|   2.580E+03|                      NaN|   0.0000000000000000E+00|          0|
 8|   2.620E+03|                      NaN|   0.0000000000000000E+00|          0|
 8|   2.660E+03|                      NaN|   0.0000000000000000E+00|          0|
 8|   2.700E+03|                      NaN|   0.0000000000000000E+00|          0|
 8|   2.740E+03|                      NaN|   0.0000000000000000E+00|          0|
 8|   2.780E+03|                      NaN|   0.0000000000000000E+00|          0|
 8|   2.820E+03|                      NaN|   0.0000000000000000E+00|          0|
 8|   2.860E+03|                      NaN|   0.0000000000000000E+00|          0|
 8|   2.900E+03|                      NaN|   0.0000000000000000E+00|          0|
 8|   2.940E+03|                      NaN|   0.0000000000000000E+00|          0|
 8|   2.980E+03|                      NaN|   0.0000000000000000E+00|          0|
 8|   3.020E+03|                      NaN|   0.0000000000000000E+00|          0|
 8|   3.060E+03|                      NaN|   0.0000000000000000E+00|          0|
 8|   3.100E+03|                      NaN|   0.0000000000000000E+00|          0|
 8|   3.140E+03|                      NaN|   0.0000000000000000E+00|          0|
 8|   3.180E+03|                      NaN|   0.0000000000000000E+00|          0|
 8|   3.220E+03|                      NaN|   0.0000000000000000E+00|          0|
 8|   3.260E+03|                      NaN|   0.0000000000000000E+00|          0|
 8|   3.300E+03|                      NaN|   0.0000000000000000E+00|          0|
 8|   3.340E+03|                      NaN|   0.0000000000000000E+00|          0|
 8|   3.380E+03|                      NaN|   0.0000000000000000E+00|          0|
 8|   3.420E+03|                      NaN|   0.0000000000000000E+00|          0|
 8|   3.460E+03|                      NaN|   0.0000000000000000E+00|          0|
 8|   3.500E+03|                      NaN|   0.0000000000000000E+00|          0|
 8|   3.540E+03|                      NaN|   0.0000000000000000E+00|          0|
 8|   3.580E+03|                      NaN|   0.0000000000000000E+00|          0|
 8|   3.620E+03|                      NaN|   0.0000000000000000E+00|          0|
 8|   3.660E+03|                      NaN|   0.0000000000000000E+00|          0|
 8|   3.700E+03|                      NaN|   0.0000000000000000E+00|          0|
 8|   3.740E+03|                      NaN|   0.0000000000000000E+00|          0|
 8|   3.780E+03|                      NaN|   0.0000000000000000E+00|          0|
 8|   3.820E+03|                      NaN|   0.0000000000000000E+00|          0|
 8|   3.860E+03|                      NaN|   0.0000000000000000E+00|          0|
 8|   3.900E+03|                      NaN|   0.0000000000000000E+00|          0|
 8|   3.940E+03|                      NaN|   0.0000000000000000E+00|          0|
 8|   3.980E+03|                      NaN|   0.0000000000000000E+00|          0|
 8|   4.020E+03|                      NaN|   0.0000000000000000E+00|          0|
 8|   4.060E+03|                      NaN|   0.0000000000000000E+00|          0|
# integrated result:   2.6118441251333576E-03
#
# Histogram 9: m_4l                                              
 9|   8.500E+01|                 Infinity|   1.0369516947304253E-01|         93|
 9|   8.600E+01|                 Infinity|   1.2909944487358055E-01|         60|
 9|   8.700E+01|                 Infinity|   1.1704114719613057E-01|         73|
 9|   8.800E+01|                 Infinity|   1.1470786693528087E-01|         76|
 9|   8.900E+01|                 Infinity|   1.0206207261596577E-01|         96|
 9|   9.000E+01|                 Infinity|   9.8532927816429319E-02|        103|
 9|   9.100E+01|                 Infinity|   1.0000000000000001E-01|        100|
 9|   9.200E+01|                 Infinity|   1.0259783520851541E-01|         95|
 9|   9.300E+01|                 Infinity|   1.0846522890932808E-01|         85|
 9|   9.400E+01|                 Infinity|   1.0000000000000001E-01|        100|
 9|   9.500E+01|                 Infinity|   9.7128586235726413E-02|        106|
 9|   9.600E+01|                 Infinity|   8.3918135829668908E-02|        142|
 9|   9.700E+01|                 Infinity|   8.4818892967997092E-02|        139|
 9|   9.800E+01|                 Infinity|   8.7370405666103795E-02|        131|
 9|   9.900E+01|                 Infinity|   8.0321932890249886E-02|        155|
 9|   1.000E+02|                 Infinity|   7.8811040623910061E-02|        161|
 9|   1.010E+02|                 Infinity|   6.6815310478106099E-02|        224|
 9|   1.020E+02|                 Infinity|   6.2869461346193145E-02|        253|
 9|   1.030E+02|                 Infinity|   5.9234887775909233E-02|        285|
 9|   1.040E+02|                 Infinity|   5.7639041770423498E-02|        301|
 9|   1.050E+02|                 Infinity|   5.8722021951470346E-02|        290|
 9|   1.060E+02|                 Infinity|   5.4882129994845173E-02|        332|
 9|   1.070E+02|                 Infinity|   5.6343616981901101E-02|        315|
 9|   1.080E+02|                 Infinity|   5.2199575097188054E-02|        367|
 9|   1.090E+02|                 Infinity|   4.9206783130512292E-02|        413|
 9|   1.100E+02|                 Infinity|   4.8621663832631515E-02|        423|
 9|   1.110E+02|                 Infinity|   4.7891314261057569E-02|        436|
 9|   1.120E+02|                 Infinity|   4.7946330148538413E-02|        435|
 9|   1.130E+02|                 Infinity|   4.4065264923923174E-02|        515|
 9|   1.140E+02|                 Infinity|   4.4324220717793628E-02|        509|
 9|   1.150E+02|                 Infinity|   4.3233770116711694E-02|        535|
 9|   1.160E+02|                 Infinity|   3.8984058779272523E-02|        658|
 9|   1.170E+02|                 Infinity|   4.2220033092074907E-02|        561|
 9|   1.180E+02|                 Infinity|   4.3233770116711694E-02|        535|
 9|   1.190E+02|                 Infinity|   4.5548751867427691E-02|        482|
 9|   1.200E+02|                 Infinity|   4.4856130401625657E-02|        497|
 9|   1.210E+02|                 Infinity|   4.1451333614483915E-02|        582|
 9|   1.220E+02|                 Infinity|   3.8547167224584990E-02|        673|
 9|   1.230E+02|                 Infinity|   3.5488672049383801E-02|        794|
 9|   1.240E+02|                 Infinity|   2.9827499313594678E-02|       1124|
 9|   1.250E+02|                 Infinity|   2.9656491293029667E-02|       1137|
 9|   1.260E+02|                 Infinity|   3.3004918099222479E-02|        918|
 9|   1.270E+02|                 Infinity|   3.6155076303109365E-02|        765|
 9|   1.280E+02|                 Infinity|   4.0824829046386304E-02|        600|
 9|   1.290E+02|                 Infinity|   4.1522739926869986E-02|        580|
 9|   1.300E+02|                 Infinity|   4.2107596053325952E-02|        564|
 9|   1.310E+02|                 Infinity|   4.1099746826339323E-02|        592|
 9|   1.320E+02|                 Infinity|   4.4946657497549475E-02|        495|
 9|   1.330E+02|                 Infinity|   4.4766148103584522E-02|        499|
 9|   1.340E+02|                 Infinity|   4.4766148103584522E-02|        499|
# integrated result:   2.6118441251333285E-03
#
# Histogram10: Phi1                                              
10|  -3.142E+00|                 Infinity|   2.8205406366325913E-02|       1257|
10|  -2.985E+00|                 Infinity|   2.8879549112895388E-02|       1199|
10|  -2.827E+00|                 Infinity|   2.9160592175990215E-02|       1176|
10|  -2.670E+00|                 Infinity|   2.9037395206952050E-02|       1186|
10|  -2.513E+00|                 Infinity|   2.6688025634181191E-02|       1404|
10|  -2.356E+00|                 Infinity|   2.5498922693273831E-02|       1538|
10|  -2.199E+00|                 Infinity|   2.4147264420814760E-02|       1715|
10|  -2.042E+00|                 Infinity|   2.2633936510629633E-02|       1952|
10|  -1.885E+00|                 Infinity|   2.1759706994462231E-02|       2112|
10|  -1.728E+00|                 Infinity|   2.2377469175267228E-02|       1997|
10|  -1.571E+00|                 Infinity|   2.1759706994462231E-02|       2112|
10|  -1.414E+00|                 Infinity|   2.1576592600105155E-02|       2148|
10|  -1.257E+00|                 Infinity|   2.1262162778128115E-02|       2212|
10|  -1.100E+00|                 Infinity|   2.0450795781510083E-02|       2391|
10|  -9.425E-01|                 Infinity|   1.8566333001716968E-02|       2901|
10|  -7.854E-01|                 Infinity|   2.1128856368212913E-02|       2240|
10|  -6.283E-01|                 Infinity|   2.3662426214015053E-02|       1786|
10|  -4.713E-01|                 Infinity|   2.5007816164017767E-02|       1599|
10|  -3.142E-01|                 Infinity|   2.4182541670333724E-02|       1710|
10|  -1.571E-01|                 Infinity|   2.5221663615265913E-02|       1572|
10|  -3.000E-05|                 Infinity|   2.5078493128775959E-02|       1590|
10|   1.570E-01|                 Infinity|   2.6831742481762743E-02|       1389|
10|   3.141E-01|                 Infinity|   2.5984985016737148E-02|       1481|
10|   4.712E-01|                 Infinity|   2.4953256425297481E-02|       1606|
10|   6.283E-01|                 Infinity|   2.3350723124715221E-02|       1834|
10|   7.854E-01|                 Infinity|   2.0370021093167764E-02|       2410|
10|   9.424E-01|                 Infinity|   2.2610781582306727E-02|       1956|
10|   1.100E+00|                 Infinity|   2.3421066418221823E-02|       1823|
10|   1.257E+00|                 Infinity|   2.4448489343954046E-02|       1673|
10|   1.414E+00|                 Infinity|   2.4014605321403707E-02|       1734|
10|   1.571E+00|                 Infinity|   2.4610841494742634E-02|       1651|
10|   1.728E+00|                 Infinity|   2.4084152542954401E-02|       1724|
10|   1.885E+00|                 Infinity|   2.5949964805384102E-02|       1485|
10|   2.042E+00|                 Infinity|   2.6593487520457093E-02|       1414|
10|   2.199E+00|                 Infinity|   2.7513674254937545E-02|       1321|
10|   2.356E+00|                 Infinity|   2.9450003202688022E-02|       1153|
10|   2.513E+00|                 Infinity|   3.0289126640769135E-02|       1090|
10|   2.670E+00|                 Infinity|   3.0316953129541621E-02|       1088|
10|   2.827E+00|                 Infinity|   3.0656966974248290E-02|       1064|
10|   2.984E+00|                 Infinity|   2.9222781609340179E-02|       1171|
# integrated result:   2.6118441251333636E-03
#
