#
# column #1=histogram, #2=x-axis bin, #3=binned cross-section, #4=error, #5=number of events 
# this can be easily plotted in gnuplot with the commands:
#    NHi=3
#    plot 'output.dat' using ($2):($1==NHi ? $3 : 1/0) w st
# where NHi selects the histogram
#
#
# run time =      -0.00min
# TotCS =      1.3366503272E-04           2.68580E-05
#
# Histogram 1: m_jj                                              
 1|   0.000E+00|                      NaN|   0.0000000000000000E+00|          0|
 1|   5.000E+01|                 Infinity|   2.1551523935197731E-02|       2153|
 1|   1.000E+02|                 Infinity|   1.3644964930609014E-02|       5371|
 1|   1.500E+02|                 Infinity|   1.2254497076722238E-02|       6659|
 1|   2.000E+02|                 Infinity|   1.2354155277685021E-02|       6552|
 1|   2.500E+02|                 Infinity|   1.3240678533309402E-02|       5704|
 1|   3.000E+02|                 Infinity|   1.4521759005218741E-02|       4742|
 1|   3.500E+02|                 Infinity|   1.5489455270219743E-02|       4168|
 1|   4.000E+02|                 Infinity|   1.6273613872602986E-02|       3776|
 1|   4.500E+02|                 Infinity|   1.7508866108269325E-02|       3262|
 1|   5.000E+02|                 Infinity|   1.8689140372576664E-02|       2863|
 1|   5.500E+02|                 Infinity|   1.9865371663225287E-02|       2534|
 1|   6.000E+02|                 Infinity|   2.1693045781865615E-02|       2125|
 1|   6.500E+02|                 Infinity|   2.3715600272562448E-02|       1778|
 1|   7.000E+02|                 Infinity|   2.5482359571881278E-02|       1540|
 1|   7.500E+02|                 Infinity|   2.7461751819054487E-02|       1326|
 1|   8.000E+02|                 Infinity|   2.9604462320866852E-02|       1141|
 1|   8.500E+02|                 Infinity|   3.2191138998982523E-02|        965|
 1|   9.000E+02|                 Infinity|   3.3538923545276884E-02|        889|
 1|   9.500E+02|                 Infinity|   3.7293707031410071E-02|        719|
 1|   1.000E+03|                 Infinity|   4.0389619586100968E-02|        613|
 1|   1.050E+03|                 Infinity|   4.3895128130614712E-02|        519|
 1|   1.100E+03|                 Infinity|   4.5129368240652418E-02|        491|
 1|   1.150E+03|                 Infinity|   5.0572173742417362E-02|        391|
 1|   1.200E+03|                 Infinity|   5.1366549693751415E-02|        379|
 1|   1.250E+03|                 Infinity|   5.9868434008924963E-02|        279|
 1|   1.300E+03|                 Infinity|   6.8518870982753166E-02|        213|
 1|   1.350E+03|                 Infinity|   7.3127242412713067E-02|        187|
 1|   1.400E+03|                 Infinity|   8.0845208345444328E-02|        153|
 1|   1.450E+03|                 Infinity|   8.8735650941611385E-02|        127|
 1|   1.500E+03|                 Infinity|   9.7128586235726413E-02|        106|
 1|   1.550E+03|                 Infinity|   1.1180339887498948E-01|         80|
 1|   1.600E+03|                 Infinity|   1.4002800840280097E-01|         51|
 1|   1.650E+03|                 Infinity|   1.5075567228888181E-01|         44|
 1|   1.700E+03|                 Infinity|   1.9611613513818404E-01|         26|
 1|   1.750E+03|                 Infinity|   1.8898223650461360E-01|         28|
 1|   1.800E+03|                 Infinity|   1.7677669529663687E-01|         32|
 1|   1.850E+03|                 Infinity|   2.0851441405707477E-01|         23|
 1|   1.900E+03|                 Infinity|   2.6726124191242440E-01|         14|
 1|   1.950E+03|                 Infinity|   2.5819888974716110E-01|         15|
 1|   2.000E+03|                 Infinity|   3.3333333333333331E-01|          9|
 1|   2.050E+03|                 Infinity|   3.3333333333333331E-01|          9|
 1|   2.100E+03|                 Infinity|   3.3333333333333331E-01|          9|
 1|   2.150E+03|                 Infinity|   5.7735026918962584E-01|          3|
 1|   2.200E+03|                 Infinity|   3.5355339059327373E-01|          8|
 1|   2.250E+03|                 Infinity|   4.0824829046386307E-01|          6|
 1|   2.300E+03|                 Infinity|   3.7796447300922720E-01|          7|
 1|   2.350E+03|                 Infinity|   5.7735026918962584E-01|          3|
 1|   2.400E+03|                 Infinity|   4.4721359549995793E-01|          5|
 1|   2.450E+03|                 Infinity|   5.0000000000000000E-01|          4|
 1|   2.500E+03|                 Infinity|   4.4721359549995793E-01|          5|
 1|   2.550E+03|                 Infinity|   5.7735026918962584E-01|          3|
 1|   2.600E+03|                 Infinity|   7.0710678118654746E-01|          2|
 1|   2.650E+03|                 Infinity|   1.0000000000000000E+00|          1|
 1|   2.700E+03|                 Infinity|   1.0000000000000000E+00|          1|
 1|   2.750E+03|                 Infinity|   1.0000000000000000E+00|          1|
 1|   2.800E+03|                      NaN|   0.0000000000000000E+00|          0|
 1|   2.850E+03|                      NaN|   0.0000000000000000E+00|          0|
 1|   2.900E+03|                 Infinity|   7.0710678118654746E-01|          2|
 1|   2.950E+03|                      NaN|   0.0000000000000000E+00|          0|
 1|   3.000E+03|                      NaN|   0.0000000000000000E+00|          0|
 1|   3.050E+03|                      NaN|   0.0000000000000000E+00|          0|
 1|   3.100E+03|                 Infinity|   7.0710678118654746E-01|          2|
 1|   3.150E+03|                      NaN|   0.0000000000000000E+00|          0|
 1|   3.200E+03|                 Infinity|   5.7735026918962584E-01|          3|
 1|   3.250E+03|                      NaN|   0.0000000000000000E+00|          0|
 1|   3.300E+03|                 Infinity|   1.0000000000000000E+00|          1|
 1|   3.350E+03|                      NaN|   0.0000000000000000E+00|          0|
 1|   3.400E+03|                      NaN|   0.0000000000000000E+00|          0|
 1|   3.450E+03|                 Infinity|   1.0000000000000000E+00|          1|
 1|   3.500E+03|                 Infinity|   1.0000000000000000E+00|          1|
 1|   3.550E+03|                      NaN|   0.0000000000000000E+00|          0|
 1|   3.600E+03|                      NaN|   0.0000000000000000E+00|          0|
 1|   3.650E+03|                      NaN|   0.0000000000000000E+00|          0|
 1|   3.700E+03|                 Infinity|   1.0000000000000000E+00|          1|
 1|   3.750E+03|                      NaN|   0.0000000000000000E+00|          0|
 1|   3.800E+03|                      NaN|   0.0000000000000000E+00|          0|
 1|   3.850E+03|                      NaN|   0.0000000000000000E+00|          0|
 1|   3.900E+03|                      NaN|   0.0000000000000000E+00|          0|
 1|   3.950E+03|                 Infinity|   1.0000000000000000E+00|          1|
 1|   4.000E+03|                      NaN|   0.0000000000000000E+00|          0|
 1|   4.050E+03|                      NaN|   0.0000000000000000E+00|          0|
 1|   4.100E+03|                      NaN|   0.0000000000000000E+00|          0|
 1|   4.150E+03|                      NaN|   0.0000000000000000E+00|          0|
 1|   4.200E+03|                      NaN|   0.0000000000000000E+00|          0|
 1|   4.250E+03|                      NaN|   0.0000000000000000E+00|          0|
 1|   4.300E+03|                      NaN|   0.0000000000000000E+00|          0|
 1|   4.350E+03|                      NaN|   0.0000000000000000E+00|          0|
 1|   4.400E+03|                      NaN|   0.0000000000000000E+00|          0|
 1|   4.450E+03|                      NaN|   0.0000000000000000E+00|          0|
 1|   4.500E+03|                      NaN|   0.0000000000000000E+00|          0|
 1|   4.550E+03|                      NaN|   0.0000000000000000E+00|          0|
 1|   4.600E+03|                      NaN|   0.0000000000000000E+00|          0|
 1|   4.650E+03|                      NaN|   0.0000000000000000E+00|          0|
 1|   4.700E+03|                      NaN|   0.0000000000000000E+00|          0|
 1|   4.750E+03|                      NaN|   0.0000000000000000E+00|          0|
 1|   4.800E+03|                      NaN|   0.0000000000000000E+00|          0|
 1|   4.850E+03|                      NaN|   0.0000000000000000E+00|          0|
 1|   4.900E+03|                      NaN|   0.0000000000000000E+00|          0|
 1|   4.950E+03|                      NaN|   0.0000000000000000E+00|          0|
# integrated result:   1.3366503272174547E-04
#
# Histogram 2: m_jj                                              
 2|   0.000E+00|                      NaN|   0.0000000000000000E+00|          0|
 2|   2.000E+00|                      NaN|   0.0000000000000000E+00|          0|
 2|   4.000E+00|                      NaN|   0.0000000000000000E+00|          0|
 2|   6.000E+00|                      NaN|   0.0000000000000000E+00|          0|
 2|   8.000E+00|                      NaN|   0.0000000000000000E+00|          0|
 2|   1.000E+01|                      NaN|   0.0000000000000000E+00|          0|
 2|   1.200E+01|                      NaN|   0.0000000000000000E+00|          0|
 2|   1.400E+01|                      NaN|   0.0000000000000000E+00|          0|
 2|   1.600E+01|                      NaN|   0.0000000000000000E+00|          0|
 2|   1.800E+01|                      NaN|   0.0000000000000000E+00|          0|
 2|   2.000E+01|                      NaN|   0.0000000000000000E+00|          0|
 2|   2.200E+01|                      NaN|   0.0000000000000000E+00|          0|
 2|   2.400E+01|                      NaN|   0.0000000000000000E+00|          0|
 2|   2.600E+01|                      NaN|   0.0000000000000000E+00|          0|
 2|   2.800E+01|                      NaN|   0.0000000000000000E+00|          0|
 2|   3.000E+01|                      NaN|   0.0000000000000000E+00|          0|
 2|   3.200E+01|                      NaN|   0.0000000000000000E+00|          0|
 2|   3.400E+01|                      NaN|   0.0000000000000000E+00|          0|
 2|   3.600E+01|                      NaN|   0.0000000000000000E+00|          0|
 2|   3.800E+01|                      NaN|   0.0000000000000000E+00|          0|
 2|   4.000E+01|                      NaN|   0.0000000000000000E+00|          0|
 2|   4.200E+01|                      NaN|   0.0000000000000000E+00|          0|
 2|   4.400E+01|                      NaN|   0.0000000000000000E+00|          0|
 2|   4.600E+01|                      NaN|   0.0000000000000000E+00|          0|
 2|   4.800E+01|                      NaN|   0.0000000000000000E+00|          0|
 2|   5.000E+01|                      NaN|   0.0000000000000000E+00|          0|
 2|   5.200E+01|                      NaN|   0.0000000000000000E+00|          0|
 2|   5.400E+01|                      NaN|   0.0000000000000000E+00|          0|
 2|   5.600E+01|                      NaN|   0.0000000000000000E+00|          0|
 2|   5.800E+01|                      NaN|   0.0000000000000000E+00|          0|
 2|   6.000E+01|                      NaN|   0.0000000000000000E+00|          0|
 2|   6.200E+01|                      NaN|   0.0000000000000000E+00|          0|
 2|   6.400E+01|                      NaN|   0.0000000000000000E+00|          0|
 2|   6.600E+01|                      NaN|   0.0000000000000000E+00|          0|
 2|   6.800E+01|                      NaN|   0.0000000000000000E+00|          0|
 2|   7.000E+01|                 Infinity|   9.9014754297667443E-02|        102|
 2|   7.200E+01|                 Infinity|   9.0166963466743230E-02|        123|
 2|   7.400E+01|                 Infinity|   9.4915799575249898E-02|        111|
 2|   7.600E+01|                 Infinity|   9.9503719020998915E-02|        101|
 2|   7.800E+01|                 Infinity|   8.5749292571254410E-02|        136|
 2|   8.000E+01|                 Infinity|   8.6066296582387042E-02|        135|
 2|   8.200E+01|                 Infinity|   8.6710996952411995E-02|        133|
 2|   8.400E+01|                 Infinity|   7.6923076923076927E-02|        169|
 2|   8.600E+01|                 Infinity|   8.3045479853739973E-02|        145|
 2|   8.800E+01|                 Infinity|   8.0845208345444328E-02|        153|
 2|   9.000E+01|                 Infinity|   7.8811040623910061E-02|        161|
 2|   9.200E+01|                 Infinity|   7.5164602800282893E-02|        177|
 2|   9.400E+01|                 Infinity|   7.6249285166302333E-02|        172|
 2|   9.600E+01|                 Infinity|   7.9555728417572996E-02|        158|
 2|   9.800E+01|                 Infinity|   7.5164602800282893E-02|        177|
 2|   1.000E+02|                 Infinity|   7.1981575074869450E-02|        193|
 2|   1.020E+02|                 Infinity|   7.6471911290187253E-02|        171|
 2|   1.040E+02|                 Infinity|   7.2168783648703230E-02|        192|
 2|   1.060E+02|                 Infinity|   6.8199433947047347E-02|        215|
 2|   1.080E+02|                 Infinity|   7.1795815861773818E-02|        194|
 2|   1.100E+02|                 Infinity|   7.2932495748947279E-02|        188|
 2|   1.120E+02|                 Infinity|   7.0888120500833582E-02|        199|
 2|   1.140E+02|                 Infinity|   6.9006555934235422E-02|        210|
 2|   1.160E+02|                 Infinity|   6.7267279399631244E-02|        221|
 2|   1.180E+02|                 Infinity|   6.8680281974344518E-02|        212|
 2|   1.200E+02|                 Infinity|   6.7884423330213065E-02|        217|
 2|   1.220E+02|                 Infinity|   6.8842839082151427E-02|        211|
 2|   1.240E+02|                 Infinity|   6.7573737839948592E-02|        219|
 2|   1.260E+02|                 Infinity|   6.9337524528153643E-02|        208|
 2|   1.280E+02|                 Infinity|   6.8358592702466331E-02|        214|
 2|   1.300E+02|                 Infinity|   6.5795169495976899E-02|        231|
 2|   1.320E+02|                 Infinity|   6.7573737839948592E-02|        219|
 2|   1.340E+02|                 Infinity|   6.9843029576957816E-02|        205|
 2|   1.360E+02|                 Infinity|   6.6666666666666666E-02|        225|
 2|   1.380E+02|                 Infinity|   6.5372045046061339E-02|        234|
 2|   1.400E+02|                 Infinity|   6.3372425052447792E-02|        249|
 2|   1.420E+02|                 Infinity|   6.4415662640083082E-02|        241|
 2|   1.440E+02|                 Infinity|   6.6372331159997203E-02|        227|
 2|   1.460E+02|                 Infinity|   6.6372331159997203E-02|        227|
 2|   1.480E+02|                 Infinity|   6.3372425052447792E-02|        249|
 2|   1.500E+02|                 Infinity|   6.1780206321521543E-02|        262|
 2|   1.520E+02|                 Infinity|   6.2017367294604234E-02|        260|
 2|   1.540E+02|                 Infinity|   6.3757671306333821E-02|        246|
 2|   1.560E+02|                 Infinity|   6.3500063500095252E-02|        248|
 2|   1.580E+02|                 Infinity|   6.3887656499993992E-02|        245|
 2|   1.600E+02|                 Infinity|   6.2378286155180533E-02|        257|
 2|   1.620E+02|                 Infinity|   6.4150029909958411E-02|        243|
 2|   1.640E+02|                 Infinity|   6.1313933948496581E-02|        266|
 2|   1.660E+02|                 Infinity|   6.0084176812610968E-02|        277|
 2|   1.680E+02|                 Infinity|   6.1313933948496581E-02|        266|
 2|   1.700E+02|                 Infinity|   6.4415662640083082E-02|        241|
 2|   1.720E+02|                 Infinity|   5.9549133417541367E-02|        282|
 2|   1.740E+02|                 Infinity|   6.1429511683395117E-02|        265|
 2|   1.760E+02|                 Infinity|   6.1545745489666362E-02|        264|
 2|   1.780E+02|                 Infinity|   6.0745673923078697E-02|        271|
 2|   1.800E+02|                 Infinity|   6.1780206321521543E-02|        262|
 2|   1.820E+02|                 Infinity|   5.9549133417541367E-02|        282|
 2|   1.840E+02|                 Infinity|   5.9654998627189357E-02|        281|
 2|   1.860E+02|                 Infinity|   5.7735026918962568E-02|        300|
 2|   1.880E+02|                 Infinity|   6.2745580513815860E-02|        254|
 2|   1.900E+02|                 Infinity|   6.0302268915552716E-02|        275|
 2|   1.920E+02|                 Infinity|   5.9761430466719681E-02|        280|
 2|   1.940E+02|                 Infinity|   5.7166195047502949E-02|        306|
 2|   1.960E+02|                 Infinity|   6.1545745489666362E-02|        264|
 2|   1.980E+02|                 Infinity|   6.1780206321521543E-02|        262|
# integrated result:   1.3366503272174568E-04
#
# Histogram 3: pT(H)                                             
 3|   0.000E+00|                 Infinity|   1.8436507984120484E-02|       2942|
 3|   1.000E+01|                 Infinity|   1.3556907631619207E-02|       5441|
 3|   2.000E+01|                 Infinity|   1.3260453772535869E-02|       5687|
 3|   3.000E+01|                 Infinity|   1.3739945609158968E-02|       5297|
 3|   4.000E+01|                 Infinity|   1.4616072192349774E-02|       4681|
 3|   5.000E+01|                 Infinity|   1.5549260339278073E-02|       4136|
 3|   6.000E+01|                 Infinity|   1.6852602895935015E-02|       3521|
 3|   7.000E+01|                 Infinity|   1.7803292133101261E-02|       3155|
 3|   8.000E+01|                 Infinity|   1.8949048189527844E-02|       2785|
 3|   9.000E+01|                 Infinity|   2.0129242055711864E-02|       2468|
 3|   1.000E+02|                 Infinity|   2.1576592600105155E-02|       2148|
 3|   1.100E+02|                 Infinity|   2.2599230735278437E-02|       1958|
 3|   1.200E+02|                 Infinity|   2.4426598437301574E-02|       1676|
 3|   1.300E+02|                 Infinity|   2.6046613053531162E-02|       1474|
 3|   1.400E+02|                 Infinity|   2.7036903521793759E-02|       1368|
 3|   1.500E+02|                 Infinity|   2.8606478384531155E-02|       1222|
 3|   1.600E+02|                 Infinity|   3.1158847642487789E-02|       1030|
 3|   1.700E+02|                 Infinity|   3.2791291789197645E-02|        930|
 3|   1.800E+02|                 Infinity|   3.4773407121036048E-02|        827|
 3|   1.900E+02|                 Infinity|   3.5533452725935076E-02|        792|
 3|   2.000E+02|                 Infinity|   3.8433122101204392E-02|        677|
 3|   2.100E+02|                 Infinity|   3.8954469356580992E-02|        659|
 3|   2.200E+02|                 Infinity|   4.3033148291193521E-02|        540|
 3|   2.300E+02|                 Infinity|   4.4151078568834795E-02|        513|
 3|   2.400E+02|                 Infinity|   4.4324220717793628E-02|        509|
 3|   2.500E+02|                 Infinity|   4.7565149415449405E-02|        442|
 3|   2.600E+02|                 Infinity|   4.9690399499995326E-02|        405|
 3|   2.700E+02|                 Infinity|   5.1917413165116499E-02|        371|
 3|   2.800E+02|                 Infinity|   5.2925612402496311E-02|        357|
 3|   2.900E+02|                 Infinity|   5.5641488407465724E-02|        323|
 3|   3.000E+02|                 Infinity|   5.7353933467640436E-02|        304|
 3|   3.100E+02|                 Infinity|   6.1898446059017294E-02|        261|
 3|   3.200E+02|                 Infinity|   6.4684622735315084E-02|        239|
 3|   3.300E+02|                 Infinity|   6.7728546147859642E-02|        218|
 3|   3.400E+02|                 Infinity|   6.4956980246163087E-02|        237|
 3|   3.500E+02|                 Infinity|   7.0710678118654752E-02|        200|
 3|   3.600E+02|                 Infinity|   7.2932495748947279E-02|        188|
 3|   3.700E+02|                 Infinity|   7.8086880944303036E-02|        164|
 3|   3.800E+02|                 Infinity|   8.0064076902543566E-02|        156|
 3|   3.900E+02|                 Infinity|   7.9056941504209485E-02|        160|
 3|   4.000E+02|                 Infinity|   9.0535746042518531E-02|        122|
 3|   4.100E+02|                 Infinity|   9.0909090909090912E-02|        121|
 3|   4.200E+02|                 Infinity|   9.3250480824031381E-02|        115|
 3|   4.300E+02|                 Infinity|   9.9014754297667443E-02|        102|
 3|   4.400E+02|                 Infinity|   1.0540925533894598E-01|         90|
 3|   4.500E+02|                 Infinity|   1.0976425998969035E-01|         83|
 3|   4.600E+02|                 Infinity|   1.0721125348377948E-01|         87|
 3|   4.700E+02|                 Infinity|   1.2216944435630522E-01|         67|
 3|   4.800E+02|                 Infinity|   1.2700012700019050E-01|         62|
 3|   4.900E+02|                 Infinity|   1.2038585308576920E-01|         69|
# integrated result:   1.3366503272174558E-04
#
# Histogram 4: pT(j1)                                            
 4|   0.000E+00|                      NaN|   0.0000000000000000E+00|          0|
 4|   1.000E+01|                 Infinity|   3.1846487764924103E-02|        986|
 4|   2.000E+01|                 Infinity|   1.9241446072101123E-02|       2701|
 4|   3.000E+01|                 Infinity|   1.6593082789999301E-02|       3632|
 4|   4.000E+01|                 Infinity|   1.6241386735808119E-02|       3791|
 4|   5.000E+01|                 Infinity|   1.6634353475582883E-02|       3614|
 4|   6.000E+01|                 Infinity|   1.6699168903045028E-02|       3586|
 4|   7.000E+01|                 Infinity|   1.7152381108735990E-02|       3399|
 4|   8.000E+01|                 Infinity|   1.7789201674120500E-02|       3160|
 4|   9.000E+01|                 Infinity|   1.8260462247539938E-02|       2999|
 4|   1.000E+02|                 Infinity|   1.9014018499356047E-02|       2766|
 4|   1.100E+02|                 Infinity|   1.9706585563285865E-02|       2575|
 4|   1.200E+02|                 Infinity|   2.0699009990027696E-02|       2334|
 4|   1.300E+02|                 Infinity|   2.1979349113192902E-02|       2070|
 4|   1.400E+02|                 Infinity|   2.3205666587415449E-02|       1857|
 4|   1.500E+02|                 Infinity|   2.3823032760289849E-02|       1762|
 4|   1.600E+02|                 Infinity|   2.5149772741392844E-02|       1581|
 4|   1.700E+02|                 Infinity|   2.6860765467512676E-02|       1386|
 4|   1.800E+02|                 Infinity|   2.7086448924394324E-02|       1363|
 4|   1.900E+02|                 Infinity|   2.8867513459481284E-02|       1200|
 4|   2.000E+02|                 Infinity|   2.9656491293029667E-02|       1137|
 4|   2.100E+02|                 Infinity|   3.1023602427884881E-02|       1039|
 4|   2.200E+02|                 Infinity|   3.1718073984777558E-02|        994|
 4|   2.300E+02|                 Infinity|   3.3806170189140665E-02|        875|
 4|   2.400E+02|                 Infinity|   3.5944257734479471E-02|        774|
 4|   2.500E+02|                 Infinity|   3.6711154910717615E-02|        742|
 4|   2.600E+02|                 Infinity|   3.7582301400141446E-02|        708|
 4|   2.700E+02|                 Infinity|   4.0291148201269014E-02|        616|
 4|   2.800E+02|                 Infinity|   4.1099746826339323E-02|        592|
 4|   2.900E+02|                 Infinity|   4.2220033092074907E-02|        561|
 4|   3.000E+02|                 Infinity|   4.2333375666730171E-02|        558|
 4|   3.100E+02|                 Infinity|   4.6932325446393211E-02|        454|
 4|   3.200E+02|                 Infinity|   4.8336824452283177E-02|        428|
 4|   3.300E+02|                 Infinity|   4.6373889576016833E-02|        465|
 4|   3.400E+02|                 Infinity|   5.0125470711708552E-02|        398|
 4|   3.500E+02|                 Infinity|   5.6165595630173037E-02|        317|
 4|   3.600E+02|                 Infinity|   5.6613851707229781E-02|        312|
 4|   3.700E+02|                 Infinity|   5.6254395046301198E-02|        316|
 4|   3.800E+02|                 Infinity|   5.6888012398857428E-02|        309|
 4|   3.900E+02|                 Infinity|   6.2257280636469035E-02|        258|
 4|   4.000E+02|                 Infinity|   6.2622429108514954E-02|        255|
 4|   4.100E+02|                 Infinity|   6.6964953018242512E-02|        223|
 4|   4.200E+02|                 Infinity|   7.1795815861773818E-02|        194|
 4|   4.300E+02|                 Infinity|   7.7849894416152296E-02|        165|
 4|   4.400E+02|                 Infinity|   7.7382323253413682E-02|        167|
 4|   4.500E+02|                 Infinity|   7.2739296745330792E-02|        189|
 4|   4.600E+02|                 Infinity|   8.1378845877115941E-02|        151|
 4|   4.700E+02|                 Infinity|   8.2478609884232251E-02|        147|
 4|   4.800E+02|                 Infinity|   8.2199493652678646E-02|        148|
 4|   4.900E+02|                 Infinity|   8.4215192106651904E-02|        141|
# integrated result:   1.3366503272174560E-04
#
# Histogram 5: dy(j1,j2)                                         
 5|  -5.000E+00|                 Infinity|   3.1911282313630142E-02|        982|
 5|  -4.800E+00|                 Infinity|   2.8038607704602217E-02|       1272|
 5|  -4.600E+00|                 Infinity|   1.7800471362722611E-02|       3156|
 5|  -4.400E+00|                 Infinity|   1.7410403735403916E-02|       3299|
 5|  -4.200E+00|                 Infinity|   2.1091227030479890E-02|       2248|
 5|  -4.000E+00|                 Infinity|   1.9188238911333408E-02|       2716|
 5|  -3.800E+00|                 Infinity|   2.0096696776453520E-02|       2476|
 5|  -3.600E+00|                 Infinity|   2.2756677931351457E-02|       1931|
 5|  -3.400E+00|                 Infinity|   2.4806946917841691E-02|       1625|
 5|  -3.200E+00|                 Infinity|   2.7076518053694116E-02|       1364|
 5|  -3.000E+00|                 Infinity|   2.7317918235407655E-02|       1340|
 5|  -2.800E+00|                 Infinity|   2.4992191160203070E-02|       1601|
 5|  -2.600E+00|                 Infinity|   2.1708374752650372E-02|       2122|
 5|  -2.400E+00|                 Infinity|   2.1133574210488573E-02|       2239|
 5|  -2.200E+00|                 Infinity|   2.4091140546160489E-02|       1723|
 5|  -2.000E+00|                 Infinity|   2.3531040266750583E-02|       1806|
 5|  -1.800E+00|                 Infinity|   2.4239308278185982E-02|       1702|
 5|  -1.600E+00|                 Infinity|   2.3427492832506086E-02|       1822|
 5|  -1.400E+00|                 Infinity|   2.1626993492417011E-02|       2138|
 5|  -1.200E+00|                 Infinity|   1.9323896987207784E-02|       2678|
 5|  -1.000E+00|                 Infinity|   2.2200306810360192E-02|       2029|
 5|  -8.000E-01|                 Infinity|   2.0340502363726694E-02|       2417|
 5|  -6.000E-01|                 Infinity|   2.9643458336437611E-02|       1138|
 5|  -4.000E-01|                 Infinity|   3.0015011259383207E-02|       1110|
 5|  -2.000E-01|                 Infinity|   2.4551430807011814E-02|       1659|
 5|   0.000E+00|                 Infinity|   3.0316953129541621E-02|       1088|
 5|   2.000E-01|                 Infinity|   3.4441829515914534E-02|        843|
 5|   4.000E-01|                 Infinity|   3.0414953233623677E-02|       1081|
 5|   6.000E-01|                 Infinity|   3.7959480900056165E-02|        694|
 5|   8.000E-01|                 Infinity|   2.5441092565739218E-02|       1545|
 5|   1.000E+00|                 Infinity|   2.9235267310234306E-02|       1170|
 5|   1.200E+00|                 Infinity|   3.9621442587516369E-02|        637|
 5|   1.400E+00|                 Infinity|   5.1571062312939668E-02|        376|
 5|   1.600E+00|                 Infinity|   5.6254395046301198E-02|        316|
 5|   1.800E+00|                 Infinity|   5.9654998627189357E-02|        281|
 5|   2.000E+00|                 Infinity|   6.9673301429161769E-02|        206|
 5|   2.200E+00|                 Infinity|   7.1795815861773818E-02|        194|
 5|   2.400E+00|                 Infinity|   7.4743509275193590E-02|        179|
 5|   2.600E+00|                 Infinity|   8.2478609884232251E-02|        147|
 5|   2.800E+00|                 Infinity|   9.7590007294853329E-02|        105|
 5|   3.000E+00|                 Infinity|   1.1111111111111110E-01|         81|
 5|   3.200E+00|                 Infinity|   1.4142135623730950E-01|         50|
 5|   3.400E+00|                 Infinity|   1.9611613513818404E-01|         26|
 5|   3.600E+00|                 Infinity|   2.0851441405707477E-01|         23|
 5|   3.800E+00|                 Infinity|   1.8257418583505536E-01|         30|
 5|   4.000E+00|                 Infinity|   3.0151134457776363E-01|         11|
 5|   4.200E+00|                 Infinity|   2.5000000000000000E-01|         16|
 5|   4.400E+00|                 Infinity|   3.7796447300922720E-01|          7|
 5|   4.600E+00|                 Infinity|   3.5355339059327373E-01|          8|
 5|   4.800E+00|                 Infinity|   3.5355339059327373E-01|          8|
# integrated result:   1.3366503272174558E-04
#
# Histogram 6: mz1                                               
 6|   0.000E+00|                      NaN|   0.0000000000000000E+00|          0|
 6|   2.000E+00|                      NaN|   0.0000000000000000E+00|          0|
 6|   4.000E+00|                 Infinity|   1.5310507072487510E-02|       4266|
 6|   6.000E+00|                 Infinity|   2.6697534996903839E-02|       1403|
 6|   8.000E+00|                 Infinity|   4.2796049251091289E-02|        546|
 6|   1.000E+01|                 Infinity|   1.3859511338876255E-02|       5206|
 6|   1.200E+01|                 Infinity|   1.3415871240881371E-02|       5556|
 6|   1.400E+01|                 Infinity|   4.5931521217462537E-02|        474|
 6|   1.600E+01|                 Infinity|   5.4392829322042119E-02|        338|
 6|   1.800E+01|                 Infinity|   5.9028133610095526E-02|        287|
 6|   2.000E+01|                 Infinity|   4.5221563164613454E-02|        489|
 6|   2.200E+01|                 Infinity|   4.2874646285627205E-02|        544|
 6|   2.400E+01|                 Infinity|   2.7338327590690405E-02|       1338|
 6|   2.600E+01|                 Infinity|   3.8096965887972963E-02|        689|
 6|   2.800E+01|                 Infinity|   4.1594516540385151E-02|        578|
 6|   3.000E+01|                 Infinity|   5.2128603514268693E-02|        368|
 6|   3.200E+01|                 Infinity|   4.5175395145262566E-02|        490|
 6|   3.400E+01|                 Infinity|   5.7353933467640436E-02|        304|
 6|   3.600E+01|                 Infinity|   7.6249285166302333E-02|        172|
 6|   3.800E+01|                 Infinity|   7.2168783648703230E-02|        192|
 6|   4.000E+01|                 Infinity|   7.2357460529242162E-02|        191|
 6|   4.200E+01|                 Infinity|   6.9843029576957816E-02|        205|
 6|   4.400E+01|                 Infinity|   8.2478609884232251E-02|        147|
 6|   4.600E+01|                 Infinity|   8.1378845877115941E-02|        151|
 6|   4.800E+01|                 Infinity|   7.1795815861773818E-02|        194|
 6|   5.000E+01|                 Infinity|   6.0745673923078697E-02|        271|
 6|   5.200E+01|                 Infinity|   5.8925565098878967E-02|        288|
 6|   5.400E+01|                 Infinity|   5.8925565098878967E-02|        288|
 6|   5.600E+01|                 Infinity|   5.7073014553534959E-02|        307|
 6|   5.800E+01|                 Infinity|   5.7448498962142602E-02|        303|
 6|   6.000E+01|                 Infinity|   5.4799662435119099E-02|        333|
 6|   6.200E+01|                 Infinity|   6.3757671306333821E-02|        246|
 6|   6.400E+01|                 Infinity|   6.2136976600120006E-02|        259|
 6|   6.600E+01|                 Infinity|   5.5470019622522911E-02|        325|
 6|   6.800E+01|                 Infinity|   4.9088069367381602E-02|        415|
 6|   7.000E+01|                 Infinity|   6.4282434653322507E-02|        242|
 6|   7.200E+01|                 Infinity|   5.7735026918962568E-02|        300|
 6|   7.400E+01|                 Infinity|   5.2342392259021375E-02|        365|
 6|   7.600E+01|                 Infinity|   4.1666666666666664E-02|        576|
 6|   7.800E+01|                 Infinity|   3.6490518258441337E-02|        751|
 6|   8.000E+01|                 Infinity|   3.6084391824351615E-02|        768|
 6|   8.200E+01|                 Infinity|   4.0689422938557970E-02|        604|
 6|   8.400E+01|                 Infinity|   3.7450294313656908E-02|        713|
 6|   8.600E+01|                 Infinity|   2.9656491293029667E-02|       1137|
 6|   8.800E+01|                 Infinity|   1.2493169664998770E-02|       6407|
 6|   9.000E+01|                 Infinity|   8.7417129596229336E-03|      13086|
 6|   9.200E+01|                 Infinity|   1.7677669529663688E-02|       3200|
 6|   9.400E+01|                 Infinity|   2.0502309202618241E-02|       2379|
 6|   9.600E+01|                 Infinity|   2.6315789473684209E-02|       1444|
 6|   9.800E+01|                 Infinity|   7.4953168899586142E-02|        178|
 6|   1.000E+02|                 Infinity|   9.0909090909090912E-02|        121|
 6|   1.020E+02|                 Infinity|   1.1952286093343936E-01|         70|
 6|   1.040E+02|                 Infinity|   1.2216944435630522E-01|         67|
 6|   1.060E+02|                 Infinity|   1.1785113019775793E-01|         72|
 6|   1.080E+02|                 Infinity|   1.3363062095621220E-01|         56|
 6|   1.100E+02|                 Infinity|   1.2500000000000000E-01|         64|
 6|   1.120E+02|                 Infinity|   1.0599978800063600E-01|         89|
 6|   1.140E+02|                 Infinity|   1.0783277320343841E-01|         86|
 6|   1.160E+02|                 Infinity|   9.1287092917527679E-02|        120|
 6|   1.180E+02|                 Infinity|   9.5346258924559238E-02|        110|
 6|   1.200E+02|                 Infinity|   9.4072086838359728E-02|        113|
 6|   1.220E+02|                 Infinity|   9.0535746042518531E-02|        122|
 6|   1.240E+02|                 Infinity|   9.7590007294853329E-02|        105|
 6|   1.260E+02|                 Infinity|   1.0721125348377948E-01|         87|
 6|   1.280E+02|                 Infinity|   1.1547005383792514E-01|         75|
 6|   1.300E+02|                 Infinity|   1.1470786693528087E-01|         76|
 6|   1.320E+02|                 Infinity|   1.4002800840280097E-01|         51|
 6|   1.340E+02|                 Infinity|   1.7407765595569785E-01|         33|
 6|   1.360E+02|                 Infinity|   1.6439898730535729E-01|         37|
 6|   1.380E+02|                 Infinity|   1.7407765595569785E-01|         33|
 6|   1.400E+02|                 Infinity|   2.0851441405707477E-01|         23|
 6|   1.420E+02|                 Infinity|   1.6012815380508713E-01|         39|
 6|   1.440E+02|                 Infinity|   1.7149858514250882E-01|         34|
 6|   1.460E+02|                 Infinity|   2.0412414523193154E-01|         24|
 6|   1.480E+02|                 Infinity|   2.1320071635561041E-01|         22|
 6|   1.500E+02|                 Infinity|   1.9245008972987526E-01|         27|
 6|   1.520E+02|                 Infinity|   1.9611613513818404E-01|         26|
 6|   1.540E+02|                 Infinity|   1.7149858514250882E-01|         34|
 6|   1.560E+02|                 Infinity|   2.1821789023599239E-01|         21|
 6|   1.580E+02|                 Infinity|   1.8569533817705186E-01|         29|
 6|   1.600E+02|                 Infinity|   2.0412414523193154E-01|         24|
 6|   1.620E+02|                 Infinity|   2.6726124191242440E-01|         14|
 6|   1.640E+02|                 Infinity|   2.1821789023599239E-01|         21|
 6|   1.660E+02|                 Infinity|   2.5000000000000000E-01|         16|
 6|   1.680E+02|                 Infinity|   2.6726124191242440E-01|         14|
 6|   1.700E+02|                 Infinity|   2.3570226039551587E-01|         18|
 6|   1.720E+02|                 Infinity|   2.5819888974716110E-01|         15|
 6|   1.740E+02|                 Infinity|   2.4253562503633297E-01|         17|
 6|   1.760E+02|                 Infinity|   3.0151134457776363E-01|         11|
 6|   1.780E+02|                 Infinity|   2.5819888974716110E-01|         15|
 6|   1.800E+02|                 Infinity|   2.4253562503633297E-01|         17|
 6|   1.820E+02|                 Infinity|   2.4253562503633297E-01|         17|
 6|   1.840E+02|                 Infinity|   2.5000000000000000E-01|         16|
 6|   1.860E+02|                 Infinity|   3.3333333333333331E-01|          9|
 6|   1.880E+02|                 Infinity|   3.5355339059327373E-01|          8|
 6|   1.900E+02|                 Infinity|   3.0151134457776363E-01|         11|
 6|   1.920E+02|                 Infinity|   2.4253562503633297E-01|         17|
 6|   1.940E+02|                 Infinity|   2.5000000000000000E-01|         16|
 6|   1.960E+02|                 Infinity|   2.5000000000000000E-01|         16|
 6|   1.980E+02|                 Infinity|   2.8867513459481292E-01|         12|
# integrated result:   1.3366503272174568E-04
#
# Histogram 7: mz2                                               
 7|   0.000E+00|                      NaN|   0.0000000000000000E+00|          0|
 7|   2.000E+00|                      NaN|   0.0000000000000000E+00|          0|
 7|   4.000E+00|                 Infinity|   1.4109720501198422E-02|       5023|
 7|   6.000E+00|                 Infinity|   2.5229689602299696E-02|       1571|
 7|   8.000E+00|                 Infinity|   2.8093878027715371E-02|       1267|
 7|   1.000E+01|                 Infinity|   2.7660638840895514E-02|       1307|
 7|   1.200E+01|                 Infinity|   2.7788500718836422E-02|       1295|
 7|   1.400E+01|                 Infinity|   3.0585187510330802E-02|       1069|
 7|   1.600E+01|                 Infinity|   3.2174472604389340E-02|        966|
 7|   1.800E+01|                 Infinity|   3.5714285714285712E-02|        784|
 7|   2.000E+01|                 Infinity|   3.7688918072220454E-02|        704|
 7|   2.200E+01|                 Infinity|   3.9840953644479787E-02|        630|
 7|   2.400E+01|                 Infinity|   4.1380294430118397E-02|        584|
 7|   2.600E+01|                 Infinity|   4.1239304942116126E-02|        588|
 7|   2.800E+01|                 Infinity|   4.0064154010750197E-02|        623|
 7|   3.000E+01|                 Infinity|   3.6514837167011073E-02|        750|
 7|   3.200E+01|                 Infinity|   1.7149858514250885E-02|       3400|
 7|   3.400E+01|                 Infinity|   1.8411492357966467E-02|       2950|
 7|   3.600E+01|                 Infinity|   2.1889647878295008E-02|       2087|
 7|   3.800E+01|                 Infinity|   3.7986858819879316E-02|        693|
 7|   4.000E+01|                 Infinity|   4.3643578047198477E-02|        525|
 7|   4.200E+01|                 Infinity|   4.1415768328129106E-02|        583|
 7|   4.400E+01|                 Infinity|   4.1959067914834454E-02|        568|
 7|   4.600E+01|                 Infinity|   4.9326362366699003E-02|        411|
 7|   4.800E+01|                 Infinity|   5.0443327230531826E-02|        393|
 7|   5.000E+01|                 Infinity|   4.6175709653961020E-02|        469|
 7|   5.200E+01|                 Infinity|   5.0964719143762556E-02|        385|
 7|   5.400E+01|                 Infinity|   5.6433264798310033E-02|        314|
 7|   5.600E+01|                 Infinity|   5.3994924715603881E-02|        343|
 7|   5.800E+01|                 Infinity|   5.4392829322042119E-02|        338|
 7|   6.000E+01|                 Infinity|   5.1366549693751415E-02|        379|
 7|   6.200E+01|                 Infinity|   5.1231551957855996E-02|        381|
 7|   6.400E+01|                 Infinity|   4.6175709653961020E-02|        469|
 7|   6.600E+01|                 Infinity|   4.9937616943892232E-02|        401|
 7|   6.800E+01|                 Infinity|   5.0832856777534893E-02|        387|
 7|   7.000E+01|                 Infinity|   4.7351372381037843E-02|        446|
 7|   7.200E+01|                 Infinity|   4.1885390829169547E-02|        570|
 7|   7.400E+01|                 Infinity|   4.4632184267745179E-02|        502|
 7|   7.600E+01|                 Infinity|   5.2342392259021375E-02|        365|
 7|   7.800E+01|                 Infinity|   5.1031036307982884E-02|        384|
 7|   8.000E+01|                 Infinity|   4.8224282217041212E-02|        430|
 7|   8.200E+01|                 Infinity|   4.1134503489486357E-02|        591|
 7|   8.400E+01|                 Infinity|   3.8348249442368518E-02|        680|
 7|   8.600E+01|                 Infinity|   1.9142481328851556E-02|       2729|
 7|   8.800E+01|                 Infinity|   1.7134746284691572E-02|       3406|
 7|   9.000E+01|                 Infinity|   8.2743588499443882E-03|      14606|
 7|   9.200E+01|                 Infinity|   2.1223817998900444E-02|       2220|
 7|   9.400E+01|                 Infinity|   4.2033135170919861E-02|        566|
 7|   9.600E+01|                 Infinity|   3.6369648372665396E-02|        756|
 7|   9.800E+01|                 Infinity|   5.3605626741889741E-02|        348|
 7|   1.000E+02|                 Infinity|   7.6923076923076927E-02|        169|
 7|   1.020E+02|                 Infinity|   1.0482848367219183E-01|         91|
 7|   1.040E+02|                 Infinity|   1.1470786693528087E-01|         76|
 7|   1.060E+02|                 Infinity|   1.2403473458920847E-01|         65|
 7|   1.080E+02|                 Infinity|   1.4002800840280097E-01|         51|
 7|   1.100E+02|                 Infinity|   1.7149858514250882E-01|         34|
 7|   1.120E+02|                 Infinity|   1.9245008972987526E-01|         27|
 7|   1.140E+02|                 Infinity|   2.0412414523193154E-01|         24|
 7|   1.160E+02|                 Infinity|   2.3570226039551587E-01|         18|
 7|   1.180E+02|                 Infinity|   2.4253562503633297E-01|         17|
 7|   1.200E+02|                 Infinity|   2.5000000000000000E-01|         16|
 7|   1.220E+02|                 Infinity|   2.2941573387056174E-01|         19|
 7|   1.240E+02|                 Infinity|   3.0151134457776363E-01|         11|
 7|   1.260E+02|                 Infinity|   3.1622776601683794E-01|         10|
 7|   1.280E+02|                 Infinity|   2.6726124191242440E-01|         14|
 7|   1.300E+02|                 Infinity|   3.3333333333333331E-01|          9|
 7|   1.320E+02|                 Infinity|   2.6726124191242440E-01|         14|
 7|   1.340E+02|                 Infinity|   3.3333333333333331E-01|          9|
 7|   1.360E+02|                 Infinity|   3.3333333333333331E-01|          9|
 7|   1.380E+02|                 Infinity|   3.7796447300922720E-01|          7|
 7|   1.400E+02|                 Infinity|   3.3333333333333331E-01|          9|
 7|   1.420E+02|                 Infinity|   3.7796447300922720E-01|          7|
 7|   1.440E+02|                 Infinity|   5.0000000000000000E-01|          4|
 7|   1.460E+02|                 Infinity|   1.0000000000000000E+00|          1|
 7|   1.480E+02|                 Infinity|   3.3333333333333331E-01|          9|
 7|   1.500E+02|                 Infinity|   3.5355339059327373E-01|          8|
 7|   1.520E+02|                 Infinity|   2.6726124191242440E-01|         14|
 7|   1.540E+02|                 Infinity|   4.0824829046386307E-01|          6|
 7|   1.560E+02|                 Infinity|   4.0824829046386307E-01|          6|
 7|   1.580E+02|                 Infinity|   3.5355339059327373E-01|          8|
 7|   1.600E+02|                 Infinity|   3.5355339059327373E-01|          8|
 7|   1.620E+02|                 Infinity|   4.4721359549995793E-01|          5|
 7|   1.640E+02|                 Infinity|   4.4721359549995793E-01|          5|
 7|   1.660E+02|                 Infinity|   4.4721359549995793E-01|          5|
 7|   1.680E+02|                 Infinity|   5.0000000000000000E-01|          4|
 7|   1.700E+02|                 Infinity|   4.4721359549995793E-01|          5|
 7|   1.720E+02|                 Infinity|   7.0710678118654746E-01|          2|
 7|   1.740E+02|                 Infinity|   7.0710678118654746E-01|          2|
 7|   1.760E+02|                 Infinity|   5.7735026918962584E-01|          3|
 7|   1.780E+02|                 Infinity|   4.0824829046386307E-01|          6|
 7|   1.800E+02|                 Infinity|   7.0710678118654746E-01|          2|
 7|   1.820E+02|                 Infinity|   1.0000000000000000E+00|          1|
 7|   1.840E+02|                 Infinity|   5.0000000000000000E-01|          4|
 7|   1.860E+02|                 Infinity|   7.0710678118654746E-01|          2|
 7|   1.880E+02|                      NaN|   0.0000000000000000E+00|          0|
 7|   1.900E+02|                 Infinity|   5.7735026918962584E-01|          3|
 7|   1.920E+02|                 Infinity|   4.4721359549995793E-01|          5|
 7|   1.940E+02|                 Infinity|   7.0710678118654746E-01|          2|
 7|   1.960E+02|                 Infinity|   7.0710678118654746E-01|          2|
 7|   1.980E+02|                      NaN|   0.0000000000000000E+00|          0|
# integrated result:   1.3366503272174560E-04
#
# Histogram 8: m_4l                                              
 8|   1.000E+02|                 Infinity|   9.3092761486032929E-03|      11539|
 8|   1.400E+02|                 Infinity|   1.0433094516736971E-02|       9187|
 8|   1.800E+02|                 Infinity|   1.1693707146067723E-02|       7313|
 8|   2.200E+02|                 Infinity|   1.3034364783429585E-02|       5886|
 8|   2.600E+02|                 Infinity|   1.4950372381037679E-02|       4474|
 8|   3.000E+02|                 Infinity|   1.7305804388372169E-02|       3339|
 8|   3.400E+02|                 Infinity|   1.9626716799471491E-02|       2596|
 8|   3.800E+02|                 Infinity|   2.0919769632765199E-02|       2285|
 8|   4.200E+02|                 Infinity|   2.5110098047591269E-02|       1586|
 8|   4.600E+02|                 Infinity|   2.6153289048297074E-02|       1462|
 8|   5.000E+02|                 Infinity|   3.1113569564352756E-02|       1033|
 8|   5.400E+02|                 Infinity|   3.4299717028501771E-02|        850|
 8|   5.800E+02|                 Infinity|   3.9715073539476883E-02|        634|
 8|   6.200E+02|                 Infinity|   4.4022545316281192E-02|        516|
 8|   6.600E+02|                 Infinity|   5.1778037307849772E-02|        373|
 8|   7.000E+02|                 Infinity|   5.5048188256318034E-02|        330|
 8|   7.400E+02|                 Infinity|   6.4018439966447988E-02|        244|
 8|   7.800E+02|                 Infinity|   6.2500000000000000E-02|        256|
 8|   8.200E+02|                 Infinity|   6.4415662640083082E-02|        241|
 8|   8.600E+02|                 Infinity|   8.1378845877115941E-02|        151|
 8|   9.000E+02|                 Infinity|   8.8735650941611385E-02|        127|
 8|   9.400E+02|                 Infinity|   9.2450032704204849E-02|        117|
 8|   9.800E+02|                 Infinity|   1.1111111111111110E-01|         81|
 8|   1.020E+03|                 Infinity|   1.1547005383792514E-01|         75|
 8|   1.060E+03|                 Infinity|   1.5075567228888181E-01|         44|
 8|   1.100E+03|                 Infinity|   1.2909944487358055E-01|         60|
 8|   1.140E+03|                 Infinity|   1.4433756729740646E-01|         48|
 8|   1.180E+03|                 Infinity|   1.5075567228888181E-01|         44|
 8|   1.220E+03|                 Infinity|   2.0412414523193154E-01|         24|
 8|   1.260E+03|                 Infinity|   2.3570226039551587E-01|         18|
 8|   1.300E+03|                 Infinity|   2.0851441405707477E-01|         23|
 8|   1.340E+03|                 Infinity|   2.8867513459481292E-01|         12|
 8|   1.380E+03|                 Infinity|   3.0151134457776363E-01|         11|
 8|   1.420E+03|                 Infinity|   3.5355339059327373E-01|          8|
 8|   1.460E+03|                 Infinity|   4.0824829046386307E-01|          6|
 8|   1.500E+03|                 Infinity|   3.7796447300922720E-01|          7|
 8|   1.540E+03|                 Infinity|   5.7735026918962584E-01|          3|
 8|   1.580E+03|                 Infinity|   5.0000000000000000E-01|          4|
 8|   1.620E+03|                 Infinity|   4.4721359549995793E-01|          5|
 8|   1.660E+03|                 Infinity|   4.4721359549995793E-01|          5|
 8|   1.700E+03|                 Infinity|   1.0000000000000000E+00|          1|
 8|   1.740E+03|                 Infinity|   7.0710678118654746E-01|          2|
 8|   1.780E+03|                 Infinity|   1.0000000000000000E+00|          1|
 8|   1.820E+03|                      NaN|   0.0000000000000000E+00|          0|
 8|   1.860E+03|                 Infinity|   5.0000000000000000E-01|          4|
 8|   1.900E+03|                 Infinity|   5.7735026918962584E-01|          3|
 8|   1.940E+03|                 Infinity|   5.0000000000000000E-01|          4|
 8|   1.980E+03|                 Infinity|   5.7735026918962584E-01|          3|
 8|   2.020E+03|                      NaN|   0.0000000000000000E+00|          0|
 8|   2.060E+03|                      NaN|   0.0000000000000000E+00|          0|
 8|   2.100E+03|                 Infinity|   1.0000000000000000E+00|          1|
 8|   2.140E+03|                 Infinity|   1.0000000000000000E+00|          1|
 8|   2.180E+03|                 Infinity|   7.0710678118654746E-01|          2|
 8|   2.220E+03|                 Infinity|   1.0000000000000000E+00|          1|
 8|   2.260E+03|                      NaN|   0.0000000000000000E+00|          0|
 8|   2.300E+03|                 Infinity|   1.0000000000000000E+00|          1|
 8|   2.340E+03|                      NaN|   0.0000000000000000E+00|          0|
 8|   2.380E+03|                 Infinity|   1.0000000000000000E+00|          1|
 8|   2.420E+03|                 Infinity|   7.0710678118654746E-01|          2|
 8|   2.460E+03|                      NaN|   0.0000000000000000E+00|          0|
 8|   2.500E+03|                      NaN|   0.0000000000000000E+00|          0|
 8|   2.540E+03|                      NaN|   0.0000000000000000E+00|          0|
 8|   2.580E+03|                      NaN|   0.0000000000000000E+00|          0|
 8|   2.620E+03|                      NaN|   0.0000000000000000E+00|          0|
 8|   2.660E+03|                      NaN|   0.0000000000000000E+00|          0|
 8|   2.700E+03|                      NaN|   0.0000000000000000E+00|          0|
 8|   2.740E+03|                      NaN|   0.0000000000000000E+00|          0|
 8|   2.780E+03|                      NaN|   0.0000000000000000E+00|          0|
 8|   2.820E+03|                      NaN|   0.0000000000000000E+00|          0|
 8|   2.860E+03|                      NaN|   0.0000000000000000E+00|          0|
 8|   2.900E+03|                      NaN|   0.0000000000000000E+00|          0|
 8|   2.940E+03|                      NaN|   0.0000000000000000E+00|          0|
 8|   2.980E+03|                      NaN|   0.0000000000000000E+00|          0|
 8|   3.020E+03|                      NaN|   0.0000000000000000E+00|          0|
 8|   3.060E+03|                      NaN|   0.0000000000000000E+00|          0|
 8|   3.100E+03|                      NaN|   0.0000000000000000E+00|          0|
 8|   3.140E+03|                      NaN|   0.0000000000000000E+00|          0|
 8|   3.180E+03|                      NaN|   0.0000000000000000E+00|          0|
 8|   3.220E+03|                      NaN|   0.0000000000000000E+00|          0|
 8|   3.260E+03|                      NaN|   0.0000000000000000E+00|          0|
 8|   3.300E+03|                      NaN|   0.0000000000000000E+00|          0|
 8|   3.340E+03|                      NaN|   0.0000000000000000E+00|          0|
 8|   3.380E+03|                 Infinity|   1.0000000000000000E+00|          1|
 8|   3.420E+03|                      NaN|   0.0000000000000000E+00|          0|
 8|   3.460E+03|                      NaN|   0.0000000000000000E+00|          0|
 8|   3.500E+03|                      NaN|   0.0000000000000000E+00|          0|
 8|   3.540E+03|                      NaN|   0.0000000000000000E+00|          0|
 8|   3.580E+03|                      NaN|   0.0000000000000000E+00|          0|
 8|   3.620E+03|                      NaN|   0.0000000000000000E+00|          0|
 8|   3.660E+03|                      NaN|   0.0000000000000000E+00|          0|
 8|   3.700E+03|                      NaN|   0.0000000000000000E+00|          0|
 8|   3.740E+03|                      NaN|   0.0000000000000000E+00|          0|
 8|   3.780E+03|                      NaN|   0.0000000000000000E+00|          0|
 8|   3.820E+03|                      NaN|   0.0000000000000000E+00|          0|
 8|   3.860E+03|                      NaN|   0.0000000000000000E+00|          0|
 8|   3.900E+03|                      NaN|   0.0000000000000000E+00|          0|
 8|   3.940E+03|                      NaN|   0.0000000000000000E+00|          0|
 8|   3.980E+03|                      NaN|   0.0000000000000000E+00|          0|
 8|   4.020E+03|                      NaN|   0.0000000000000000E+00|          0|
 8|   4.060E+03|                      NaN|   0.0000000000000000E+00|          0|
# integrated result:   1.3366503272174579E-04
#
# Histogram 9: m_4l                                              
 9|   8.500E+01|                 Infinity|   7.2357460529242162E-02|        191|
 9|   8.600E+01|                 Infinity|   6.8842839082151427E-02|        211|
 9|   8.700E+01|                 Infinity|   7.3323557510676651E-02|        186|
 9|   8.800E+01|                 Infinity|   7.9305158571814416E-02|        159|
 9|   8.900E+01|                 Infinity|   7.6249285166302333E-02|        172|
 9|   9.000E+01|                 Infinity|   8.3045479853739973E-02|        145|
 9|   9.100E+01|                 Infinity|   8.1923192051904056E-02|        149|
 9|   9.200E+01|                 Infinity|   8.6386842558136015E-02|        134|
 9|   9.300E+01|                 Infinity|   7.8567420131838608E-02|        162|
 9|   9.400E+01|                 Infinity|   7.9056941504209485E-02|        160|
 9|   9.500E+01|                 Infinity|   7.5164602800282893E-02|        177|
 9|   9.600E+01|                 Infinity|   7.4743509275193590E-02|        179|
 9|   9.700E+01|                 Infinity|   7.3922127095457285E-02|        183|
 9|   9.800E+01|                 Infinity|   7.1981575074869450E-02|        193|
 9|   9.900E+01|                 Infinity|   7.0014004201400484E-02|        204|
 9|   1.000E+02|                 Infinity|   6.8680281974344518E-02|        212|
 9|   1.010E+02|                 Infinity|   6.7115605521402430E-02|        222|
 9|   1.020E+02|                 Infinity|   6.0192926542884599E-02|        276|
 9|   1.030E+02|                 Infinity|   6.2017367294604234E-02|        260|
 9|   1.040E+02|                 Infinity|   6.3119440309780311E-02|        251|
 9|   1.050E+02|                 Infinity|   6.4684622735315084E-02|        239|
 9|   1.060E+02|                 Infinity|   5.9549133417541367E-02|        282|
 9|   1.070E+02|                 Infinity|   6.1084722178152612E-02|        268|
 9|   1.080E+02|                 Infinity|   5.9868434008924963E-02|        279|
 9|   1.090E+02|                 Infinity|   5.9131239598908258E-02|        286|
 9|   1.100E+02|                 Infinity|   6.0412209333017698E-02|        274|
 9|   1.110E+02|                 Infinity|   5.1847584736521263E-02|        372|
 9|   1.120E+02|                 Infinity|   5.2704627669472988E-02|        360|
 9|   1.130E+02|                 Infinity|   5.4717565516458275E-02|        334|
 9|   1.140E+02|                 Infinity|   5.6796183424706478E-02|        310|
 9|   1.150E+02|                 Infinity|   5.6888012398857428E-02|        309|
 9|   1.160E+02|                 Infinity|   5.8222250973958202E-02|        295|
 9|   1.170E+02|                 Infinity|   5.6165595630173037E-02|        317|
 9|   1.180E+02|                 Infinity|   6.1780206321521543E-02|        262|
 9|   1.190E+02|                 Infinity|   5.9234887775909233E-02|        285|
 9|   1.200E+02|                 Infinity|   5.7735026918962568E-02|        300|
 9|   1.210E+02|                 Infinity|   5.8420623783698597E-02|        293|
 9|   1.220E+02|                 Infinity|   5.9339082909692663E-02|        284|
 9|   1.230E+02|                 Infinity|   6.0522753266880246E-02|        273|
 9|   1.240E+02|                 Infinity|   5.5727821257535282E-02|        322|
 9|   1.250E+02|                 Infinity|   5.6888012398857428E-02|        309|
 9|   1.260E+02|                 Infinity|   5.8823529411764705E-02|        289|
 9|   1.270E+02|                 Infinity|   5.6796183424706478E-02|        310|
 9|   1.280E+02|                 Infinity|   6.0302268915552716E-02|        275|
 9|   1.290E+02|                 Infinity|   5.5300126360933101E-02|        327|
 9|   1.300E+02|                 Infinity|   5.6433264798310033E-02|        314|
 9|   1.310E+02|                 Infinity|   5.3994924715603881E-02|        343|
 9|   1.320E+02|                 Infinity|   5.5814557218594761E-02|        321|
 9|   1.330E+02|                 Infinity|   5.9234887775909233E-02|        285|
 9|   1.340E+02|                 Infinity|   5.8520573598065284E-02|        292|
# integrated result:   1.3366503272174525E-04
#
# Histogram10: Phi1                                              
10|  -3.142E+00|                 Infinity|   2.7106343491104655E-02|       1361|
10|  -2.985E+00|                 Infinity|   2.6602896148920738E-02|       1413|
10|  -2.827E+00|                 Infinity|   2.7236735535142165E-02|       1348|
10|  -2.670E+00|                 Infinity|   2.5424641809046068E-02|       1547|
10|  -2.513E+00|                 Infinity|   2.4573659359149524E-02|       1656|
10|  -2.356E+00|                 Infinity|   2.4282146558931603E-02|       1696|
10|  -2.199E+00|                 Infinity|   2.2744902159317754E-02|       1933|
10|  -2.042E+00|                 Infinity|   2.1281413268968714E-02|       2208|
10|  -1.885E+00|                 Infinity|   2.2097086912079608E-02|       2048|
10|  -1.728E+00|                 Infinity|   2.2194838080923766E-02|       2030|
10|  -1.571E+00|                 Infinity|   2.2645540682891915E-02|       1950|
10|  -1.414E+00|                 Infinity|   2.4105134820094756E-02|       1721|
10|  -1.257E+00|                 Infinity|   2.4875929755249729E-02|       1616|
10|  -1.100E+00|                 Infinity|   2.5141822757713452E-02|       1582|
10|  -9.425E-01|                 Infinity|   2.5889018653924886E-02|       1492|
10|  -7.854E-01|                 Infinity|   2.6117584882778509E-02|       1466|
10|  -6.283E-01|                 Infinity|   2.6261286571944511E-02|       1450|
10|  -4.713E-01|                 Infinity|   2.6324906324632819E-02|       1443|
10|  -3.142E-01|                 Infinity|   2.7136267706462856E-02|       1358|
10|  -1.571E-01|                 Infinity|   2.8182994438777077E-02|       1259|
10|  -3.000E-05|                 Infinity|   2.6870460745022952E-02|       1385|
10|   1.570E-01|                 Infinity|   2.6602896148920738E-02|       1413|
10|   3.141E-01|                 Infinity|   2.6555952586407233E-02|       1418|
10|   4.712E-01|                 Infinity|   2.7576371656986686E-02|       1315|
10|   6.283E-01|                 Infinity|   2.8455519661223609E-02|       1235|
10|   7.854E-01|                 Infinity|   2.8444006199428714E-02|       1236|
10|   9.424E-01|                 Infinity|   2.7513674254937545E-02|       1321|
10|   1.100E+00|                 Infinity|   2.6407386650992314E-02|       1434|
10|   1.257E+00|                 Infinity|   2.5863030005593587E-02|       1495|
10|   1.414E+00|                 Infinity|   2.4492448305451230E-02|       1667|
10|   1.571E+00|                 Infinity|   2.3466162723196606E-02|       1816|
10|   1.728E+00|                 Infinity|   2.4296476537493127E-02|       1694|
10|   1.885E+00|                 Infinity|   2.2798037629377661E-02|       1924|
10|   2.042E+00|                 Infinity|   2.3829795864119579E-02|       1761|
10|   2.199E+00|                 Infinity|   2.5871684190211096E-02|       1494|
10|   2.356E+00|                 Infinity|   2.7206478089547161E-02|       1351|
10|   2.513E+00|                 Infinity|   2.6773977630083295E-02|       1395|
10|   2.670E+00|                 Infinity|   2.7156272329678422E-02|       1356|
10|   2.827E+00|                 Infinity|   2.6745234757997019E-02|       1398|
10|   2.984E+00|                 Infinity|   2.6334032657486166E-02|       1442|
# integrated result:   1.3366503272174563E-04
#
