#
# column #1=histogram, #2=x-axis bin, #3=binned cross-section, #4=error, #5=number of events 
# this can be easily plotted in gnuplot with the commands:
#    NHi=3
#    plot 'output.dat' using ($2):($1==NHi ? $3 : 1/0) w st
# where NHi selects the histogram
#
#
# run time =      -0.00min
# TotCS =      2.9486389998E-05           7.50903E-06
#
# Histogram 1: m_jj                                              
 1|   0.000E+00|                      NaN|   0.0000000000000000E+00|          0|
 1|   5.000E+01|                 Infinity|   1.0283082153552779E-02|       9457|
 1|   1.000E+02|                 Infinity|   9.0532035789211134E-03|      12201|
 1|   1.500E+02|                 Infinity|   9.6475491584884134E-03|      10744|
 1|   2.000E+02|                 Infinity|   1.0456453283188481E-02|       9146|
 1|   2.500E+02|                 Infinity|   1.1514808930891112E-02|       7542|
 1|   3.000E+02|                 Infinity|   1.3279146932508798E-02|       5671|
 1|   3.500E+02|                 Infinity|   1.5305126468886985E-02|       4269|
 1|   4.000E+02|                 Infinity|   1.7655613788661217E-02|       3208|
 1|   4.500E+02|                 Infinity|   2.0928930907403050E-02|       2283|
 1|   5.000E+02|                 Infinity|   2.4761275912089115E-02|       1631|
 1|   5.500E+02|                 Infinity|   2.9348363544187461E-02|       1161|
 1|   6.000E+02|                 Infinity|   3.2274861218395137E-02|        960|
 1|   6.500E+02|                 Infinity|   3.9715073539476883E-02|        634|
 1|   7.000E+02|                 Infinity|   4.6077567758409141E-02|        471|
 1|   7.500E+02|                 Infinity|   5.8520573598065284E-02|        292|
 1|   8.000E+02|                 Infinity|   6.5795169495976899E-02|        231|
 1|   8.500E+02|                 Infinity|   8.2199493652678646E-02|        148|
 1|   9.000E+02|                 Infinity|   1.0000000000000001E-01|        100|
 1|   9.500E+02|                 Infinity|   1.0660035817780521E-01|         88|
 1|   1.000E+03|                 Infinity|   1.1785113019775793E-01|         72|
 1|   1.050E+03|                 Infinity|   1.3483997249264842E-01|         55|
 1|   1.100E+03|                 Infinity|   1.8257418583505536E-01|         30|
 1|   1.150E+03|                 Infinity|   1.8898223650461360E-01|         28|
 1|   1.200E+03|                 Infinity|   2.4253562503633297E-01|         17|
 1|   1.250E+03|                 Infinity|   1.7677669529663687E-01|         32|
 1|   1.300E+03|                 Infinity|   2.5000000000000000E-01|         16|
 1|   1.350E+03|                 Infinity|   2.6726124191242440E-01|         14|
 1|   1.400E+03|                 Infinity|   3.0151134457776363E-01|         11|
 1|   1.450E+03|                 Infinity|   3.0151134457776363E-01|         11|
 1|   1.500E+03|                 Infinity|   4.0824829046386307E-01|          6|
 1|   1.550E+03|                 Infinity|   3.5355339059327373E-01|          8|
 1|   1.600E+03|                 Infinity|   4.4721359549995793E-01|          5|
 1|   1.650E+03|                 Infinity|   5.7735026918962584E-01|          3|
 1|   1.700E+03|                 Infinity|   5.0000000000000000E-01|          4|
 1|   1.750E+03|                 Infinity|   5.7735026918962584E-01|          3|
 1|   1.800E+03|                 Infinity|   7.0710678118654746E-01|          2|
 1|   1.850E+03|                 Infinity|   7.0710678118654746E-01|          2|
 1|   1.900E+03|                 Infinity|   7.0710678118654746E-01|          2|
 1|   1.950E+03|                 Infinity|   1.0000000000000000E+00|          1|
 1|   2.000E+03|                 Infinity|   5.7735026918962584E-01|          3|
 1|   2.050E+03|                 Infinity|   7.0710678118654746E-01|          2|
 1|   2.100E+03|                 Infinity|   1.0000000000000000E+00|          1|
 1|   2.150E+03|                      NaN|   0.0000000000000000E+00|          0|
 1|   2.200E+03|                 Infinity|   7.0710678118654746E-01|          2|
 1|   2.250E+03|                 Infinity|   7.0710678118654746E-01|          2|
 1|   2.300E+03|                 Infinity|   5.0000000000000000E-01|          4|
 1|   2.350E+03|                      NaN|   0.0000000000000000E+00|          0|
 1|   2.400E+03|                 Infinity|   7.0710678118654746E-01|          2|
 1|   2.450E+03|                      NaN|   0.0000000000000000E+00|          0|
 1|   2.500E+03|                      NaN|   0.0000000000000000E+00|          0|
 1|   2.550E+03|                      NaN|   0.0000000000000000E+00|          0|
 1|   2.600E+03|                 Infinity|   1.0000000000000000E+00|          1|
 1|   2.650E+03|                 Infinity|   5.0000000000000000E-01|          4|
 1|   2.700E+03|                      NaN|   0.0000000000000000E+00|          0|
 1|   2.750E+03|                 Infinity|   1.0000000000000000E+00|          1|
 1|   2.800E+03|                      NaN|   0.0000000000000000E+00|          0|
 1|   2.850E+03|                      NaN|   0.0000000000000000E+00|          0|
 1|   2.900E+03|                      NaN|   0.0000000000000000E+00|          0|
 1|   2.950E+03|                      NaN|   0.0000000000000000E+00|          0|
 1|   3.000E+03|                      NaN|   0.0000000000000000E+00|          0|
 1|   3.050E+03|                      NaN|   0.0000000000000000E+00|          0|
 1|   3.100E+03|                      NaN|   0.0000000000000000E+00|          0|
 1|   3.150E+03|                 Infinity|   1.0000000000000000E+00|          1|
 1|   3.200E+03|                      NaN|   0.0000000000000000E+00|          0|
 1|   3.250E+03|                      NaN|   0.0000000000000000E+00|          0|
 1|   3.300E+03|                      NaN|   0.0000000000000000E+00|          0|
 1|   3.350E+03|                      NaN|   0.0000000000000000E+00|          0|
 1|   3.400E+03|                      NaN|   0.0000000000000000E+00|          0|
 1|   3.450E+03|                      NaN|   0.0000000000000000E+00|          0|
 1|   3.500E+03|                 Infinity|   1.0000000000000000E+00|          1|
 1|   3.550E+03|                      NaN|   0.0000000000000000E+00|          0|
 1|   3.600E+03|                      NaN|   0.0000000000000000E+00|          0|
 1|   3.650E+03|                      NaN|   0.0000000000000000E+00|          0|
 1|   3.700E+03|                      NaN|   0.0000000000000000E+00|          0|
 1|   3.750E+03|                      NaN|   0.0000000000000000E+00|          0|
 1|   3.800E+03|                      NaN|   0.0000000000000000E+00|          0|
 1|   3.850E+03|                      NaN|   0.0000000000000000E+00|          0|
 1|   3.900E+03|                      NaN|   0.0000000000000000E+00|          0|
 1|   3.950E+03|                      NaN|   0.0000000000000000E+00|          0|
 1|   4.000E+03|                      NaN|   0.0000000000000000E+00|          0|
 1|   4.050E+03|                      NaN|   0.0000000000000000E+00|          0|
 1|   4.100E+03|                      NaN|   0.0000000000000000E+00|          0|
 1|   4.150E+03|                      NaN|   0.0000000000000000E+00|          0|
 1|   4.200E+03|                      NaN|   0.0000000000000000E+00|          0|
 1|   4.250E+03|                      NaN|   0.0000000000000000E+00|          0|
 1|   4.300E+03|                      NaN|   0.0000000000000000E+00|          0|
 1|   4.350E+03|                      NaN|   0.0000000000000000E+00|          0|
 1|   4.400E+03|                      NaN|   0.0000000000000000E+00|          0|
 1|   4.450E+03|                      NaN|   0.0000000000000000E+00|          0|
 1|   4.500E+03|                      NaN|   0.0000000000000000E+00|          0|
 1|   4.550E+03|                      NaN|   0.0000000000000000E+00|          0|
 1|   4.600E+03|                      NaN|   0.0000000000000000E+00|          0|
 1|   4.650E+03|                      NaN|   0.0000000000000000E+00|          0|
 1|   4.700E+03|                      NaN|   0.0000000000000000E+00|          0|
 1|   4.750E+03|                 Infinity|   1.0000000000000000E+00|          1|
 1|   4.800E+03|                      NaN|   0.0000000000000000E+00|          0|
 1|   4.850E+03|                      NaN|   0.0000000000000000E+00|          0|
 1|   4.900E+03|                      NaN|   0.0000000000000000E+00|          0|
 1|   4.950E+03|                      NaN|   0.0000000000000000E+00|          0|
# integrated result:   2.9486389997865422E-05
#
# Histogram 2: m_jj                                              
 2|   0.000E+00|                      NaN|   0.0000000000000000E+00|          0|
 2|   2.000E+00|                      NaN|   0.0000000000000000E+00|          0|
 2|   4.000E+00|                      NaN|   0.0000000000000000E+00|          0|
 2|   6.000E+00|                      NaN|   0.0000000000000000E+00|          0|
 2|   8.000E+00|                      NaN|   0.0000000000000000E+00|          0|
 2|   1.000E+01|                      NaN|   0.0000000000000000E+00|          0|
 2|   1.200E+01|                      NaN|   0.0000000000000000E+00|          0|
 2|   1.400E+01|                      NaN|   0.0000000000000000E+00|          0|
 2|   1.600E+01|                      NaN|   0.0000000000000000E+00|          0|
 2|   1.800E+01|                      NaN|   0.0000000000000000E+00|          0|
 2|   2.000E+01|                      NaN|   0.0000000000000000E+00|          0|
 2|   2.200E+01|                      NaN|   0.0000000000000000E+00|          0|
 2|   2.400E+01|                      NaN|   0.0000000000000000E+00|          0|
 2|   2.600E+01|                      NaN|   0.0000000000000000E+00|          0|
 2|   2.800E+01|                      NaN|   0.0000000000000000E+00|          0|
 2|   3.000E+01|                      NaN|   0.0000000000000000E+00|          0|
 2|   3.200E+01|                      NaN|   0.0000000000000000E+00|          0|
 2|   3.400E+01|                      NaN|   0.0000000000000000E+00|          0|
 2|   3.600E+01|                      NaN|   0.0000000000000000E+00|          0|
 2|   3.800E+01|                      NaN|   0.0000000000000000E+00|          0|
 2|   4.000E+01|                      NaN|   0.0000000000000000E+00|          0|
 2|   4.200E+01|                      NaN|   0.0000000000000000E+00|          0|
 2|   4.400E+01|                      NaN|   0.0000000000000000E+00|          0|
 2|   4.600E+01|                      NaN|   0.0000000000000000E+00|          0|
 2|   4.800E+01|                      NaN|   0.0000000000000000E+00|          0|
 2|   5.000E+01|                      NaN|   0.0000000000000000E+00|          0|
 2|   5.200E+01|                      NaN|   0.0000000000000000E+00|          0|
 2|   5.400E+01|                      NaN|   0.0000000000000000E+00|          0|
 2|   5.600E+01|                      NaN|   0.0000000000000000E+00|          0|
 2|   5.800E+01|                      NaN|   0.0000000000000000E+00|          0|
 2|   6.000E+01|                      NaN|   0.0000000000000000E+00|          0|
 2|   6.200E+01|                      NaN|   0.0000000000000000E+00|          0|
 2|   6.400E+01|                      NaN|   0.0000000000000000E+00|          0|
 2|   6.600E+01|                      NaN|   0.0000000000000000E+00|          0|
 2|   6.800E+01|                      NaN|   0.0000000000000000E+00|          0|
 2|   7.000E+01|                 Infinity|   2.5197631533948481E-02|       1575|
 2|   7.200E+01|                 Infinity|   3.3004918099222479E-02|        918|
 2|   7.400E+01|                 Infinity|   3.6131468676496206E-02|        766|
 2|   7.600E+01|                 Infinity|   3.9904344223381107E-02|        628|
 2|   7.800E+01|                 Infinity|   4.0961596025952028E-02|        596|
 2|   8.000E+01|                 Infinity|   4.1594516540385151E-02|        578|
 2|   8.200E+01|                 Infinity|   4.3937477516374682E-02|        518|
 2|   8.400E+01|                 Infinity|   4.5548751867427691E-02|        482|
 2|   8.600E+01|                 Infinity|   4.4543540318737397E-02|        504|
 2|   8.800E+01|                 Infinity|   4.6028730894916173E-02|        472|
 2|   9.000E+01|                 Infinity|   4.5501575519329006E-02|        483|
 2|   9.200E+01|                 Infinity|   4.4237395520380883E-02|        511|
 2|   9.400E+01|                 Infinity|   4.5738935374634825E-02|        478|
 2|   9.600E+01|                 Infinity|   4.7036043419179864E-02|        452|
 2|   9.800E+01|                 Infinity|   4.4901325506693728E-02|        496|
 2|   1.000E+02|                 Infinity|   4.5501575519329006E-02|        483|
 2|   1.020E+02|                 Infinity|   4.6880723093849538E-02|        455|
 2|   1.040E+02|                 Infinity|   4.4543540318737397E-02|        504|
 2|   1.060E+02|                 Infinity|   4.4499415948998478E-02|        505|
 2|   1.080E+02|                 Infinity|   4.6473941234017310E-02|        463|
 2|   1.100E+02|                 Infinity|   4.4766148103584522E-02|        499|
 2|   1.120E+02|                 Infinity|   4.5267873021259265E-02|        488|
 2|   1.140E+02|                 Infinity|   4.7192917818300872E-02|        449|
 2|   1.160E+02|                 Infinity|   4.3153185200210310E-02|        537|
 2|   1.180E+02|                 Infinity|   4.3274232240791542E-02|        534|
 2|   1.200E+02|                 Infinity|   4.5407660918649985E-02|        485|
 2|   1.220E+02|                 Infinity|   4.5548751867427691E-02|        482|
 2|   1.240E+02|                 Infinity|   4.4766148103584522E-02|        499|
 2|   1.260E+02|                 Infinity|   4.6880723093849538E-02|        455|
 2|   1.280E+02|                 Infinity|   4.4065264923923174E-02|        515|
 2|   1.300E+02|                 Infinity|   4.5037734911104493E-02|        493|
 2|   1.320E+02|                 Infinity|   4.5834924851410566E-02|        476|
 2|   1.340E+02|                 Infinity|   4.3314808182420998E-02|        533|
 2|   1.360E+02|                 Infinity|   4.5360921162651446E-02|        486|
 2|   1.380E+02|                 Infinity|   4.6028730894916173E-02|        472|
 2|   1.400E+02|                 Infinity|   4.5083481733371615E-02|        492|
 2|   1.420E+02|                 Infinity|   4.6175709653961020E-02|        469|
 2|   1.440E+02|                 Infinity|   4.6175709653961020E-02|        469|
 2|   1.460E+02|                 Infinity|   4.5643546458763840E-02|        480|
 2|   1.480E+02|                 Infinity|   4.5738935374634825E-02|        478|
 2|   1.500E+02|                 Infinity|   4.6829290579084699E-02|        456|
 2|   1.520E+02|                 Infinity|   4.7088160934801108E-02|        451|
 2|   1.540E+02|                 Infinity|   4.7781848256749658E-02|        438|
 2|   1.560E+02|                 Infinity|   4.5175395145262566E-02|        490|
 2|   1.580E+02|                 Infinity|   4.7891314261057569E-02|        436|
 2|   1.600E+02|                 Infinity|   4.7836487323493986E-02|        437|
 2|   1.620E+02|                 Infinity|   4.6524210519923545E-02|        462|
 2|   1.640E+02|                 Infinity|   4.7088160934801108E-02|        451|
 2|   1.660E+02|                 Infinity|   4.7891314261057569E-02|        436|
 2|   1.680E+02|                 Infinity|   4.8336824452283177E-02|        428|
 2|   1.700E+02|                 Infinity|   4.8336824452283177E-02|        428|
 2|   1.720E+02|                 Infinity|   4.7673129462279619E-02|        440|
 2|   1.740E+02|                 Infinity|   4.7619047619047616E-02|        441|
 2|   1.760E+02|                 Infinity|   4.7727395990334764E-02|        439|
 2|   1.780E+02|                 Infinity|   4.7946330148538413E-02|        435|
 2|   1.800E+02|                 Infinity|   4.9088069367381602E-02|        415|
 2|   1.820E+02|                 Infinity|   5.0125470711708552E-02|        398|
 2|   1.840E+02|                 Infinity|   4.6984098573493956E-02|        453|
 2|   1.860E+02|                 Infinity|   5.0379272185987839E-02|        394|
 2|   1.880E+02|                 Infinity|   5.0507627227610534E-02|        392|
 2|   1.900E+02|                 Infinity|   4.8737017882857933E-02|        421|
 2|   1.920E+02|                 Infinity|   4.8224282217041212E-02|        430|
 2|   1.940E+02|                 Infinity|   5.1847584736521263E-02|        372|
 2|   1.960E+02|                 Infinity|   4.9266463908214660E-02|        412|
 2|   1.980E+02|                 Infinity|   5.0702012656339383E-02|        389|
# integrated result:   2.9486389997865330E-05
#
# Histogram 3: pT(H)                                             
 3|   0.000E+00|                 Infinity|   2.7831516999568835E-02|       1291|
 3|   1.000E+01|                 Infinity|   1.7677669529663688E-02|       3200|
 3|   2.000E+01|                 Infinity|   1.4664711502135329E-02|       4650|
 3|   3.000E+01|                 Infinity|   1.3363062095621218E-02|       5600|
 3|   4.000E+01|                 Infinity|   1.3209451838276138E-02|       5731|
 3|   5.000E+01|                 Infinity|   1.3440083264261759E-02|       5536|
 3|   6.000E+01|                 Infinity|   1.3956356928455673E-02|       5134|
 3|   7.000E+01|                 Infinity|   1.4482111159087306E-02|       4768|
 3|   8.000E+01|                 Infinity|   1.5554902647418758E-02|       4133|
 3|   9.000E+01|                 Infinity|   1.6466623048469606E-02|       3688|
 3|   1.000E+02|                 Infinity|   1.7766726362967538E-02|       3168|
 3|   1.100E+02|                 Infinity|   1.8731716231633881E-02|       2850|
 3|   1.200E+02|                 Infinity|   2.0064308847628203E-02|       2484|
 3|   1.300E+02|                 Infinity|   2.1349204063136496E-02|       2194|
 3|   1.400E+02|                 Infinity|   2.2097086912079608E-02|       2048|
 3|   1.500E+02|                 Infinity|   2.4014605321403707E-02|       1734|
 3|   1.600E+02|                 Infinity|   2.6099787548594027E-02|       1468|
 3|   1.700E+02|                 Infinity|   2.6977806394251295E-02|       1374|
 3|   1.800E+02|                 Infinity|   2.9310519088027460E-02|       1164|
 3|   1.900E+02|                 Infinity|   3.1250000000000000E-02|       1024|
 3|   2.000E+02|                 Infinity|   3.2495633692564134E-02|        947|
 3|   2.100E+02|                 Infinity|   3.6490518258441337E-02|        751|
 3|   2.200E+02|                 Infinity|   3.6835473434187867E-02|        737|
 3|   2.300E+02|                 Infinity|   4.1415768328129106E-02|        583|
 3|   2.400E+02|                 Infinity|   4.3852900965351466E-02|        520|
 3|   2.500E+02|                 Infinity|   4.8336824452283177E-02|        428|
 3|   2.600E+02|                 Infinity|   4.8564293117863207E-02|        424|
 3|   2.700E+02|                 Infinity|   5.2270837348931669E-02|        366|
 3|   2.800E+02|                 Infinity|   5.5131784641997125E-02|        329|
 3|   2.900E+02|                 Infinity|   6.0084176812610968E-02|        277|
 3|   3.000E+02|                 Infinity|   6.5372045046061339E-02|        234|
 3|   3.100E+02|                 Infinity|   7.0359754473029182E-02|        202|
 3|   3.200E+02|                 Infinity|   7.2168783648703230E-02|        192|
 3|   3.300E+02|                 Infinity|   8.3918135829668908E-02|        142|
 3|   3.400E+02|                 Infinity|   9.0166963466743230E-02|        123|
 3|   3.500E+02|                 Infinity|   8.7038827977848926E-02|        132|
 3|   3.600E+02|                 Infinity|   9.5346258924559238E-02|        110|
 3|   3.700E+02|                 Infinity|   9.9014754297667443E-02|        102|
 3|   3.800E+02|                 Infinity|   1.1180339887498948E-01|         80|
 3|   3.900E+02|                 Infinity|   1.3483997249264842E-01|         55|
 3|   4.000E+02|                 Infinity|   1.1470786693528087E-01|         76|
 3|   4.100E+02|                 Infinity|   1.5249857033260467E-01|         43|
 3|   4.200E+02|                 Infinity|   1.3018891098082389E-01|         59|
 3|   4.300E+02|                 Infinity|   1.5811388300841897E-01|         40|
 3|   4.400E+02|                 Infinity|   1.7149858514250882E-01|         34|
 3|   4.500E+02|                 Infinity|   1.8257418583505536E-01|         30|
 3|   4.600E+02|                 Infinity|   1.7407765595569785E-01|         33|
 3|   4.700E+02|                 Infinity|   1.7677669529663687E-01|         32|
 3|   4.800E+02|                 Infinity|   1.9245008972987526E-01|         27|
 3|   4.900E+02|                 Infinity|   2.5000000000000000E-01|         16|
# integrated result:   2.9486389997865438E-05
#
# Histogram 4: pT(j1)                                            
 4|   0.000E+00|                      NaN|   0.0000000000000000E+00|          0|
 4|   1.000E+01|                 Infinity|   3.7742567804819861E-02|        702|
 4|   2.000E+01|                 Infinity|   2.1667569500871973E-02|       2130|
 4|   3.000E+01|                 Infinity|   1.7282528245507089E-02|       3348|
 4|   4.000E+01|                 Infinity|   1.5289018630918963E-02|       4278|
 4|   5.000E+01|                 Infinity|   1.4658408165715977E-02|       4654|
 4|   6.000E+01|                 Infinity|   1.4625448482542613E-02|       4675|
 4|   7.000E+01|                 Infinity|   1.4560190658208840E-02|       4717|
 4|   8.000E+01|                 Infinity|   1.4982219165849825E-02|       4455|
 4|   9.000E+01|                 Infinity|   1.5573754796680717E-02|       4123|
 4|   1.000E+02|                 Infinity|   1.6288719000446619E-02|       3769|
 4|   1.100E+02|                 Infinity|   1.6673615454405169E-02|       3597|
 4|   1.200E+02|                 Infinity|   1.7444809066301296E-02|       3286|
 4|   1.300E+02|                 Infinity|   1.8233123937236820E-02|       3008|
 4|   1.400E+02|                 Infinity|   1.9414730885301035E-02|       2653|
 4|   1.500E+02|                 Infinity|   2.0340502363726694E-02|       2417|
 4|   1.600E+02|                 Infinity|   2.1491713855208944E-02|       2165|
 4|   1.700E+02|                 Infinity|   2.2536015980024166E-02|       1969|
 4|   1.800E+02|                 Infinity|   2.4678196820164200E-02|       1642|
 4|   1.900E+02|                 Infinity|   2.5742776142551403E-02|       1509|
 4|   2.000E+02|                 Infinity|   2.6967994498529685E-02|       1375|
 4|   2.100E+02|                 Infinity|   2.9399051601892736E-02|       1157|
 4|   2.200E+02|                 Infinity|   3.0556616567607043E-02|       1071|
 4|   2.300E+02|                 Infinity|   3.2720999550184419E-02|        934|
 4|   2.400E+02|                 Infinity|   3.4585723193303733E-02|        836|
 4|   2.500E+02|                 Infinity|   3.6760731104690386E-02|        740|
 4|   2.600E+02|                 Infinity|   3.9872611141444997E-02|        629|
 4|   2.700E+02|                 Infinity|   4.1344911529736156E-02|        585|
 4|   2.800E+02|                 Infinity|   4.4901325506693728E-02|        496|
 4|   2.900E+02|                 Infinity|   4.8056933133221270E-02|        433|
 4|   3.000E+02|                 Infinity|   4.9875466805381644E-02|        402|
 4|   3.100E+02|                 Infinity|   5.4717565516458275E-02|        334|
 4|   3.200E+02|                 Infinity|   5.8222250973958202E-02|        295|
 4|   3.300E+02|                 Infinity|   6.4415662640083082E-02|        241|
 4|   3.400E+02|                 Infinity|   6.5372045046061339E-02|        234|
 4|   3.500E+02|                 Infinity|   6.8518870982753166E-02|        213|
 4|   3.600E+02|                 Infinity|   7.5164602800282893E-02|        177|
 4|   3.700E+02|                 Infinity|   7.7615052570633281E-02|        166|
 4|   3.800E+02|                 Infinity|   9.0535746042518531E-02|        122|
 4|   3.900E+02|                 Infinity|   9.8058067569092022E-02|        104|
 4|   4.000E+02|                 Infinity|   9.6673648904566353E-02|        107|
 4|   4.100E+02|                 Infinity|   1.1180339887498948E-01|         80|
 4|   4.200E+02|                 Infinity|   1.1322770341445956E-01|         78|
 4|   4.300E+02|                 Infinity|   1.1547005383792514E-01|         75|
 4|   4.400E+02|                 Infinity|   1.3018891098082389E-01|         59|
 4|   4.500E+02|                 Infinity|   1.3867504905630729E-01|         52|
 4|   4.600E+02|                 Infinity|   1.6666666666666666E-01|         36|
 4|   4.700E+02|                 Infinity|   1.5249857033260467E-01|         43|
 4|   4.800E+02|                 Infinity|   1.7960530202677491E-01|         31|
 4|   4.900E+02|                 Infinity|   1.8569533817705186E-01|         29|
# integrated result:   2.9486389997865428E-05
#
# Histogram 5: dy(j1,j2)                                         
 5|  -5.000E+00|                 Infinity|   4.6574643283262232E-02|        461|
 5|  -4.800E+00|                 Infinity|   4.2640143271122082E-02|        550|
 5|  -4.600E+00|                 Infinity|   3.8461538461538464E-02|        676|
 5|  -4.400E+00|                 Infinity|   3.4627168053222183E-02|        834|
 5|  -4.200E+00|                 Infinity|   3.4159349284257755E-02|        857|
 5|  -4.000E+00|                 Infinity|   3.1265269974036121E-02|       1023|
 5|  -3.800E+00|                 Infinity|   2.9840776634222691E-02|       1123|
 5|  -3.600E+00|                 Infinity|   2.6631182064565374E-02|       1410|
 5|  -3.400E+00|                 Infinity|   2.5742776142551403E-02|       1509|
 5|  -3.200E+00|                 Infinity|   2.5819888974716113E-02|       1500|
 5|  -3.000E+00|                 Infinity|   2.4070194759954793E-02|       1726|
 5|  -2.800E+00|                 Infinity|   2.0040120401405057E-02|       2490|
 5|  -2.600E+00|                 Infinity|   2.2839623660917723E-02|       1917|
 5|  -2.400E+00|                 Infinity|   2.4470439211619822E-02|       1670|
 5|  -2.200E+00|                 Infinity|   2.2674629379125909E-02|       1945|
 5|  -2.000E+00|                 Infinity|   2.0510932676901818E-02|       2377|
 5|  -1.800E+00|                 Infinity|   2.1166687833365085E-02|       2232|
 5|  -1.600E+00|                 Infinity|   2.0690147215059199E-02|       2336|
 5|  -1.400E+00|                 Infinity|   1.9900743804199782E-02|       2525|
 5|  -1.200E+00|                 Infinity|   1.7908612711114453E-02|       3118|
 5|  -1.000E+00|                 Infinity|   1.5526752351113423E-02|       4148|
 5|  -8.000E-01|                 Infinity|   1.8894849871330582E-02|       2801|
 5|  -6.000E-01|                 Infinity|   2.3505024736113420E-02|       1810|
 5|  -4.000E-01|                 Infinity|   2.1723736265189059E-02|       2119|
 5|  -2.000E-01|                 Infinity|   2.2983951313055563E-02|       1893|
 5|   0.000E+00|                 Infinity|   1.9234326202820510E-02|       2703|
 5|   2.000E-01|                 Infinity|   1.6611387354627385E-02|       3624|
 5|   4.000E-01|                 Infinity|   1.9349201886068965E-02|       2671|
 5|   6.000E-01|                 Infinity|   2.6444294267397254E-02|       1430|
 5|   8.000E-01|                 Infinity|   3.0192333931958418E-02|       1097|
 5|   1.000E+00|                 Infinity|   3.2879797461071454E-02|        925|
 5|   1.200E+00|                 Infinity|   3.2616403652672113E-02|        940|
 5|   1.400E+00|                 Infinity|   2.5173668017796205E-02|       1578|
 5|   1.600E+00|                 Infinity|   2.1667569500871973E-02|       2130|
 5|   1.800E+00|                 Infinity|   2.2821773229381920E-02|       1920|
 5|   2.000E+00|                 Infinity|   2.6812446008585931E-02|       1391|
 5|   2.200E+00|                 Infinity|   3.5049981861639080E-02|        814|
 5|   2.400E+00|                 Infinity|   3.7011660509880265E-02|        730|
 5|   2.600E+00|                 Infinity|   3.6735917918532250E-02|        741|
 5|   2.800E+00|                 Infinity|   4.2914107542287451E-02|        543|
 5|   3.000E+00|                 Infinity|   5.1502620262460476E-02|        377|
 5|   3.200E+00|                 Infinity|   7.0710678118654752E-02|        200|
 5|   3.400E+00|                 Infinity|   8.0064076902543566E-02|        156|
 5|   3.600E+00|                 Infinity|   1.0153461651336192E-01|         97|
 5|   3.800E+00|                 Infinity|   1.1043152607484653E-01|         82|
 5|   4.000E+00|                 Infinity|   1.3130643285972254E-01|         58|
 5|   4.200E+00|                 Infinity|   2.0412414523193154E-01|         24|
 5|   4.400E+00|                 Infinity|   2.1320071635561041E-01|         22|
 5|   4.600E+00|                 Infinity|   3.0151134457776363E-01|         11|
 5|   4.800E+00|                 Infinity|   2.7735009811261457E-01|         13|
# integrated result:   2.9486389997865432E-05
#
# Histogram 6: mz1                                               
 6|   0.000E+00|                      NaN|   0.0000000000000000E+00|          0|
 6|   2.000E+00|                      NaN|   0.0000000000000000E+00|          0|
 6|   4.000E+00|                 Infinity|   1.9163559494160487E-02|       2723|
 6|   6.000E+00|                 Infinity|   2.0730119630756057E-02|       2327|
 6|   8.000E+00|                 Infinity|   2.6444294267397254E-02|       1430|
 6|   1.000E+01|                 Infinity|   2.5094280661424780E-02|       1588|
 6|   1.200E+01|                 Infinity|   3.0499714066520935E-02|       1075|
 6|   1.400E+01|                 Infinity|   4.0323891927275590E-02|        615|
 6|   1.600E+01|                 Infinity|   4.4811071494822087E-02|        498|
 6|   1.800E+01|                 Infinity|   3.3883707378584857E-02|        871|
 6|   2.000E+01|                 Infinity|   2.4354051207174154E-02|       1686|
 6|   2.200E+01|                 Infinity|   1.7877106130964521E-02|       3129|
 6|   2.400E+01|                 Infinity|   1.2436041133915637E-02|       6466|
 6|   2.600E+01|                 Infinity|   2.7939937811355630E-02|       1281|
 6|   2.800E+01|                 Infinity|   3.7241946136192937E-02|        721|
 6|   3.000E+01|                 Infinity|   4.8621663832631515E-02|        423|
 6|   3.200E+01|                 Infinity|   6.4820372355216441E-02|        238|
 6|   3.400E+01|                 Infinity|   6.5795169495976899E-02|        231|
 6|   3.600E+01|                 Infinity|   6.6226617853252193E-02|        228|
 6|   3.800E+01|                 Infinity|   7.1795815861773818E-02|        194|
 6|   4.000E+01|                 Infinity|   6.6815310478106099E-02|        224|
 6|   4.200E+01|                 Infinity|   6.2622429108514954E-02|        255|
 6|   4.400E+01|                 Infinity|   5.5901699437494741E-02|        320|
 6|   4.600E+01|                 Infinity|   5.8925565098878967E-02|        288|
 6|   4.800E+01|                 Infinity|   5.9868434008924963E-02|        279|
 6|   5.000E+01|                 Infinity|   5.7928444636349226E-02|        298|
 6|   5.200E+01|                 Infinity|   5.6254395046301198E-02|        316|
 6|   5.400E+01|                 Infinity|   5.4635836470815310E-02|        335|
 6|   5.600E+01|                 Infinity|   5.7259833431386825E-02|        305|
 6|   5.800E+01|                 Infinity|   5.2777981396925952E-02|        359|
 6|   6.000E+01|                 Infinity|   4.4856130401625657E-02|        497|
 6|   6.200E+01|                 Infinity|   3.5399616270239430E-02|        798|
 6|   6.400E+01|                 Infinity|   3.5377456883861250E-02|        799|
 6|   6.600E+01|                 Infinity|   3.5511041211421748E-02|        793|
 6|   6.800E+01|                 Infinity|   3.5201667190438143E-02|        807|
 6|   7.000E+01|                 Infinity|   5.2414241836095915E-02|        364|
 6|   7.200E+01|                 Infinity|   6.1429511683395117E-02|        265|
 6|   7.400E+01|                 Infinity|   5.7543533764843599E-02|        302|
 6|   7.600E+01|                 Infinity|   4.9690399499995326E-02|        405|
 6|   7.800E+01|                 Infinity|   3.7715714320235710E-02|        703|
 6|   8.000E+01|                 Infinity|   2.9411764705882353E-02|       1156|
 6|   8.200E+01|                 Infinity|   2.6481357066618805E-02|       1426|
 6|   8.400E+01|                 Infinity|   3.0443128277399149E-02|       1079|
 6|   8.600E+01|                 Infinity|   2.2194838080923766E-02|       2030|
 6|   8.800E+01|                 Infinity|   1.1759010854794966E-02|       7232|
 6|   9.000E+01|                 Infinity|   8.6117344212368937E-03|      13484|
 6|   9.200E+01|                 Infinity|   1.2121434739137725E-02|       6806|
 6|   9.400E+01|                 Infinity|   3.4773407121036048E-02|        827|
 6|   9.600E+01|                 Infinity|   6.0745673923078697E-02|        271|
 6|   9.800E+01|                 Infinity|   7.4743509275193590E-02|        179|
 6|   1.000E+02|                 Infinity|   6.6666666666666666E-02|        225|
 6|   1.020E+02|                 Infinity|   6.9673301429161769E-02|        206|
 6|   1.040E+02|                 Infinity|   7.2739296745330792E-02|        189|
 6|   1.060E+02|                 Infinity|   8.5125653075874858E-02|        138|
 6|   1.080E+02|                 Infinity|   9.5346258924559238E-02|        110|
 6|   1.100E+02|                 Infinity|   1.0783277320343841E-01|         86|
 6|   1.120E+02|                 Infinity|   1.2700012700019050E-01|         62|
 6|   1.140E+02|                 Infinity|   1.4586499149789456E-01|         47|
 6|   1.160E+02|                 Infinity|   1.1952286093343936E-01|         70|
 6|   1.180E+02|                 Infinity|   1.3130643285972254E-01|         58|
 6|   1.200E+02|                 Infinity|   1.2700012700019050E-01|         62|
 6|   1.220E+02|                 Infinity|   1.5811388300841897E-01|         40|
 6|   1.240E+02|                 Infinity|   1.5617376188860607E-01|         41|
 6|   1.260E+02|                 Infinity|   1.7407765595569785E-01|         33|
 6|   1.280E+02|                 Infinity|   1.7960530202677491E-01|         31|
 6|   1.300E+02|                 Infinity|   2.0412414523193154E-01|         24|
 6|   1.320E+02|                 Infinity|   1.9245008972987526E-01|         27|
 6|   1.340E+02|                 Infinity|   3.3333333333333331E-01|          9|
 6|   1.360E+02|                 Infinity|   2.1821789023599239E-01|         21|
 6|   1.380E+02|                 Infinity|   2.5819888974716110E-01|         15|
 6|   1.400E+02|                 Infinity|   2.8867513459481292E-01|         12|
 6|   1.420E+02|                 Infinity|   3.1622776601683794E-01|         10|
 6|   1.440E+02|                 Infinity|   3.3333333333333331E-01|          9|
 6|   1.460E+02|                 Infinity|   3.5355339059327373E-01|          8|
 6|   1.480E+02|                 Infinity|   2.8867513459481292E-01|         12|
 6|   1.500E+02|                 Infinity|   4.0824829046386307E-01|          6|
 6|   1.520E+02|                 Infinity|   3.5355339059327373E-01|          8|
 6|   1.540E+02|                 Infinity|   5.7735026918962584E-01|          3|
 6|   1.560E+02|                 Infinity|   3.5355339059327373E-01|          8|
 6|   1.580E+02|                 Infinity|   5.7735026918962584E-01|          3|
 6|   1.600E+02|                 Infinity|   5.7735026918962584E-01|          3|
 6|   1.620E+02|                 Infinity|   5.7735026918962584E-01|          3|
 6|   1.640E+02|                 Infinity|   5.7735026918962584E-01|          3|
 6|   1.660E+02|                 Infinity|   4.0824829046386307E-01|          6|
 6|   1.680E+02|                 Infinity|   5.0000000000000000E-01|          4|
 6|   1.700E+02|                 Infinity|   4.0824829046386307E-01|          6|
 6|   1.720E+02|                      NaN|   0.0000000000000000E+00|          0|
 6|   1.740E+02|                 Infinity|   7.0710678118654746E-01|          2|
 6|   1.760E+02|                 Infinity|   1.0000000000000000E+00|          1|
 6|   1.780E+02|                 Infinity|   4.0824829046386307E-01|          6|
 6|   1.800E+02|                 Infinity|   5.7735026918962584E-01|          3|
 6|   1.820E+02|                 Infinity|   7.0710678118654746E-01|          2|
 6|   1.840E+02|                 Infinity|   4.4721359549995793E-01|          5|
 6|   1.860E+02|                 Infinity|   1.0000000000000000E+00|          1|
 6|   1.880E+02|                      NaN|   0.0000000000000000E+00|          0|
 6|   1.900E+02|                 Infinity|   5.0000000000000000E-01|          4|
 6|   1.920E+02|                 Infinity|   1.0000000000000000E+00|          1|
 6|   1.940E+02|                 Infinity|   1.0000000000000000E+00|          1|
 6|   1.960E+02|                 Infinity|   1.0000000000000000E+00|          1|
 6|   1.980E+02|                      NaN|   0.0000000000000000E+00|          0|
# integrated result:   2.9486389997865435E-05
#
# Histogram 7: mz2                                               
 7|   0.000E+00|                      NaN|   0.0000000000000000E+00|          0|
 7|   2.000E+00|                      NaN|   0.0000000000000000E+00|          0|
 7|   4.000E+00|                 Infinity|   1.8461625854057043E-02|       2934|
 7|   6.000E+00|                 Infinity|   2.7534525848877750E-02|       1319|
 7|   8.000E+00|                 Infinity|   2.7472112789737803E-02|       1325|
 7|   1.000E+01|                 Infinity|   2.7681826617913324E-02|       1305|
 7|   1.200E+01|                 Infinity|   2.8513297425610054E-02|       1230|
 7|   1.400E+01|                 Infinity|   3.0206104666508849E-02|       1096|
 7|   1.600E+01|                 Infinity|   2.8724249481071301E-02|       1212|
 7|   1.800E+01|                 Infinity|   3.0055654488914410E-02|       1107|
 7|   2.000E+01|                 Infinity|   3.1497039417435597E-02|       1008|
 7|   2.200E+01|                 Infinity|   3.2969023669789349E-02|        920|
 7|   2.400E+01|                 Infinity|   3.4942827890730610E-02|        819|
 7|   2.600E+01|                 Infinity|   3.6588086663230115E-02|        747|
 7|   2.800E+01|                 Infinity|   3.6155076303109365E-02|        765|
 7|   3.000E+01|                 Infinity|   3.8180177416060626E-02|        686|
 7|   3.200E+01|                 Infinity|   4.0689422938557970E-02|        604|
 7|   3.400E+01|                 Infinity|   3.8433122101204392E-02|        677|
 7|   3.600E+01|                 Infinity|   3.9374961547907886E-02|        645|
 7|   3.800E+01|                 Infinity|   3.7986858819879316E-02|        693|
 7|   4.000E+01|                 Infinity|   3.6490518258441337E-02|        751|
 7|   4.200E+01|                 Infinity|   3.7241946136192937E-02|        721|
 7|   4.400E+01|                 Infinity|   3.1204323970714827E-02|       1027|
 7|   4.600E+01|                 Infinity|   3.7608870722230077E-02|        707|
 7|   4.800E+01|                 Infinity|   4.0893041005476534E-02|        598|
 7|   5.000E+01|                 Infinity|   4.1775599314435682E-02|        573|
 7|   5.200E+01|                 Infinity|   3.9559388606461778E-02|        639|
 7|   5.400E+01|                 Infinity|   3.7476584449793071E-02|        712|
 7|   5.600E+01|                 Infinity|   3.7529331252040075E-02|        710|
 7|   5.800E+01|                 Infinity|   3.6490518258441337E-02|        751|
 7|   6.000E+01|                 Infinity|   3.6711154910717615E-02|        742|
 7|   6.200E+01|                 Infinity|   3.9809371432901648E-02|        631|
 7|   6.400E+01|                 Infinity|   3.8433122101204392E-02|        677|
 7|   6.600E+01|                 Infinity|   4.0622223185119377E-02|        606|
 7|   6.800E+01|                 Infinity|   3.9314056698537575E-02|        647|
 7|   7.000E+01|                 Infinity|   4.0356715613563091E-02|        614|
 7|   7.200E+01|                 Infinity|   4.1812100500354540E-02|        572|
 7|   7.400E+01|                 Infinity|   4.4499415948998478E-02|        505|
 7|   7.600E+01|                 Infinity|   4.6274481338274755E-02|        467|
 7|   7.800E+01|                 Infinity|   4.4632184267745179E-02|        502|
 7|   8.000E+01|                 Infinity|   4.2835293687811936E-02|        545|
 7|   8.200E+01|                 Infinity|   4.1666666666666664E-02|        576|
 7|   8.400E+01|                 Infinity|   3.2703497008386428E-02|        935|
 7|   8.600E+01|                 Infinity|   1.9124969220777426E-02|       2734|
 7|   8.800E+01|                 Infinity|   1.0024086747057818E-02|       9952|
 7|   9.000E+01|                 Infinity|   8.3897459426236238E-03|      14207|
 7|   9.200E+01|                 Infinity|   1.2004706767760328E-02|       6939|
 7|   9.400E+01|                 Infinity|   3.2009219983223994E-02|        976|
 7|   9.600E+01|                 Infinity|   5.8420623783698597E-02|        293|
 7|   9.800E+01|                 Infinity|   8.4215192106651904E-02|        141|
 7|   1.000E+02|                 Infinity|   8.2478609884232251E-02|        147|
 7|   1.020E+02|                 Infinity|   7.3323557510676651E-02|        186|
 7|   1.040E+02|                 Infinity|   7.6028592126970551E-02|        173|
 7|   1.060E+02|                 Infinity|   9.2847669088525930E-02|        116|
 7|   1.080E+02|                 Infinity|   1.1396057645963795E-01|         77|
 7|   1.100E+02|                 Infinity|   1.2038585308576920E-01|         69|
 7|   1.120E+02|                 Infinity|   1.4002800840280097E-01|         51|
 7|   1.140E+02|                 Infinity|   1.5075567228888181E-01|         44|
 7|   1.160E+02|                 Infinity|   1.5430334996209191E-01|         42|
 7|   1.180E+02|                 Infinity|   1.9611613513818404E-01|         26|
 7|   1.200E+02|                 Infinity|   3.1622776601683794E-01|         10|
 7|   1.220E+02|                 Infinity|   3.5355339059327373E-01|          8|
 7|   1.240E+02|                 Infinity|   3.5355339059327373E-01|          8|
 7|   1.260E+02|                 Infinity|   5.7735026918962584E-01|          3|
 7|   1.280E+02|                 Infinity|   2.7735009811261457E-01|         13|
 7|   1.300E+02|                 Infinity|   3.3333333333333331E-01|          9|
 7|   1.320E+02|                 Infinity|   3.1622776601683794E-01|         10|
 7|   1.340E+02|                 Infinity|   7.0710678118654746E-01|          2|
 7|   1.360E+02|                 Infinity|   5.7735026918962584E-01|          3|
 7|   1.380E+02|                 Infinity|   5.7735026918962584E-01|          3|
 7|   1.400E+02|                 Infinity|   4.0824829046386307E-01|          6|
 7|   1.420E+02|                 Infinity|   1.0000000000000000E+00|          1|
 7|   1.440E+02|                 Infinity|   1.0000000000000000E+00|          1|
 7|   1.460E+02|                 Infinity|   7.0710678118654746E-01|          2|
 7|   1.480E+02|                 Infinity|   5.7735026918962584E-01|          3|
 7|   1.500E+02|                 Infinity|   7.0710678118654746E-01|          2|
 7|   1.520E+02|                      NaN|   0.0000000000000000E+00|          0|
 7|   1.540E+02|                 Infinity|   1.0000000000000000E+00|          1|
 7|   1.560E+02|                 Infinity|   7.0710678118654746E-01|          2|
 7|   1.580E+02|                 Infinity|   5.0000000000000000E-01|          4|
 7|   1.600E+02|                      NaN|   0.0000000000000000E+00|          0|
 7|   1.620E+02|                      NaN|   0.0000000000000000E+00|          0|
 7|   1.640E+02|                 Infinity|   1.0000000000000000E+00|          1|
 7|   1.660E+02|                 Infinity|   7.0710678118654746E-01|          2|
 7|   1.680E+02|                 Infinity|   7.0710678118654746E-01|          2|
 7|   1.700E+02|                      NaN|   0.0000000000000000E+00|          0|
 7|   1.720E+02|                      NaN|   0.0000000000000000E+00|          0|
 7|   1.740E+02|                 Infinity|   5.7735026918962584E-01|          3|
 7|   1.760E+02|                 Infinity|   1.0000000000000000E+00|          1|
 7|   1.780E+02|                 Infinity|   1.0000000000000000E+00|          1|
 7|   1.800E+02|                      NaN|   0.0000000000000000E+00|          0|
 7|   1.820E+02|                 Infinity|   1.0000000000000000E+00|          1|
 7|   1.840E+02|                      NaN|   0.0000000000000000E+00|          0|
 7|   1.860E+02|                      NaN|   0.0000000000000000E+00|          0|
 7|   1.880E+02|                 Infinity|   1.0000000000000000E+00|          1|
 7|   1.900E+02|                 Infinity|   7.0710678118654746E-01|          2|
 7|   1.920E+02|                      NaN|   0.0000000000000000E+00|          0|
 7|   1.940E+02|                      NaN|   0.0000000000000000E+00|          0|
 7|   1.960E+02|                 Infinity|   7.0710678118654746E-01|          2|
 7|   1.980E+02|                      NaN|   0.0000000000000000E+00|          0|
# integrated result:   2.9486389997865452E-05
#
# Histogram 8: m_4l                                              
 8|   1.000E+02|                 Infinity|   8.4709268446462142E-03|      13936|
 8|   1.400E+02|                 Infinity|   9.4310249690347531E-03|      11243|
 8|   1.800E+02|                 Infinity|   1.0431391478743734E-02|       9190|
 8|   2.200E+02|                 Infinity|   1.1874508331318274E-02|       7092|
 8|   2.600E+02|                 Infinity|   1.3721824146866540E-02|       5311|
 8|   3.000E+02|                 Infinity|   1.5509935357050633E-02|       4157|
 8|   3.400E+02|                 Infinity|   1.8208926018230744E-02|       3016|
 8|   3.800E+02|                 Infinity|   2.1581616838757509E-02|       2147|
 8|   4.200E+02|                 Infinity|   2.5565499628245683E-02|       1530|
 8|   4.600E+02|                 Infinity|   3.1189143077590267E-02|       1028|
 8|   5.000E+02|                 Infinity|   3.5223497683817342E-02|        806|
 8|   5.400E+02|                 Infinity|   4.1134503489486357E-02|        591|
 8|   5.800E+02|                 Infinity|   4.9937616943892232E-02|        401|
 8|   6.200E+02|                 Infinity|   6.0858061945018457E-02|        270|
 8|   6.600E+02|                 Infinity|   7.2357460529242162E-02|        191|
 8|   7.000E+02|                 Infinity|   8.3045479853739973E-02|        145|
 8|   7.400E+02|                 Infinity|   9.7128586235726413E-02|        106|
 8|   7.800E+02|                 Infinity|   1.1043152607484653E-01|         82|
 8|   8.200E+02|                 Infinity|   1.2216944435630522E-01|         67|
 8|   8.600E+02|                 Infinity|   1.3867504905630729E-01|         52|
 8|   9.000E+02|                 Infinity|   1.4744195615489714E-01|         46|
 8|   9.400E+02|                 Infinity|   2.0412414523193154E-01|         24|
 8|   9.800E+02|                 Infinity|   2.1821789023599239E-01|         21|
 8|   1.020E+03|                 Infinity|   2.5819888974716110E-01|         15|
 8|   1.060E+03|                 Infinity|   2.5000000000000000E-01|         16|
 8|   1.100E+03|                 Infinity|   2.6726124191242440E-01|         14|
 8|   1.140E+03|                 Infinity|   4.0824829046386307E-01|          6|
 8|   1.180E+03|                 Infinity|   3.1622776601683794E-01|         10|
 8|   1.220E+03|                 Infinity|   3.7796447300922720E-01|          7|
 8|   1.260E+03|                 Infinity|   4.0824829046386307E-01|          6|
 8|   1.300E+03|                 Infinity|   4.0824829046386307E-01|          6|
 8|   1.340E+03|                 Infinity|   3.5355339059327373E-01|          8|
 8|   1.380E+03|                 Infinity|   5.7735026918962584E-01|          3|
 8|   1.420E+03|                 Infinity|   5.0000000000000000E-01|          4|
 8|   1.460E+03|                 Infinity|   5.7735026918962584E-01|          3|
 8|   1.500E+03|                 Infinity|   1.0000000000000000E+00|          1|
 8|   1.540E+03|                 Infinity|   7.0710678118654746E-01|          2|
 8|   1.580E+03|                 Infinity|   1.0000000000000000E+00|          1|
 8|   1.620E+03|                      NaN|   0.0000000000000000E+00|          0|
 8|   1.660E+03|                 Infinity|   7.0710678118654746E-01|          2|
 8|   1.700E+03|                 Infinity|   1.0000000000000000E+00|          1|
 8|   1.740E+03|                 Infinity|   5.7735026918962584E-01|          3|
 8|   1.780E+03|                 Infinity|   4.4721359549995793E-01|          5|
 8|   1.820E+03|                 Infinity|   1.0000000000000000E+00|          1|
 8|   1.860E+03|                 Infinity|   7.0710678118654746E-01|          2|
 8|   1.900E+03|                 Infinity|   1.0000000000000000E+00|          1|
 8|   1.940E+03|                      NaN|   0.0000000000000000E+00|          0|
 8|   1.980E+03|                 Infinity|   7.0710678118654746E-01|          2|
 8|   2.020E+03|                 Infinity|   5.7735026918962584E-01|          3|
 8|   2.060E+03|                      NaN|   0.0000000000000000E+00|          0|
 8|   2.100E+03|                      NaN|   0.0000000000000000E+00|          0|
 8|   2.140E+03|                      NaN|   0.0000000000000000E+00|          0|
 8|   2.180E+03|                 Infinity|   1.0000000000000000E+00|          1|
 8|   2.220E+03|                      NaN|   0.0000000000000000E+00|          0|
 8|   2.260E+03|                      NaN|   0.0000000000000000E+00|          0|
 8|   2.300E+03|                 Infinity|   1.0000000000000000E+00|          1|
 8|   2.340E+03|                      NaN|   0.0000000000000000E+00|          0|
 8|   2.380E+03|                 Infinity|   7.0710678118654746E-01|          2|
 8|   2.420E+03|                 Infinity|   1.0000000000000000E+00|          1|
 8|   2.460E+03|                      NaN|   0.0000000000000000E+00|          0|
 8|   2.500E+03|                      NaN|   0.0000000000000000E+00|          0|
 8|   2.540E+03|                      NaN|   0.0000000000000000E+00|          0|
 8|   2.580E+03|                      NaN|   0.0000000000000000E+00|          0|
 8|   2.620E+03|                      NaN|   0.0000000000000000E+00|          0|
 8|   2.660E+03|                      NaN|   0.0000000000000000E+00|          0|
 8|   2.700E+03|                      NaN|   0.0000000000000000E+00|          0|
 8|   2.740E+03|                      NaN|   0.0000000000000000E+00|          0|
 8|   2.780E+03|                 Infinity|   7.0710678118654746E-01|          2|
 8|   2.820E+03|                      NaN|   0.0000000000000000E+00|          0|
 8|   2.860E+03|                      NaN|   0.0000000000000000E+00|          0|
 8|   2.900E+03|                      NaN|   0.0000000000000000E+00|          0|
 8|   2.940E+03|                 Infinity|   1.0000000000000000E+00|          1|
 8|   2.980E+03|                      NaN|   0.0000000000000000E+00|          0|
 8|   3.020E+03|                      NaN|   0.0000000000000000E+00|          0|
 8|   3.060E+03|                      NaN|   0.0000000000000000E+00|          0|
 8|   3.100E+03|                      NaN|   0.0000000000000000E+00|          0|
 8|   3.140E+03|                      NaN|   0.0000000000000000E+00|          0|
 8|   3.180E+03|                      NaN|   0.0000000000000000E+00|          0|
 8|   3.220E+03|                      NaN|   0.0000000000000000E+00|          0|
 8|   3.260E+03|                      NaN|   0.0000000000000000E+00|          0|
 8|   3.300E+03|                      NaN|   0.0000000000000000E+00|          0|
 8|   3.340E+03|                      NaN|   0.0000000000000000E+00|          0|
 8|   3.380E+03|                      NaN|   0.0000000000000000E+00|          0|
 8|   3.420E+03|                      NaN|   0.0000000000000000E+00|          0|
 8|   3.460E+03|                      NaN|   0.0000000000000000E+00|          0|
 8|   3.500E+03|                      NaN|   0.0000000000000000E+00|          0|
 8|   3.540E+03|                      NaN|   0.0000000000000000E+00|          0|
 8|   3.580E+03|                      NaN|   0.0000000000000000E+00|          0|
 8|   3.620E+03|                      NaN|   0.0000000000000000E+00|          0|
 8|   3.660E+03|                      NaN|   0.0000000000000000E+00|          0|
 8|   3.700E+03|                      NaN|   0.0000000000000000E+00|          0|
 8|   3.740E+03|                      NaN|   0.0000000000000000E+00|          0|
 8|   3.780E+03|                      NaN|   0.0000000000000000E+00|          0|
 8|   3.820E+03|                      NaN|   0.0000000000000000E+00|          0|
 8|   3.860E+03|                      NaN|   0.0000000000000000E+00|          0|
 8|   3.900E+03|                      NaN|   0.0000000000000000E+00|          0|
 8|   3.940E+03|                      NaN|   0.0000000000000000E+00|          0|
 8|   3.980E+03|                      NaN|   0.0000000000000000E+00|          0|
 8|   4.020E+03|                      NaN|   0.0000000000000000E+00|          0|
 8|   4.060E+03|                      NaN|   0.0000000000000000E+00|          0|
# integrated result:   2.9486389997865452E-05
#
# Histogram 9: m_4l                                              
 9|   8.500E+01|                 Infinity|   5.4312544659356844E-02|        339|
 9|   8.600E+01|                 Infinity|   5.3916386601719206E-02|        344|
 9|   8.700E+01|                 Infinity|   5.6433264798310033E-02|        314|
 9|   8.800E+01|                 Infinity|   5.8321184351980429E-02|        294|
 9|   8.900E+01|                 Infinity|   6.0633906259083242E-02|        272|
 9|   9.000E+01|                 Infinity|   6.4282434653322507E-02|        242|
 9|   9.100E+01|                 Infinity|   6.4282434653322507E-02|        242|
 9|   9.200E+01|                 Infinity|   6.0745673923078697E-02|        271|
 9|   9.300E+01|                 Infinity|   6.0858061945018457E-02|        270|
 9|   9.400E+01|                 Infinity|   6.1780206321521543E-02|        262|
 9|   9.500E+01|                 Infinity|   6.6964953018242512E-02|        223|
 9|   9.600E+01|                 Infinity|   6.2869461346193145E-02|        253|
 9|   9.700E+01|                 Infinity|   6.0522753266880246E-02|        273|
 9|   9.800E+01|                 Infinity|   6.3500063500095252E-02|        248|
 9|   9.900E+01|                 Infinity|   5.9443829827776400E-02|        283|
 9|   1.000E+02|                 Infinity|   5.7448498962142602E-02|        303|
 9|   1.010E+02|                 Infinity|   5.8621038176054921E-02|        291|
 9|   1.020E+02|                 Infinity|   5.2486388108147798E-02|        363|
 9|   1.030E+02|                 Infinity|   5.3300179088902604E-02|        352|
 9|   1.040E+02|                 Infinity|   5.3376051268362382E-02|        351|
 9|   1.050E+02|                 Infinity|   5.2631578947368418E-02|        361|
 9|   1.060E+02|                 Infinity|   5.6077215409204434E-02|        318|
 9|   1.070E+02|                 Infinity|   5.3149400345273393E-02|        354|
 9|   1.080E+02|                 Infinity|   5.0832856777534893E-02|        387|
 9|   1.090E+02|                 Infinity|   5.4153036107388232E-02|        341|
 9|   1.100E+02|                 Infinity|   5.1778037307849772E-02|        373|
 9|   1.110E+02|                 Infinity|   5.2925612402496311E-02|        357|
 9|   1.120E+02|                 Infinity|   5.3916386601719206E-02|        344|
 9|   1.130E+02|                 Infinity|   5.2414241836095915E-02|        364|
 9|   1.140E+02|                 Infinity|   5.3605626741889741E-02|        348|
 9|   1.150E+02|                 Infinity|   5.2414241836095915E-02|        364|
 9|   1.160E+02|                 Infinity|   5.1434449987363969E-02|        378|
 9|   1.170E+02|                 Infinity|   5.3682812709501898E-02|        347|
 9|   1.180E+02|                 Infinity|   5.1708768999501914E-02|        374|
 9|   1.190E+02|                 Infinity|   5.3528772757218922E-02|        349|
 9|   1.200E+02|                 Infinity|   5.2925612402496311E-02|        357|
 9|   1.210E+02|                 Infinity|   5.1708768999501914E-02|        374|
 9|   1.220E+02|                 Infinity|   5.1298917604257706E-02|        380|
 9|   1.230E+02|                 Infinity|   5.0507627227610534E-02|        392|
 9|   1.240E+02|                 Infinity|   5.3916386601719206E-02|        344|
 9|   1.250E+02|                 Infinity|   5.5641488407465724E-02|        323|
 9|   1.260E+02|                 Infinity|   5.2631578947368418E-02|        361|
 9|   1.270E+02|                 Infinity|   5.4073807043587517E-02|        342|
 9|   1.280E+02|                 Infinity|   5.2999894000318001E-02|        356|
 9|   1.290E+02|                 Infinity|   5.4153036107388232E-02|        341|
 9|   1.300E+02|                 Infinity|   5.3682812709501898E-02|        347|
 9|   1.310E+02|                 Infinity|   5.2342392259021375E-02|        365|
 9|   1.320E+02|                 Infinity|   5.4554472558998097E-02|        336|
 9|   1.330E+02|                 Infinity|   5.6433264798310033E-02|        314|
 9|   1.340E+02|                 Infinity|   5.4232614454664041E-02|        340|
# integrated result:   2.9486389997865327E-05
#
# Histogram10: Phi1                                              
10|  -3.142E+00|                 Infinity|   2.7618408833305373E-02|       1311|
10|  -2.985E+00|                 Infinity|   2.7186362391351842E-02|       1353|
10|  -2.827E+00|                 Infinity|   2.6793191107712163E-02|       1393|
10|  -2.670E+00|                 Infinity|   2.5976216673306556E-02|       1482|
10|  -2.513E+00|                 Infinity|   2.4433888871261047E-02|       1675|
10|  -2.356E+00|                 Infinity|   2.3205666587415449E-02|       1857|
10|  -2.199E+00|                 Infinity|   2.2027286681836327E-02|       2061|
10|  -2.042E+00|                 Infinity|   2.1223817998900444E-02|       2220|
10|  -1.885E+00|                 Infinity|   2.0828813681835669E-02|       2305|
10|  -1.728E+00|                 Infinity|   2.1228599753607712E-02|       2219|
10|  -1.571E+00|                 Infinity|   2.1698151830137308E-02|       2124|
10|  -1.414E+00|                 Infinity|   2.1295885499997998E-02|       2205|
10|  -1.257E+00|                 Infinity|   2.2439355443260010E-02|       1986|
10|  -1.100E+00|                 Infinity|   2.2211256407479878E-02|       2027|
10|  -9.425E-01|                 Infinity|   2.2977882942966148E-02|       1894|
10|  -7.854E-01|                 Infinity|   2.4021532944603168E-02|       1733|
10|  -6.283E-01|                 Infinity|   2.6082026547865053E-02|       1470|
10|  -4.713E-01|                 Infinity|   2.7513674254937545E-02|       1321|
10|  -3.142E-01|                 Infinity|   2.8867513459481284E-02|       1200|
10|  -1.571E-01|                 Infinity|   2.8891599832849384E-02|       1198|
10|  -3.000E-05|                 Infinity|   2.8831496585244601E-02|       1203|
10|   1.570E-01|                 Infinity|   2.7399831217559550E-02|       1332|
10|   3.141E-01|                 Infinity|   2.6726124191242435E-02|       1400|
10|   4.712E-01|                 Infinity|   2.5532146059408262E-02|       1534|
10|   6.283E-01|                 Infinity|   2.4397501823713332E-02|       1680|
10|   7.854E-01|                 Infinity|   2.3363465675799888E-02|       1832|
10|   9.424E-01|                 Infinity|   2.2484687520664393E-02|       1978|
10|   1.100E+00|                 Infinity|   2.2332781224177669E-02|       2005|
10|   1.257E+00|                 Infinity|   2.1672657576438381E-02|       2129|
10|   1.414E+00|                 Infinity|   2.1591675854376522E-02|       2145|
10|   1.571E+00|                 Infinity|   2.0837855928270654E-02|       2303|
10|   1.728E+00|                 Infinity|   2.0924348765934360E-02|       2284|
10|   1.885E+00|                 Infinity|   2.1176177494381335E-02|       2230|
10|   2.042E+00|                 Infinity|   2.1958143754552940E-02|       2074|
10|   2.199E+00|                 Infinity|   2.3524528286477348E-02|       1807|
10|   2.356E+00|                 Infinity|   2.3890924128374829E-02|       1752|
10|   2.513E+00|                 Infinity|   2.5598984252456894E-02|       1526|
10|   2.670E+00|                 Infinity|   2.6379807127383248E-02|       1437|
10|   2.827E+00|                 Infinity|   2.6135418674465834E-02|       1464|
10|   2.984E+00|                 Infinity|   2.6398183867422730E-02|       1435|
# integrated result:   2.9486389997865428E-05
#
