#
# column #1=histogram, #2=x-axis bin, #3=binned cross-section, #4=error, #5=number of events 
# this can be easily plotted in gnuplot with the commands:
#    NHi=3
#    plot 'output.dat' using ($2):($1==NHi ? $3 : 1/0) w st
# where NHi selects the histogram
#
#
# run time =      -0.00min
# TotCS =      7.3623143593E-04           1.20540E-04
#
# Histogram 1: m_jj                                              
 1|   0.000E+00|                      NaN|   0.0000000000000000E+00|          0|
 1|   5.000E+01|                 Infinity|   3.7643761947477586E-03|      70569|
 1|   1.000E+02|                 Infinity|   2.4544034683690801E-02|       1660|
 1|   1.500E+02|                 Infinity|   9.4915799575249898E-02|        111|
 1|   2.000E+02|                 Infinity|   1.7407765595569785E-01|         33|
 1|   2.500E+02|                 Infinity|   2.7735009811261457E-01|         13|
 1|   3.000E+02|                 Infinity|   3.7796447300922720E-01|          7|
 1|   3.500E+02|                      NaN|   0.0000000000000000E+00|          0|
 1|   4.000E+02|                      NaN|   0.0000000000000000E+00|          0|
 1|   4.500E+02|                      NaN|   0.0000000000000000E+00|          0|
 1|   5.000E+02|                      NaN|   0.0000000000000000E+00|          0|
 1|   5.500E+02|                      NaN|   0.0000000000000000E+00|          0|
 1|   6.000E+02|                      NaN|   0.0000000000000000E+00|          0|
 1|   6.500E+02|                      NaN|   0.0000000000000000E+00|          0|
 1|   7.000E+02|                      NaN|   0.0000000000000000E+00|          0|
 1|   7.500E+02|                      NaN|   0.0000000000000000E+00|          0|
 1|   8.000E+02|                      NaN|   0.0000000000000000E+00|          0|
 1|   8.500E+02|                      NaN|   0.0000000000000000E+00|          0|
 1|   9.000E+02|                      NaN|   0.0000000000000000E+00|          0|
 1|   9.500E+02|                      NaN|   0.0000000000000000E+00|          0|
 1|   1.000E+03|                      NaN|   0.0000000000000000E+00|          0|
 1|   1.050E+03|                      NaN|   0.0000000000000000E+00|          0|
 1|   1.100E+03|                      NaN|   0.0000000000000000E+00|          0|
 1|   1.150E+03|                      NaN|   0.0000000000000000E+00|          0|
 1|   1.200E+03|                      NaN|   0.0000000000000000E+00|          0|
 1|   1.250E+03|                      NaN|   0.0000000000000000E+00|          0|
 1|   1.300E+03|                      NaN|   0.0000000000000000E+00|          0|
 1|   1.350E+03|                      NaN|   0.0000000000000000E+00|          0|
 1|   1.400E+03|                      NaN|   0.0000000000000000E+00|          0|
 1|   1.450E+03|                      NaN|   0.0000000000000000E+00|          0|
 1|   1.500E+03|                      NaN|   0.0000000000000000E+00|          0|
 1|   1.550E+03|                      NaN|   0.0000000000000000E+00|          0|
 1|   1.600E+03|                      NaN|   0.0000000000000000E+00|          0|
 1|   1.650E+03|                      NaN|   0.0000000000000000E+00|          0|
 1|   1.700E+03|                      NaN|   0.0000000000000000E+00|          0|
 1|   1.750E+03|                      NaN|   0.0000000000000000E+00|          0|
 1|   1.800E+03|                      NaN|   0.0000000000000000E+00|          0|
 1|   1.850E+03|                      NaN|   0.0000000000000000E+00|          0|
 1|   1.900E+03|                      NaN|   0.0000000000000000E+00|          0|
 1|   1.950E+03|                      NaN|   0.0000000000000000E+00|          0|
 1|   2.000E+03|                      NaN|   0.0000000000000000E+00|          0|
 1|   2.050E+03|                      NaN|   0.0000000000000000E+00|          0|
 1|   2.100E+03|                      NaN|   0.0000000000000000E+00|          0|
 1|   2.150E+03|                      NaN|   0.0000000000000000E+00|          0|
 1|   2.200E+03|                      NaN|   0.0000000000000000E+00|          0|
 1|   2.250E+03|                      NaN|   0.0000000000000000E+00|          0|
 1|   2.300E+03|                      NaN|   0.0000000000000000E+00|          0|
 1|   2.350E+03|                      NaN|   0.0000000000000000E+00|          0|
 1|   2.400E+03|                      NaN|   0.0000000000000000E+00|          0|
 1|   2.450E+03|                      NaN|   0.0000000000000000E+00|          0|
 1|   2.500E+03|                      NaN|   0.0000000000000000E+00|          0|
 1|   2.550E+03|                      NaN|   0.0000000000000000E+00|          0|
 1|   2.600E+03|                      NaN|   0.0000000000000000E+00|          0|
 1|   2.650E+03|                      NaN|   0.0000000000000000E+00|          0|
 1|   2.700E+03|                      NaN|   0.0000000000000000E+00|          0|
 1|   2.750E+03|                      NaN|   0.0000000000000000E+00|          0|
 1|   2.800E+03|                      NaN|   0.0000000000000000E+00|          0|
 1|   2.850E+03|                      NaN|   0.0000000000000000E+00|          0|
 1|   2.900E+03|                      NaN|   0.0000000000000000E+00|          0|
 1|   2.950E+03|                      NaN|   0.0000000000000000E+00|          0|
 1|   3.000E+03|                      NaN|   0.0000000000000000E+00|          0|
 1|   3.050E+03|                      NaN|   0.0000000000000000E+00|          0|
 1|   3.100E+03|                      NaN|   0.0000000000000000E+00|          0|
 1|   3.150E+03|                      NaN|   0.0000000000000000E+00|          0|
 1|   3.200E+03|                      NaN|   0.0000000000000000E+00|          0|
 1|   3.250E+03|                      NaN|   0.0000000000000000E+00|          0|
 1|   3.300E+03|                      NaN|   0.0000000000000000E+00|          0|
 1|   3.350E+03|                      NaN|   0.0000000000000000E+00|          0|
 1|   3.400E+03|                      NaN|   0.0000000000000000E+00|          0|
 1|   3.450E+03|                      NaN|   0.0000000000000000E+00|          0|
 1|   3.500E+03|                      NaN|   0.0000000000000000E+00|          0|
 1|   3.550E+03|                      NaN|   0.0000000000000000E+00|          0|
 1|   3.600E+03|                      NaN|   0.0000000000000000E+00|          0|
 1|   3.650E+03|                      NaN|   0.0000000000000000E+00|          0|
 1|   3.700E+03|                      NaN|   0.0000000000000000E+00|          0|
 1|   3.750E+03|                      NaN|   0.0000000000000000E+00|          0|
 1|   3.800E+03|                      NaN|   0.0000000000000000E+00|          0|
 1|   3.850E+03|                      NaN|   0.0000000000000000E+00|          0|
 1|   3.900E+03|                      NaN|   0.0000000000000000E+00|          0|
 1|   3.950E+03|                      NaN|   0.0000000000000000E+00|          0|
 1|   4.000E+03|                      NaN|   0.0000000000000000E+00|          0|
 1|   4.050E+03|                      NaN|   0.0000000000000000E+00|          0|
 1|   4.100E+03|                      NaN|   0.0000000000000000E+00|          0|
 1|   4.150E+03|                      NaN|   0.0000000000000000E+00|          0|
 1|   4.200E+03|                      NaN|   0.0000000000000000E+00|          0|
 1|   4.250E+03|                      NaN|   0.0000000000000000E+00|          0|
 1|   4.300E+03|                      NaN|   0.0000000000000000E+00|          0|
 1|   4.350E+03|                      NaN|   0.0000000000000000E+00|          0|
 1|   4.400E+03|                      NaN|   0.0000000000000000E+00|          0|
 1|   4.450E+03|                      NaN|   0.0000000000000000E+00|          0|
 1|   4.500E+03|                      NaN|   0.0000000000000000E+00|          0|
 1|   4.550E+03|                      NaN|   0.0000000000000000E+00|          0|
 1|   4.600E+03|                      NaN|   0.0000000000000000E+00|          0|
 1|   4.650E+03|                      NaN|   0.0000000000000000E+00|          0|
 1|   4.700E+03|                      NaN|   0.0000000000000000E+00|          0|
 1|   4.750E+03|                      NaN|   0.0000000000000000E+00|          0|
 1|   4.800E+03|                      NaN|   0.0000000000000000E+00|          0|
 1|   4.850E+03|                      NaN|   0.0000000000000000E+00|          0|
 1|   4.900E+03|                      NaN|   0.0000000000000000E+00|          0|
 1|   4.950E+03|                      NaN|   0.0000000000000000E+00|          0|
# integrated result:   7.3623143592661149E-04
#
# Histogram 2: m_jj                                              
 2|   0.000E+00|                      NaN|   0.0000000000000000E+00|          0|
 2|   2.000E+00|                      NaN|   0.0000000000000000E+00|          0|
 2|   4.000E+00|                      NaN|   0.0000000000000000E+00|          0|
 2|   6.000E+00|                      NaN|   0.0000000000000000E+00|          0|
 2|   8.000E+00|                      NaN|   0.0000000000000000E+00|          0|
 2|   1.000E+01|                      NaN|   0.0000000000000000E+00|          0|
 2|   1.200E+01|                      NaN|   0.0000000000000000E+00|          0|
 2|   1.400E+01|                      NaN|   0.0000000000000000E+00|          0|
 2|   1.600E+01|                      NaN|   0.0000000000000000E+00|          0|
 2|   1.800E+01|                      NaN|   0.0000000000000000E+00|          0|
 2|   2.000E+01|                      NaN|   0.0000000000000000E+00|          0|
 2|   2.200E+01|                      NaN|   0.0000000000000000E+00|          0|
 2|   2.400E+01|                      NaN|   0.0000000000000000E+00|          0|
 2|   2.600E+01|                      NaN|   0.0000000000000000E+00|          0|
 2|   2.800E+01|                      NaN|   0.0000000000000000E+00|          0|
 2|   3.000E+01|                      NaN|   0.0000000000000000E+00|          0|
 2|   3.200E+01|                      NaN|   0.0000000000000000E+00|          0|
 2|   3.400E+01|                      NaN|   0.0000000000000000E+00|          0|
 2|   3.600E+01|                      NaN|   0.0000000000000000E+00|          0|
 2|   3.800E+01|                      NaN|   0.0000000000000000E+00|          0|
 2|   4.000E+01|                      NaN|   0.0000000000000000E+00|          0|
 2|   4.200E+01|                      NaN|   0.0000000000000000E+00|          0|
 2|   4.400E+01|                      NaN|   0.0000000000000000E+00|          0|
 2|   4.600E+01|                      NaN|   0.0000000000000000E+00|          0|
 2|   4.800E+01|                      NaN|   0.0000000000000000E+00|          0|
 2|   5.000E+01|                      NaN|   0.0000000000000000E+00|          0|
 2|   5.200E+01|                      NaN|   0.0000000000000000E+00|          0|
 2|   5.400E+01|                      NaN|   0.0000000000000000E+00|          0|
 2|   5.600E+01|                      NaN|   0.0000000000000000E+00|          0|
 2|   5.800E+01|                      NaN|   0.0000000000000000E+00|          0|
 2|   6.000E+01|                      NaN|   0.0000000000000000E+00|          0|
 2|   6.200E+01|                      NaN|   0.0000000000000000E+00|          0|
 2|   6.400E+01|                      NaN|   0.0000000000000000E+00|          0|
 2|   6.600E+01|                      NaN|   0.0000000000000000E+00|          0|
 2|   6.800E+01|                      NaN|   0.0000000000000000E+00|          0|
 2|   7.000E+01|                 Infinity|   3.2897584747988450E-02|        924|
 2|   7.200E+01|                 Infinity|   3.6369648372665396E-02|        756|
 2|   7.400E+01|                 Infinity|   3.7769478730024897E-02|        701|
 2|   7.600E+01|                 Infinity|   3.7267799624996496E-02|        720|
 2|   7.800E+01|                 Infinity|   3.8924947208076148E-02|        660|
 2|   8.000E+01|                 Infinity|   3.6131468676496206E-02|        766|
 2|   8.200E+01|                 Infinity|   2.8795614186045339E-02|       1206|
 2|   8.400E+01|                 Infinity|   2.3243246638896761E-02|       1851|
 2|   8.600E+01|                 Infinity|   2.0910620378169383E-02|       2287|
 2|   8.800E+01|                 Infinity|   1.1309004931072149E-02|       7819|
 2|   9.000E+01|                 Infinity|   6.6779545299089854E-03|      22424|
 2|   9.200E+01|                 Infinity|   6.4092030446408427E-03|      24344|
 2|   9.400E+01|                 Infinity|   1.5470907239054392E-02|       4178|
 2|   9.600E+01|                 Infinity|   2.8976379389987237E-02|       1191|
 2|   9.800E+01|                 Infinity|   3.6711154910717615E-02|        742|
 2|   1.000E+02|                 Infinity|   4.4411559168432757E-02|        507|
 2|   1.020E+02|                 Infinity|   6.1898446059017294E-02|        261|
 2|   1.040E+02|                 Infinity|   8.0321932890249886E-02|        155|
 2|   1.060E+02|                 Infinity|   9.7590007294853329E-02|        105|
 2|   1.080E+02|                 Infinity|   1.2403473458920847E-01|         65|
 2|   1.100E+02|                 Infinity|   1.2038585308576920E-01|         69|
 2|   1.120E+02|                 Infinity|   1.3608276348795434E-01|         54|
 2|   1.140E+02|                 Infinity|   1.5249857033260467E-01|         43|
 2|   1.160E+02|                 Infinity|   1.5811388300841897E-01|         40|
 2|   1.180E+02|                 Infinity|   1.6222142113076254E-01|         38|
 2|   1.200E+02|                 Infinity|   1.8257418583505536E-01|         30|
 2|   1.220E+02|                 Infinity|   1.8898223650461360E-01|         28|
 2|   1.240E+02|                 Infinity|   1.8257418583505536E-01|         30|
 2|   1.260E+02|                 Infinity|   1.7149858514250882E-01|         34|
 2|   1.280E+02|                 Infinity|   1.8569533817705186E-01|         29|
 2|   1.300E+02|                 Infinity|   1.9245008972987526E-01|         27|
 2|   1.320E+02|                 Infinity|   2.2941573387056174E-01|         19|
 2|   1.340E+02|                 Infinity|   2.0412414523193154E-01|         24|
 2|   1.360E+02|                 Infinity|   2.3570226039551587E-01|         18|
 2|   1.380E+02|                 Infinity|   2.3570226039551587E-01|         18|
 2|   1.400E+02|                 Infinity|   2.7735009811261457E-01|         13|
 2|   1.420E+02|                 Infinity|   3.5355339059327373E-01|          8|
 2|   1.440E+02|                 Infinity|   2.3570226039551587E-01|         18|
 2|   1.460E+02|                 Infinity|   2.3570226039551587E-01|         18|
 2|   1.480E+02|                 Infinity|   3.3333333333333331E-01|          9|
 2|   1.500E+02|                 Infinity|   3.7796447300922720E-01|          7|
 2|   1.520E+02|                 Infinity|   3.5355339059327373E-01|          8|
 2|   1.540E+02|                 Infinity|   3.0151134457776363E-01|         11|
 2|   1.560E+02|                 Infinity|   3.3333333333333331E-01|          9|
 2|   1.580E+02|                 Infinity|   4.4721359549995793E-01|          5|
 2|   1.600E+02|                 Infinity|   4.0824829046386307E-01|          6|
 2|   1.620E+02|                 Infinity|   4.0824829046386307E-01|          6|
 2|   1.640E+02|                 Infinity|   3.3333333333333331E-01|          9|
 2|   1.660E+02|                 Infinity|   5.0000000000000000E-01|          4|
 2|   1.680E+02|                 Infinity|   4.0824829046386307E-01|          6|
 2|   1.700E+02|                 Infinity|   4.0824829046386307E-01|          6|
 2|   1.720E+02|                 Infinity|   5.0000000000000000E-01|          4|
 2|   1.740E+02|                 Infinity|   4.0824829046386307E-01|          6|
 2|   1.760E+02|                 Infinity|   5.7735026918962584E-01|          3|
 2|   1.780E+02|                 Infinity|   7.0710678118654746E-01|          2|
 2|   1.800E+02|                 Infinity|   5.7735026918962584E-01|          3|
 2|   1.820E+02|                 Infinity|   5.7735026918962584E-01|          3|
 2|   1.840E+02|                 Infinity|   7.0710678118654746E-01|          2|
 2|   1.860E+02|                 Infinity|   5.0000000000000000E-01|          4|
 2|   1.880E+02|                 Infinity|   5.0000000000000000E-01|          4|
 2|   1.900E+02|                 Infinity|   1.0000000000000000E+00|          1|
 2|   1.920E+02|                      NaN|   0.0000000000000000E+00|          0|
 2|   1.940E+02|                      NaN|   0.0000000000000000E+00|          0|
 2|   1.960E+02|                 Infinity|   1.0000000000000000E+00|          1|
 2|   1.980E+02|                 Infinity|   1.0000000000000000E+00|          1|
# integrated result:   7.3623143592661236E-04
#
# Histogram 3: pT(H)                                             
 3|   0.000E+00|                 Infinity|   2.0580314465491474E-02|       2361|
 3|   1.000E+01|                 Infinity|   1.4417246421833164E-02|       4811|
 3|   2.000E+01|                 Infinity|   1.4485149470493669E-02|       4766|
 3|   3.000E+01|                 Infinity|   1.5657526209203989E-02|       4079|
 3|   4.000E+01|                 Infinity|   1.5361001225823307E-02|       4238|
 3|   5.000E+01|                 Infinity|   1.4990633779917228E-02|       4450|
 3|   6.000E+01|                 Infinity|   1.4852759212012272E-02|       4533|
 3|   7.000E+01|                 Infinity|   1.5225092140633310E-02|       4314|
 3|   8.000E+01|                 Infinity|   1.5332086374349154E-02|       4254|
 3|   9.000E+01|                 Infinity|   1.5779860077445078E-02|       4016|
 3|   1.000E+02|                 Infinity|   1.6590798971560294E-02|       3633|
 3|   1.100E+02|                 Infinity|   1.7107143980890235E-02|       3417|
 3|   1.200E+02|                 Infinity|   1.8337052057075968E-02|       2974|
 3|   1.300E+02|                 Infinity|   1.9020896422713339E-02|       2764|
 3|   1.400E+02|                 Infinity|   2.0433710736103811E-02|       2395|
 3|   1.500E+02|                 Infinity|   2.2107884414269093E-02|       2046|
 3|   1.600E+02|                 Infinity|   2.3281009858985940E-02|       1845|
 3|   1.700E+02|                 Infinity|   2.5302269968462875E-02|       1562|
 3|   1.800E+02|                 Infinity|   2.7196414661021059E-02|       1352|
 3|   1.900E+02|                 Infinity|   2.9787773436724965E-02|       1127|
 3|   2.000E+02|                 Infinity|   3.1622776601683791E-02|       1000|
 3|   2.100E+02|                 Infinity|   3.3883707378584857E-02|        871|
 3|   2.200E+02|                 Infinity|   3.8691161626706841E-02|        668|
 3|   2.300E+02|                 Infinity|   3.8895492079220696E-02|        661|
 3|   2.400E+02|                 Infinity|   4.0824829046386304E-02|        600|
 3|   2.500E+02|                 Infinity|   4.5786854649563009E-02|        477|
 3|   2.600E+02|                 Infinity|   4.9446817643414874E-02|        409|
 3|   2.700E+02|                 Infinity|   5.3916386601719206E-02|        344|
 3|   2.800E+02|                 Infinity|   5.5901699437494741E-02|        320|
 3|   2.900E+02|                 Infinity|   6.2378286155180533E-02|        257|
 3|   3.000E+02|                 Infinity|   6.4415662640083082E-02|        241|
 3|   3.100E+02|                 Infinity|   7.3127242412713067E-02|        187|
 3|   3.200E+02|                 Infinity|   7.3323557510676651E-02|        186|
 3|   3.300E+02|                 Infinity|   7.3720978077448568E-02|        184|
 3|   3.400E+02|                 Infinity|   9.9503719020998915E-02|        101|
 3|   3.500E+02|                 Infinity|   8.9087080637474794E-02|        126|
 3|   3.600E+02|                 Infinity|   9.5782628522115137E-02|        109|
 3|   3.700E+02|                 Infinity|   1.0599978800063600E-01|         89|
 3|   3.800E+02|                 Infinity|   1.1952286093343936E-01|         70|
 3|   3.900E+02|                 Infinity|   1.1322770341445956E-01|         78|
 3|   4.000E+02|                 Infinity|   1.3363062095621220E-01|         56|
 3|   4.100E+02|                 Infinity|   1.3736056394868904E-01|         53|
 3|   4.200E+02|                 Infinity|   1.5811388300841897E-01|         40|
 3|   4.300E+02|                 Infinity|   1.7149858514250882E-01|         34|
 3|   4.400E+02|                 Infinity|   1.5617376188860607E-01|         41|
 3|   4.500E+02|                 Infinity|   1.9245008972987526E-01|         27|
 3|   4.600E+02|                 Infinity|   2.5000000000000000E-01|         16|
 3|   4.700E+02|                 Infinity|   2.5000000000000000E-01|         16|
 3|   4.800E+02|                 Infinity|   1.8898223650461360E-01|         28|
 3|   4.900E+02|                 Infinity|   2.1821789023599239E-01|         21|
# integrated result:   7.3623143592660856E-04
#
# Histogram 4: pT(j1)                                            
 4|   0.000E+00|                      NaN|   0.0000000000000000E+00|          0|
 4|   1.000E+01|                 Infinity|   6.7573737839948592E-02|        219|
 4|   2.000E+01|                 Infinity|   2.5342864042323516E-02|       1557|
 4|   3.000E+01|                 Infinity|   1.5969877280748043E-02|       3921|
 4|   4.000E+01|                 Infinity|   1.1720985813870894E-02|       7279|
 4|   5.000E+01|                 Infinity|   1.0946791076437897E-02|       8345|
 4|   6.000E+01|                 Infinity|   1.1315519126906889E-02|       7810|
 4|   7.000E+01|                 Infinity|   1.1979699629569004E-02|       6968|
 4|   8.000E+01|                 Infinity|   1.2819459325065830E-02|       6085|
 4|   9.000E+01|                 Infinity|   1.3971332295024319E-02|       5123|
 4|   1.000E+02|                 Infinity|   1.4975497667455975E-02|       4459|
 4|   1.100E+02|                 Infinity|   1.6793090728662613E-02|       3546|
 4|   1.200E+02|                 Infinity|   1.8245259129220669E-02|       3004|
 4|   1.300E+02|                 Infinity|   1.9649437297296481E-02|       2590|
 4|   1.400E+02|                 Infinity|   2.2086305214969307E-02|       2050|
 4|   1.500E+02|                 Infinity|   2.4860550508181419E-02|       1618|
 4|   1.600E+02|                 Infinity|   2.7777777777777776E-02|       1296|
 4|   1.700E+02|                 Infinity|   2.9135827337403251E-02|       1178|
 4|   1.800E+02|                 Infinity|   3.3407655239053050E-02|        896|
 4|   1.900E+02|                 Infinity|   3.6107907233705945E-02|        767|
 4|   2.000E+02|                 Infinity|   4.0622223185119377E-02|        606|
 4|   2.100E+02|                 Infinity|   4.3895128130614712E-02|        519|
 4|   2.200E+02|                 Infinity|   5.0125470711708552E-02|        398|
 4|   2.300E+02|                 Infinity|   5.3916386601719206E-02|        344|
 4|   2.400E+02|                 Infinity|   5.9234887775909233E-02|        285|
 4|   2.500E+02|                 Infinity|   6.4549722436790274E-02|        240|
 4|   2.600E+02|                 Infinity|   7.4329414624716636E-02|        181|
 4|   2.700E+02|                 Infinity|   7.7382323253413682E-02|        167|
 4|   2.800E+02|                 Infinity|   8.4818892967997092E-02|        139|
 4|   2.900E+02|                 Infinity|   9.2057461789832346E-02|        118|
 4|   3.000E+02|                 Infinity|   1.0259783520851541E-01|         95|
 4|   3.100E+02|                 Infinity|   1.0259783520851541E-01|         95|
 4|   3.200E+02|                 Infinity|   1.3130643285972254E-01|         58|
 4|   3.300E+02|                 Infinity|   1.3130643285972254E-01|         58|
 4|   3.400E+02|                 Infinity|   1.2803687993289598E-01|         61|
 4|   3.500E+02|                 Infinity|   1.4586499149789456E-01|         47|
 4|   3.600E+02|                 Infinity|   1.5249857033260467E-01|         43|
 4|   3.700E+02|                 Infinity|   1.9611613513818404E-01|         26|
 4|   3.800E+02|                 Infinity|   2.0412414523193154E-01|         24|
 4|   3.900E+02|                 Infinity|   2.1821789023599239E-01|         21|
 4|   4.000E+02|                 Infinity|   2.2360679774997896E-01|         20|
 4|   4.100E+02|                 Infinity|   2.8867513459481292E-01|         12|
 4|   4.200E+02|                 Infinity|   3.3333333333333331E-01|          9|
 4|   4.300E+02|                 Infinity|   3.5355339059327373E-01|          8|
 4|   4.400E+02|                 Infinity|   2.5000000000000000E-01|         16|
 4|   4.500E+02|                 Infinity|   2.8867513459481292E-01|         12|
 4|   4.600E+02|                 Infinity|   3.1622776601683794E-01|         10|
 4|   4.700E+02|                 Infinity|   4.0824829046386307E-01|          6|
 4|   4.800E+02|                 Infinity|   5.7735026918962584E-01|          3|
 4|   4.900E+02|                 Infinity|   3.7796447300922720E-01|          7|
# integrated result:   7.3623143592660835E-04
#
# Histogram 5: dy(j1,j2)                                         
 5|  -5.000E+00|                      NaN|   0.0000000000000000E+00|          0|
 5|  -4.800E+00|                      NaN|   0.0000000000000000E+00|          0|
 5|  -4.600E+00|                      NaN|   0.0000000000000000E+00|          0|
 5|  -4.400E+00|                 Infinity|   1.0000000000000000E+00|          1|
 5|  -4.200E+00|                 Infinity|   4.4721359549995793E-01|          5|
 5|  -4.000E+00|                 Infinity|   3.3333333333333331E-01|          9|
 5|  -3.800E+00|                 Infinity|   1.9245008972987526E-01|         27|
 5|  -3.600E+00|                 Infinity|   1.3245323570650439E-01|         57|
 5|  -3.400E+00|                 Infinity|   1.0206207261596577E-01|         96|
 5|  -3.200E+00|                 Infinity|   7.7849894416152296E-02|        165|
 5|  -3.000E+00|                 Infinity|   5.2128603514268693E-02|        368|
 5|  -2.800E+00|                 Infinity|   3.5691530512412487E-02|        785|
 5|  -2.600E+00|                 Infinity|   3.2933246096939213E-02|        922|
 5|  -2.400E+00|                 Infinity|   3.0457245193658632E-02|       1078|
 5|  -2.200E+00|                 Infinity|   2.6243194054073899E-02|       1452|
 5|  -2.000E+00|                 Infinity|   2.1853029968763229E-02|       2094|
 5|  -1.800E+00|                 Infinity|   2.0056236303005487E-02|       2486|
 5|  -1.600E+00|                 Infinity|   1.8321656997643758E-02|       2979|
 5|  -1.400E+00|                 Infinity|   1.5959704735425923E-02|       3926|
 5|  -1.200E+00|                 Infinity|   1.5196936606339122E-02|       4330|
 5|  -1.000E+00|                 Infinity|   1.3931955314383820E-02|       5152|
 5|  -8.000E-01|                 Infinity|   1.3162453162316410E-02|       5772|
 5|  -6.000E-01|                 Infinity|   1.2880994780963318E-02|       6027|
 5|  -4.000E-01|                 Infinity|   1.2704111461687815E-02|       6196|
 5|  -2.000E-01|                 Infinity|   1.1452717708784404E-02|       7624|
 5|   0.000E+00|                 Infinity|   1.3967243323970931E-02|       5126|
 5|   2.000E-01|                 Infinity|   1.6373653066597823E-02|       3730|
 5|   4.000E-01|                 Infinity|   1.8340135728510711E-02|       2973|
 5|   6.000E-01|                 Infinity|   2.0694577179185557E-02|       2335|
 5|   8.000E-01|                 Infinity|   2.3306287835877171E-02|       1841|
 5|   1.000E+00|                 Infinity|   2.6802813370944870E-02|       1392|
 5|   1.200E+00|                 Infinity|   3.0289126640769135E-02|       1090|
 5|   1.400E+00|                 Infinity|   3.4179296351233165E-02|        856|
 5|   1.600E+00|                 Infinity|   4.3314808182420998E-02|        533|
 5|   1.800E+00|                 Infinity|   5.2999894000318001E-02|        356|
 5|   2.000E+00|                 Infinity|   6.4282434653322507E-02|        242|
 5|   2.200E+00|                 Infinity|   8.0321932890249886E-02|        155|
 5|   2.400E+00|                 Infinity|   1.0425720702853739E-01|         92|
 5|   2.600E+00|                 Infinity|   1.3608276348795434E-01|         54|
 5|   2.800E+00|                 Infinity|   1.7149858514250882E-01|         34|
 5|   3.000E+00|                 Infinity|   2.4253562503633297E-01|         17|
 5|   3.200E+00|                 Infinity|   3.0151134457776363E-01|         11|
 5|   3.400E+00|                 Infinity|   7.0710678118654746E-01|          2|
 5|   3.600E+00|                 Infinity|   7.0710678118654746E-01|          2|
 5|   3.800E+00|                 Infinity|   1.0000000000000000E+00|          1|
 5|   4.000E+00|                      NaN|   0.0000000000000000E+00|          0|
 5|   4.200E+00|                      NaN|   0.0000000000000000E+00|          0|
 5|   4.400E+00|                      NaN|   0.0000000000000000E+00|          0|
 5|   4.600E+00|                      NaN|   0.0000000000000000E+00|          0|
 5|   4.800E+00|                      NaN|   0.0000000000000000E+00|          0|
# integrated result:   7.3623143592660867E-04
#
# Histogram 6: mz1                                               
 6|   0.000E+00|                      NaN|   0.0000000000000000E+00|          0|
 6|   2.000E+00|                      NaN|   0.0000000000000000E+00|          0|
 6|   4.000E+00|                 Infinity|   2.7907278609297381E-02|       1284|
 6|   6.000E+00|                 Infinity|   3.5874800166708763E-02|        777|
 6|   8.000E+00|                 Infinity|   3.7371754637596795E-02|        716|
 6|   1.000E+01|                 Infinity|   3.2915400933831662E-02|        923|
 6|   1.200E+01|                 Infinity|   3.2274861218395137E-02|        960|
 6|   1.400E+01|                 Infinity|   3.7164707312358318E-02|        724|
 6|   1.600E+01|                 Infinity|   4.5738935374634825E-02|        478|
 6|   1.800E+01|                 Infinity|   4.2220033092074907E-02|        561|
 6|   2.000E+01|                 Infinity|   4.0655781409087086E-02|        605|
 6|   2.200E+01|                 Infinity|   5.2999894000318001E-02|        356|
 6|   2.400E+01|                 Infinity|   4.9507377148833721E-02|        408|
 6|   2.600E+01|                 Infinity|   4.5548751867427691E-02|        482|
 6|   2.800E+01|                 Infinity|   5.0572173742417362E-02|        391|
 6|   3.000E+01|                 Infinity|   4.0389619586100968E-02|        613|
 6|   3.200E+01|                 Infinity|   3.6686441912352652E-02|        743|
 6|   3.400E+01|                 Infinity|   5.1571062312939668E-02|        376|
 6|   3.600E+01|                 Infinity|   5.2851642258168990E-02|        358|
 6|   3.800E+01|                 Infinity|   5.2342392259021375E-02|        365|
 6|   4.000E+01|                 Infinity|   5.1987524491003641E-02|        370|
 6|   4.200E+01|                 Infinity|   5.0125470711708552E-02|        398|
 6|   4.400E+01|                 Infinity|   6.2136976600120006E-02|        259|
 6|   4.600E+01|                 Infinity|   5.9443829827776400E-02|        283|
 6|   4.800E+01|                 Infinity|   6.2869461346193145E-02|        253|
 6|   5.000E+01|                 Infinity|   7.1795815861773818E-02|        194|
 6|   5.200E+01|                 Infinity|   6.5653216429861272E-02|        232|
 6|   5.400E+01|                 Infinity|   6.1545745489666362E-02|        264|
 6|   5.600E+01|                 Infinity|   6.5372045046061339E-02|        234|
 6|   5.800E+01|                 Infinity|   5.8420623783698597E-02|        293|
 6|   6.000E+01|                 Infinity|   6.8041381743977170E-02|        216|
 6|   6.200E+01|                 Infinity|   6.4018439966447988E-02|        244|
 6|   6.400E+01|                 Infinity|   6.9843029576957816E-02|        205|
 6|   6.600E+01|                 Infinity|   7.7615052570633281E-02|        166|
 6|   6.800E+01|                 Infinity|   7.2739296745330792E-02|        189|
 6|   7.000E+01|                 Infinity|   6.7115605521402430E-02|        222|
 6|   7.200E+01|                 Infinity|   5.9868434008924963E-02|        279|
 6|   7.400E+01|                 Infinity|   4.3153185200210310E-02|        537|
 6|   7.600E+01|                 Infinity|   3.3333333333333333E-02|        900|
 6|   7.800E+01|                 Infinity|   2.8295591748714637E-02|       1249|
 6|   8.000E+01|                 Infinity|   4.8168305085908802E-02|        431|
 6|   8.200E+01|                 Infinity|   3.5289233662029275E-02|        803|
 6|   8.400E+01|                 Infinity|   1.0043279352748943E-02|       9914|
 6|   8.600E+01|                 Infinity|   3.3942211665106532E-02|        868|
 6|   8.800E+01|                 Infinity|   1.2721575578197010E-02|       6179|
 6|   9.000E+01|                 Infinity|   8.1676888261311108E-03|      14990|
 6|   9.200E+01|                 Infinity|   7.8589253512871948E-03|      16191|
 6|   9.400E+01|                 Infinity|   2.4448489343954046E-02|       1673|
 6|   9.600E+01|                 Infinity|   3.3671751485073696E-02|        882|
 6|   9.800E+01|                 Infinity|   3.6860489038724284E-02|        736|
 6|   1.000E+02|                 Infinity|   5.8420623783698597E-02|        293|
 6|   1.020E+02|                 Infinity|   7.6923076923076927E-02|        169|
 6|   1.040E+02|                 Infinity|   8.7370405666103795E-02|        131|
 6|   1.060E+02|                 Infinity|   9.6225044864937631E-02|        108|
 6|   1.080E+02|                 Infinity|   1.2126781251816648E-01|         68|
 6|   1.100E+02|                 Infinity|   1.1867816581938533E-01|         71|
 6|   1.120E+02|                 Infinity|   1.4433756729740646E-01|         48|
 6|   1.140E+02|                 Infinity|   1.1250879009260240E-01|         79|
 6|   1.160E+02|                 Infinity|   1.2500000000000000E-01|         64|
 6|   1.180E+02|                 Infinity|   1.2909944487358055E-01|         60|
 6|   1.200E+02|                 Infinity|   1.3483997249264842E-01|         55|
 6|   1.220E+02|                 Infinity|   1.6439898730535729E-01|         37|
 6|   1.240E+02|                 Infinity|   1.6222142113076254E-01|         38|
 6|   1.260E+02|                 Infinity|   1.4285714285714285E-01|         49|
 6|   1.280E+02|                 Infinity|   1.8257418583505536E-01|         30|
 6|   1.300E+02|                 Infinity|   1.9611613513818404E-01|         26|
 6|   1.320E+02|                 Infinity|   1.8898223650461360E-01|         28|
 6|   1.340E+02|                 Infinity|   2.2360679774997896E-01|         20|
 6|   1.360E+02|                 Infinity|   2.2360679774997896E-01|         20|
 6|   1.380E+02|                 Infinity|   2.3570226039551587E-01|         18|
 6|   1.400E+02|                 Infinity|   3.0151134457776363E-01|         11|
 6|   1.420E+02|                 Infinity|   2.6726124191242440E-01|         14|
 6|   1.440E+02|                 Infinity|   2.5819888974716110E-01|         15|
 6|   1.460E+02|                 Infinity|   2.5819888974716110E-01|         15|
 6|   1.480E+02|                 Infinity|   2.8867513459481292E-01|         12|
 6|   1.500E+02|                 Infinity|   2.5819888974716110E-01|         15|
 6|   1.520E+02|                 Infinity|   3.3333333333333331E-01|          9|
 6|   1.540E+02|                 Infinity|   3.3333333333333331E-01|          9|
 6|   1.560E+02|                 Infinity|   4.4721359549995793E-01|          5|
 6|   1.580E+02|                 Infinity|   4.0824829046386307E-01|          6|
 6|   1.600E+02|                 Infinity|   4.4721359549995793E-01|          5|
 6|   1.620E+02|                 Infinity|   7.0710678118654746E-01|          2|
 6|   1.640E+02|                 Infinity|   3.7796447300922720E-01|          7|
 6|   1.660E+02|                 Infinity|   1.0000000000000000E+00|          1|
 6|   1.680E+02|                 Infinity|   4.4721359549995793E-01|          5|
 6|   1.700E+02|                 Infinity|   7.0710678118654746E-01|          2|
 6|   1.720E+02|                 Infinity|   4.0824829046386307E-01|          6|
 6|   1.740E+02|                 Infinity|   5.0000000000000000E-01|          4|
 6|   1.760E+02|                 Infinity|   7.0710678118654746E-01|          2|
 6|   1.780E+02|                 Infinity|   3.7796447300922720E-01|          7|
 6|   1.800E+02|                 Infinity|   5.0000000000000000E-01|          4|
 6|   1.820E+02|                 Infinity|   5.7735026918962584E-01|          3|
 6|   1.840E+02|                 Infinity|   5.0000000000000000E-01|          4|
 6|   1.860E+02|                 Infinity|   5.7735026918962584E-01|          3|
 6|   1.880E+02|                 Infinity|   5.7735026918962584E-01|          3|
 6|   1.900E+02|                 Infinity|   7.0710678118654746E-01|          2|
 6|   1.920E+02|                      NaN|   0.0000000000000000E+00|          0|
 6|   1.940E+02|                 Infinity|   1.0000000000000000E+00|          1|
 6|   1.960E+02|                 Infinity|   1.0000000000000000E+00|          1|
 6|   1.980E+02|                 Infinity|   1.0000000000000000E+00|          1|
# integrated result:   7.3623143592660835E-04
#
# Histogram 7: mz2                                               
 7|   0.000E+00|                      NaN|   0.0000000000000000E+00|          0|
 7|   2.000E+00|                      NaN|   0.0000000000000000E+00|          0|
 7|   4.000E+00|                 Infinity|   1.9702760155977515E-02|       2576|
 7|   6.000E+00|                 Infinity|   3.3538923545276884E-02|        889|
 7|   8.000E+00|                 Infinity|   3.6514837167011073E-02|        750|
 7|   1.000E+01|                 Infinity|   3.5828718195000928E-02|        779|
 7|   1.200E+01|                 Infinity|   3.5555906726738896E-02|        791|
 7|   1.400E+01|                 Infinity|   3.3370432213299994E-02|        898|
 7|   1.600E+01|                 Infinity|   3.1943828249996996E-02|        980|
 7|   1.800E+01|                 Infinity|   3.0964056111131625E-02|       1043|
 7|   2.000E+01|                 Infinity|   3.0556616567607043E-02|       1071|
 7|   2.200E+01|                 Infinity|   3.0570892025787156E-02|       1070|
 7|   2.400E+01|                 Infinity|   3.1830350703961514E-02|        987|
 7|   2.600E+01|                 Infinity|   3.2951120315946839E-02|        921|
 7|   2.800E+01|                 Infinity|   3.2773676267223106E-02|        931|
 7|   3.000E+01|                 Infinity|   3.2308533487561922E-02|        958|
 7|   3.200E+01|                 Infinity|   3.1943828249996996E-02|        980|
 7|   3.400E+01|                 Infinity|   3.1250000000000000E-02|       1024|
 7|   3.600E+01|                 Infinity|   3.1927542840705044E-02|        981|
 7|   3.800E+01|                 Infinity|   3.1173984319427479E-02|       1029|
 7|   4.000E+01|                 Infinity|   3.0055654488914410E-02|       1107|
 7|   4.200E+01|                 Infinity|   3.1782086308186408E-02|        990|
 7|   4.400E+01|                 Infinity|   4.0488816508945799E-02|        610|
 7|   4.600E+01|                 Infinity|   4.4543540318737397E-02|        504|
 7|   4.800E+01|                 Infinity|   4.6126560401444250E-02|        470|
 7|   5.000E+01|                 Infinity|   4.5314325442944378E-02|        487|
 7|   5.200E+01|                 Infinity|   4.5083481733371615E-02|        492|
 7|   5.400E+01|                 Infinity|   4.6473941234017310E-02|        463|
 7|   5.600E+01|                 Infinity|   4.6028730894916173E-02|        472|
 7|   5.800E+01|                 Infinity|   4.6373889576016833E-02|        465|
 7|   6.000E+01|                 Infinity|   4.6473941234017310E-02|        463|
 7|   6.200E+01|                 Infinity|   4.6524210519923545E-02|        462|
 7|   6.400E+01|                 Infinity|   4.7140452079103168E-02|        450|
 7|   6.600E+01|                 Infinity|   5.0379272185987839E-02|        394|
 7|   6.800E+01|                 Infinity|   4.5834924851410566E-02|        476|
 7|   7.000E+01|                 Infinity|   4.4676705160877031E-02|        501|
 7|   7.200E+01|                 Infinity|   4.3033148291193521E-02|        540|
 7|   7.400E+01|                 Infinity|   3.8096965887972963E-02|        689|
 7|   7.600E+01|                 Infinity|   4.1065078117659089E-02|        593|
 7|   7.800E+01|                 Infinity|   2.2255217373611660E-02|       2019|
 7|   8.000E+01|                 Infinity|   3.1450273186121945E-02|       1011|
 7|   8.200E+01|                 Infinity|   3.8376477822666816E-02|        679|
 7|   8.400E+01|                 Infinity|   2.8583097523751475E-02|       1224|
 7|   8.600E+01|                 Infinity|   2.2599230735278437E-02|       1958|
 7|   8.800E+01|                 Infinity|   1.2450491010358101E-02|       6451|
 7|   9.000E+01|                 Infinity|   7.6834472850372962E-03|      16939|
 7|   9.200E+01|                 Infinity|   1.1354110179616236E-02|       7757|
 7|   9.400E+01|                 Infinity|   2.0810764446485861E-02|       2309|
 7|   9.600E+01|                 Infinity|   3.2461373658059775E-02|        949|
 7|   9.800E+01|                 Infinity|   4.8001536073731928E-02|        434|
 7|   1.000E+02|                 Infinity|   5.7735026918962568E-02|        300|
 7|   1.020E+02|                 Infinity|   6.2257280636469035E-02|        258|
 7|   1.040E+02|                 Infinity|   6.9171446386607466E-02|        209|
 7|   1.060E+02|                 Infinity|   7.8326044998795738E-02|        163|
 7|   1.080E+02|                 Infinity|   9.5782628522115137E-02|        109|
 7|   1.100E+02|                 Infinity|   1.1624763874381928E-01|         74|
 7|   1.120E+02|                 Infinity|   1.4744195615489714E-01|         46|
 7|   1.140E+02|                 Infinity|   1.6666666666666666E-01|         36|
 7|   1.160E+02|                 Infinity|   1.7677669529663687E-01|         32|
 7|   1.180E+02|                 Infinity|   2.5819888974716110E-01|         15|
 7|   1.200E+02|                 Infinity|   2.5000000000000000E-01|         16|
 7|   1.220E+02|                 Infinity|   2.8867513459481292E-01|         12|
 7|   1.240E+02|                 Infinity|   2.6726124191242440E-01|         14|
 7|   1.260E+02|                 Infinity|   4.4721359549995793E-01|          5|
 7|   1.280E+02|                 Infinity|   4.0824829046386307E-01|          6|
 7|   1.300E+02|                 Infinity|   3.5355339059327373E-01|          8|
 7|   1.320E+02|                 Infinity|   3.3333333333333331E-01|          9|
 7|   1.340E+02|                 Infinity|   3.3333333333333331E-01|          9|
 7|   1.360E+02|                 Infinity|   7.0710678118654746E-01|          2|
 7|   1.380E+02|                 Infinity|   4.4721359549995793E-01|          5|
 7|   1.400E+02|                 Infinity|   4.0824829046386307E-01|          6|
 7|   1.420E+02|                 Infinity|   4.0824829046386307E-01|          6|
 7|   1.440E+02|                      NaN|   0.0000000000000000E+00|          0|
 7|   1.460E+02|                      NaN|   0.0000000000000000E+00|          0|
 7|   1.480E+02|                 Infinity|   7.0710678118654746E-01|          2|
 7|   1.500E+02|                 Infinity|   7.0710678118654746E-01|          2|
 7|   1.520E+02|                 Infinity|   7.0710678118654746E-01|          2|
 7|   1.540E+02|                 Infinity|   7.0710678118654746E-01|          2|
 7|   1.560E+02|                 Infinity|   7.0710678118654746E-01|          2|
 7|   1.580E+02|                      NaN|   0.0000000000000000E+00|          0|
 7|   1.600E+02|                 Infinity|   1.0000000000000000E+00|          1|
 7|   1.620E+02|                 Infinity|   1.0000000000000000E+00|          1|
 7|   1.640E+02|                      NaN|   0.0000000000000000E+00|          0|
 7|   1.660E+02|                 Infinity|   1.0000000000000000E+00|          1|
 7|   1.680E+02|                 Infinity|   5.0000000000000000E-01|          4|
 7|   1.700E+02|                 Infinity|   5.7735026918962584E-01|          3|
 7|   1.720E+02|                 Infinity|   7.0710678118654746E-01|          2|
 7|   1.740E+02|                 Infinity|   1.0000000000000000E+00|          1|
 7|   1.760E+02|                      NaN|   0.0000000000000000E+00|          0|
 7|   1.780E+02|                 Infinity|   7.0710678118654746E-01|          2|
 7|   1.800E+02|                 Infinity|   1.0000000000000000E+00|          1|
 7|   1.820E+02|                      NaN|   0.0000000000000000E+00|          0|
 7|   1.840E+02|                      NaN|   0.0000000000000000E+00|          0|
 7|   1.860E+02|                 Infinity|   1.0000000000000000E+00|          1|
 7|   1.880E+02|                      NaN|   0.0000000000000000E+00|          0|
 7|   1.900E+02|                 Infinity|   7.0710678118654746E-01|          2|
 7|   1.920E+02|                 Infinity|   7.0710678118654746E-01|          2|
 7|   1.940E+02|                 Infinity|   1.0000000000000000E+00|          1|
 7|   1.960E+02|                      NaN|   0.0000000000000000E+00|          0|
 7|   1.980E+02|                      NaN|   0.0000000000000000E+00|          0|
# integrated result:   7.3623143592660943E-04
#
# Histogram 8: m_4l                                              
 8|   1.000E+02|                 Infinity|   9.6291937500659775E-03|      10785|
 8|   1.400E+02|                 Infinity|   8.5488822746528931E-03|      13683|
 8|   1.800E+02|                 Infinity|   8.7154450345142548E-03|      13165|
 8|   2.200E+02|                 Infinity|   1.0088665446106366E-02|       9825|
 8|   2.600E+02|                 Infinity|   1.2068355657364754E-02|       6866|
 8|   3.000E+02|                 Infinity|   1.4247963577236367E-02|       4926|
 8|   3.400E+02|                 Infinity|   1.6852602895935015E-02|       3521|
 8|   3.800E+02|                 Infinity|   2.0956487115397715E-02|       2277|
 8|   4.200E+02|                 Infinity|   2.6064301757134346E-02|       1472|
 8|   4.600E+02|                 Infinity|   2.9501220638256383E-02|       1149|
 8|   5.000E+02|                 Infinity|   3.5691530512412487E-02|        785|
 8|   5.400E+02|                 Infinity|   4.4411559168432757E-02|        507|
 8|   5.800E+02|                 Infinity|   5.0315460542662761E-02|        395|
 8|   6.200E+02|                 Infinity|   6.4150029909958411E-02|        243|
 8|   6.600E+02|                 Infinity|   7.3127242412713067E-02|        187|
 8|   7.000E+02|                 Infinity|   8.3918135829668908E-02|        142|
 8|   7.400E+02|                 Infinity|   1.0846522890932808E-01|         85|
 8|   7.800E+02|                 Infinity|   1.1396057645963795E-01|         77|
 8|   8.200E+02|                 Infinity|   1.3867504905630729E-01|         52|
 8|   8.600E+02|                 Infinity|   1.8257418583505536E-01|         30|
 8|   9.000E+02|                 Infinity|   1.6222142113076254E-01|         38|
 8|   9.400E+02|                 Infinity|   2.5819888974716110E-01|         15|
 8|   9.800E+02|                 Infinity|   3.7796447300922720E-01|          7|
 8|   1.020E+03|                 Infinity|   2.5000000000000000E-01|         16|
 8|   1.060E+03|                 Infinity|   3.7796447300922720E-01|          7|
 8|   1.100E+03|                 Infinity|   4.4721359549995793E-01|          5|
 8|   1.140E+03|                 Infinity|   4.4721359549995793E-01|          5|
 8|   1.180E+03|                 Infinity|   5.7735026918962584E-01|          3|
 8|   1.220E+03|                 Infinity|   5.0000000000000000E-01|          4|
 8|   1.260E+03|                 Infinity|   5.0000000000000000E-01|          4|
 8|   1.300E+03|                 Infinity|   5.0000000000000000E-01|          4|
 8|   1.340E+03|                 Infinity|   5.0000000000000000E-01|          4|
 8|   1.380E+03|                      NaN|   0.0000000000000000E+00|          0|
 8|   1.420E+03|                 Infinity|   7.0710678118654746E-01|          2|
 8|   1.460E+03|                      NaN|   0.0000000000000000E+00|          0|
 8|   1.500E+03|                 Infinity|   1.0000000000000000E+00|          1|
 8|   1.540E+03|                 Infinity|   5.7735026918962584E-01|          3|
 8|   1.580E+03|                 Infinity|   7.0710678118654746E-01|          2|
 8|   1.620E+03|                 Infinity|   7.0710678118654746E-01|          2|
 8|   1.660E+03|                 Infinity|   5.7735026918962584E-01|          3|
 8|   1.700E+03|                 Infinity|   7.0710678118654746E-01|          2|
 8|   1.740E+03|                 Infinity|   7.0710678118654746E-01|          2|
 8|   1.780E+03|                      NaN|   0.0000000000000000E+00|          0|
 8|   1.820E+03|                 Infinity|   1.0000000000000000E+00|          1|
 8|   1.860E+03|                 Infinity|   5.7735026918962584E-01|          3|
 8|   1.900E+03|                 Infinity|   1.0000000000000000E+00|          1|
 8|   1.940E+03|                 Infinity|   1.0000000000000000E+00|          1|
 8|   1.980E+03|                      NaN|   0.0000000000000000E+00|          0|
 8|   2.020E+03|                 Infinity|   1.0000000000000000E+00|          1|
 8|   2.060E+03|                 Infinity|   1.0000000000000000E+00|          1|
 8|   2.100E+03|                      NaN|   0.0000000000000000E+00|          0|
 8|   2.140E+03|                      NaN|   0.0000000000000000E+00|          0|
 8|   2.180E+03|                 Infinity|   7.0710678118654746E-01|          2|
 8|   2.220E+03|                 Infinity|   1.0000000000000000E+00|          1|
 8|   2.260E+03|                      NaN|   0.0000000000000000E+00|          0|
 8|   2.300E+03|                 Infinity|   7.0710678118654746E-01|          2|
 8|   2.340E+03|                      NaN|   0.0000000000000000E+00|          0|
 8|   2.380E+03|                      NaN|   0.0000000000000000E+00|          0|
 8|   2.420E+03|                      NaN|   0.0000000000000000E+00|          0|
 8|   2.460E+03|                 Infinity|   1.0000000000000000E+00|          1|
 8|   2.500E+03|                 Infinity|   7.0710678118654746E-01|          2|
 8|   2.540E+03|                      NaN|   0.0000000000000000E+00|          0|
 8|   2.580E+03|                      NaN|   0.0000000000000000E+00|          0|
 8|   2.620E+03|                 Infinity|   1.0000000000000000E+00|          1|
 8|   2.660E+03|                      NaN|   0.0000000000000000E+00|          0|
 8|   2.700E+03|                      NaN|   0.0000000000000000E+00|          0|
 8|   2.740E+03|                      NaN|   0.0000000000000000E+00|          0|
 8|   2.780E+03|                      NaN|   0.0000000000000000E+00|          0|
 8|   2.820E+03|                      NaN|   0.0000000000000000E+00|          0|
 8|   2.860E+03|                      NaN|   0.0000000000000000E+00|          0|
 8|   2.900E+03|                      NaN|   0.0000000000000000E+00|          0|
 8|   2.940E+03|                 Infinity|   1.0000000000000000E+00|          1|
 8|   2.980E+03|                      NaN|   0.0000000000000000E+00|          0|
 8|   3.020E+03|                 Infinity|   1.0000000000000000E+00|          1|
 8|   3.060E+03|                      NaN|   0.0000000000000000E+00|          0|
 8|   3.100E+03|                 Infinity|   1.0000000000000000E+00|          1|
 8|   3.140E+03|                      NaN|   0.0000000000000000E+00|          0|
 8|   3.180E+03|                      NaN|   0.0000000000000000E+00|          0|
 8|   3.220E+03|                      NaN|   0.0000000000000000E+00|          0|
 8|   3.260E+03|                      NaN|   0.0000000000000000E+00|          0|
 8|   3.300E+03|                      NaN|   0.0000000000000000E+00|          0|
 8|   3.340E+03|                      NaN|   0.0000000000000000E+00|          0|
 8|   3.380E+03|                      NaN|   0.0000000000000000E+00|          0|
 8|   3.420E+03|                      NaN|   0.0000000000000000E+00|          0|
 8|   3.460E+03|                 Infinity|   1.0000000000000000E+00|          1|
 8|   3.500E+03|                      NaN|   0.0000000000000000E+00|          0|
 8|   3.540E+03|                      NaN|   0.0000000000000000E+00|          0|
 8|   3.580E+03|                      NaN|   0.0000000000000000E+00|          0|
 8|   3.620E+03|                      NaN|   0.0000000000000000E+00|          0|
 8|   3.660E+03|                      NaN|   0.0000000000000000E+00|          0|
 8|   3.700E+03|                      NaN|   0.0000000000000000E+00|          0|
 8|   3.740E+03|                      NaN|   0.0000000000000000E+00|          0|
 8|   3.780E+03|                      NaN|   0.0000000000000000E+00|          0|
 8|   3.820E+03|                      NaN|   0.0000000000000000E+00|          0|
 8|   3.860E+03|                      NaN|   0.0000000000000000E+00|          0|
 8|   3.900E+03|                      NaN|   0.0000000000000000E+00|          0|
 8|   3.940E+03|                      NaN|   0.0000000000000000E+00|          0|
 8|   3.980E+03|                      NaN|   0.0000000000000000E+00|          0|
 8|   4.020E+03|                      NaN|   0.0000000000000000E+00|          0|
 8|   4.060E+03|                      NaN|   0.0000000000000000E+00|          0|
# integrated result:   7.3623143592660900E-04
#
# Histogram 9: m_4l                                              
 9|   8.500E+01|                 Infinity|   1.0910894511799619E-01|         84|
 9|   8.600E+01|                 Infinity|   1.0721125348377948E-01|         87|
 9|   8.700E+01|                 Infinity|   1.1180339887498948E-01|         80|
 9|   8.800E+01|                 Infinity|   9.9503719020998915E-02|        101|
 9|   8.900E+01|                 Infinity|   1.0314212462587934E-01|         94|
 9|   9.000E+01|                 Infinity|   1.2216944435630522E-01|         67|
 9|   9.100E+01|                 Infinity|   1.3483997249264842E-01|         55|
 9|   9.200E+01|                 Infinity|   1.2909944487358055E-01|         60|
 9|   9.300E+01|                 Infinity|   1.2403473458920847E-01|         65|
 9|   9.400E+01|                 Infinity|   1.2403473458920847E-01|         65|
 9|   9.500E+01|                 Infinity|   1.1043152607484653E-01|         82|
 9|   9.600E+01|                 Infinity|   1.0910894511799619E-01|         84|
 9|   9.700E+01|                 Infinity|   1.0846522890932808E-01|         85|
 9|   9.800E+01|                 Infinity|   1.0910894511799619E-01|         84|
 9|   9.900E+01|                 Infinity|   1.0599978800063600E-01|         89|
 9|   1.000E+02|                 Infinity|   8.9087080637474794E-02|        126|
 9|   1.010E+02|                 Infinity|   8.3045479853739973E-02|        145|
 9|   1.020E+02|                 Infinity|   8.2760588860236795E-02|        146|
 9|   1.030E+02|                 Infinity|   7.6696498884737035E-02|        170|
 9|   1.040E+02|                 Infinity|   7.3127242412713067E-02|        187|
 9|   1.050E+02|                 Infinity|   6.8358592702466331E-02|        214|
 9|   1.060E+02|                 Infinity|   6.8041381743977170E-02|        216|
 9|   1.070E+02|                 Infinity|   6.9843029576957816E-02|        205|
 9|   1.080E+02|                 Infinity|   6.6964953018242512E-02|        223|
 9|   1.090E+02|                 Infinity|   6.2994078834871195E-02|        252|
 9|   1.100E+02|                 Infinity|   6.4018439966447988E-02|        244|
 9|   1.110E+02|                 Infinity|   6.3887656499993992E-02|        245|
 9|   1.120E+02|                 Infinity|   6.1313933948496581E-02|        266|
 9|   1.130E+02|                 Infinity|   6.0302268915552716E-02|        275|
 9|   1.140E+02|                 Infinity|   6.1780206321521543E-02|        262|
 9|   1.150E+02|                 Infinity|   6.0971076084969232E-02|        269|
 9|   1.160E+02|                 Infinity|   5.8025885318565944E-02|        297|
 9|   1.170E+02|                 Infinity|   5.9976014390406722E-02|        278|
 9|   1.180E+02|                 Infinity|   5.8722021951470346E-02|        290|
 9|   1.190E+02|                 Infinity|   5.5300126360933101E-02|        327|
 9|   1.200E+02|                 Infinity|   5.7448498962142602E-02|        303|
 9|   1.210E+02|                 Infinity|   5.7353933467640436E-02|        304|
 9|   1.220E+02|                 Infinity|   6.2622429108514954E-02|        255|
 9|   1.230E+02|                 Infinity|   5.8321184351980429E-02|        294|
 9|   1.240E+02|                 Infinity|   6.0084176812610968E-02|        277|
 9|   1.250E+02|                 Infinity|   5.7928444636349226E-02|        298|
 9|   1.260E+02|                 Infinity|   5.7639041770423498E-02|        301|
 9|   1.270E+02|                 Infinity|   5.9028133610095526E-02|        287|
 9|   1.280E+02|                 Infinity|   5.8420623783698597E-02|        293|
 9|   1.290E+02|                 Infinity|   5.6980288229818973E-02|        308|
 9|   1.300E+02|                 Infinity|   5.6077215409204434E-02|        318|
 9|   1.310E+02|                 Infinity|   5.7259833431386825E-02|        305|
 9|   1.320E+02|                 Infinity|   5.5989251095585432E-02|        319|
 9|   1.330E+02|                 Infinity|   5.6796183424706478E-02|        310|
 9|   1.340E+02|                 Infinity|   5.4073807043587517E-02|        342|
# integrated result:   7.3623143592661680E-04
#
# Histogram10: Phi1                                              
10|  -3.142E+00|                 Infinity|   2.6650089544451302E-02|       1408|
10|  -2.985E+00|                 Infinity|   2.6037782196164774E-02|       1475|
10|  -2.827E+00|                 Infinity|   2.5047007249281213E-02|       1594|
10|  -2.670E+00|                 Infinity|   2.4368508941428967E-02|       1684|
10|  -2.513E+00|                 Infinity|   2.2905435417568808E-02|       1906|
10|  -2.356E+00|                 Infinity|   2.1739130434782608E-02|       2116|
10|  -2.199E+00|                 Infinity|   1.9676044536698509E-02|       2583|
10|  -2.042E+00|                 Infinity|   2.0227834851568371E-02|       2444|
10|  -1.885E+00|                 Infinity|   2.0951886854752806E-02|       2278|
10|  -1.728E+00|                 Infinity|   2.1119430154775586E-02|       2242|
10|  -1.571E+00|                 Infinity|   2.1728864020781589E-02|       2118|
10|  -1.414E+00|                 Infinity|   2.2321651006080835E-02|       2007|
10|  -1.257E+00|                 Infinity|   2.2388683141982252E-02|       1995|
10|  -1.100E+00|                 Infinity|   2.2863489522874057E-02|       1913|
10|  -9.425E-01|                 Infinity|   2.3557142371577276E-02|       1802|
10|  -7.854E-01|                 Infinity|   2.5070610528195009E-02|       1591|
10|  -6.283E-01|                 Infinity|   2.6306682088232822E-02|       1445|
10|  -4.713E-01|                 Infinity|   2.7576371656986686E-02|       1315|
10|  -3.142E-01|                 Infinity|   2.8093878027715371E-02|       1267|
10|  -1.571E-01|                 Infinity|   2.8843487226888051E-02|       1202|
10|  -3.000E-05|                 Infinity|   2.8571428571428571E-02|       1225|
10|   1.570E-01|                 Infinity|   2.7950849718747370E-02|       1280|
10|   3.141E-01|                 Infinity|   2.7565892320998563E-02|       1316|
10|   4.712E-01|                 Infinity|   2.6593487520457093E-02|       1414|
10|   6.283E-01|                 Infinity|   2.5573858464378221E-02|       1529|
10|   7.854E-01|                 Infinity|   2.3775851718273702E-02|       1769|
10|   9.424E-01|                 Infinity|   2.3249527748763855E-02|       1850|
10|   1.100E+00|                 Infinity|   2.2990024493585143E-02|       1892|
10|   1.257E+00|                 Infinity|   2.2616563651595031E-02|       1955|
10|   1.414E+00|                 Infinity|   2.1868700842034770E-02|       2091|
10|   1.571E+00|                 Infinity|   2.1238172967060986E-02|       2217|
10|   1.728E+00|                 Infinity|   2.0663627041097969E-02|       2342|
10|   1.885E+00|                 Infinity|   2.0084532931834775E-02|       2479|
10|   2.042E+00|                 Infinity|   2.0554213865940245E-02|       2367|
10|   2.199E+00|                 Infinity|   2.1868700842034770E-02|       2091|
10|   2.356E+00|                 Infinity|   2.3675686190518921E-02|       1784|
10|   2.513E+00|                 Infinity|   2.4700771787671945E-02|       1639|
10|   2.670E+00|                 Infinity|   2.4806946917841691E-02|       1625|
10|   2.827E+00|                 Infinity|   2.5054867600094295E-02|       1593|
10|   2.984E+00|                 Infinity|   2.5416428388767447E-02|       1548|
# integrated result:   7.3623143592660856E-04
#
