#
# column #1=histogram, #2=x-axis bin, #3=binned cross-section, #4=error, #5=number of events 
# this can be easily plotted in gnuplot with the commands:
#    NHi=3
#    plot 'output.dat' using ($2):($1==NHi ? $3 : 1/0) w st
# where NHi selects the histogram
#
#
# run time =      -0.00min
# TotCS =      1.8726077460E-05           5.76635E-06
#
# Histogram 1: m_jj                                              
 1|   0.000E+00|                      NaN|   0.0000000000000000E+00|          0|
 1|   5.000E+01|                 Infinity|   8.7460583291093467E-03|      13073|
 1|   1.000E+02|                 Infinity|   7.5528183879811006E-03|      17530|
 1|   1.500E+02|                 Infinity|   8.9867901404196478E-03|      12382|
 1|   2.000E+02|                 Infinity|   1.0694728423787166E-02|       8743|
 1|   2.500E+02|                 Infinity|   1.2947764033293967E-02|       5965|
 1|   3.000E+02|                 Infinity|   1.5072142131211604E-02|       4402|
 1|   3.500E+02|                 Infinity|   1.7820244962334964E-02|       3149|
 1|   4.000E+02|                 Infinity|   2.1257358312406823E-02|       2213|
 1|   4.500E+02|                 Infinity|   2.5039154291806719E-02|       1595|
 1|   5.000E+02|                 Infinity|   2.9907430227728959E-02|       1118|
 1|   5.500E+02|                 Infinity|   3.6273812505500581E-02|        760|
 1|   6.000E+02|                 Infinity|   4.1739193556484110E-02|        574|
 1|   6.500E+02|                 Infinity|   4.9147318718299048E-02|        414|
 1|   7.000E+02|                 Infinity|   6.4820372355216441E-02|        238|
 1|   7.500E+02|                 Infinity|   7.4329414624716636E-02|        181|
 1|   8.000E+02|                 Infinity|   8.9442719099991588E-02|        125|
 1|   8.500E+02|                 Infinity|   1.0540925533894598E-01|         90|
 1|   9.000E+02|                 Infinity|   1.3018891098082389E-01|         59|
 1|   9.500E+02|                 Infinity|   1.5249857033260467E-01|         43|
 1|   1.000E+03|                 Infinity|   1.8569533817705186E-01|         29|
 1|   1.050E+03|                 Infinity|   2.0000000000000001E-01|         25|
 1|   1.100E+03|                 Infinity|   2.2941573387056174E-01|         19|
 1|   1.150E+03|                 Infinity|   2.7735009811261457E-01|         13|
 1|   1.200E+03|                 Infinity|   3.0151134457776363E-01|         11|
 1|   1.250E+03|                 Infinity|   2.6726124191242440E-01|         14|
 1|   1.300E+03|                 Infinity|   3.3333333333333331E-01|          9|
 1|   1.350E+03|                 Infinity|   5.0000000000000000E-01|          4|
 1|   1.400E+03|                 Infinity|   4.0824829046386307E-01|          6|
 1|   1.450E+03|                 Infinity|   5.0000000000000000E-01|          4|
 1|   1.500E+03|                 Infinity|   5.7735026918962584E-01|          3|
 1|   1.550E+03|                 Infinity|   4.4721359549995793E-01|          5|
 1|   1.600E+03|                 Infinity|   5.7735026918962584E-01|          3|
 1|   1.650E+03|                 Infinity|   1.0000000000000000E+00|          1|
 1|   1.700E+03|                 Infinity|   1.0000000000000000E+00|          1|
 1|   1.750E+03|                 Infinity|   1.0000000000000000E+00|          1|
 1|   1.800E+03|                 Infinity|   5.7735026918962584E-01|          3|
 1|   1.850E+03|                 Infinity|   5.7735026918962584E-01|          3|
 1|   1.900E+03|                 Infinity|   7.0710678118654746E-01|          2|
 1|   1.950E+03|                 Infinity|   1.0000000000000000E+00|          1|
 1|   2.000E+03|                 Infinity|   5.7735026918962584E-01|          3|
 1|   2.050E+03|                      NaN|   0.0000000000000000E+00|          0|
 1|   2.100E+03|                      NaN|   0.0000000000000000E+00|          0|
 1|   2.150E+03|                      NaN|   0.0000000000000000E+00|          0|
 1|   2.200E+03|                      NaN|   0.0000000000000000E+00|          0|
 1|   2.250E+03|                      NaN|   0.0000000000000000E+00|          0|
 1|   2.300E+03|                 Infinity|   1.0000000000000000E+00|          1|
 1|   2.350E+03|                      NaN|   0.0000000000000000E+00|          0|
 1|   2.400E+03|                      NaN|   0.0000000000000000E+00|          0|
 1|   2.450E+03|                      NaN|   0.0000000000000000E+00|          0|
 1|   2.500E+03|                      NaN|   0.0000000000000000E+00|          0|
 1|   2.550E+03|                      NaN|   0.0000000000000000E+00|          0|
 1|   2.600E+03|                      NaN|   0.0000000000000000E+00|          0|
 1|   2.650E+03|                      NaN|   0.0000000000000000E+00|          0|
 1|   2.700E+03|                 Infinity|   1.0000000000000000E+00|          1|
 1|   2.750E+03|                      NaN|   0.0000000000000000E+00|          0|
 1|   2.800E+03|                      NaN|   0.0000000000000000E+00|          0|
 1|   2.850E+03|                 Infinity|   1.0000000000000000E+00|          1|
 1|   2.900E+03|                      NaN|   0.0000000000000000E+00|          0|
 1|   2.950E+03|                      NaN|   0.0000000000000000E+00|          0|
 1|   3.000E+03|                      NaN|   0.0000000000000000E+00|          0|
 1|   3.050E+03|                      NaN|   0.0000000000000000E+00|          0|
 1|   3.100E+03|                      NaN|   0.0000000000000000E+00|          0|
 1|   3.150E+03|                      NaN|   0.0000000000000000E+00|          0|
 1|   3.200E+03|                      NaN|   0.0000000000000000E+00|          0|
 1|   3.250E+03|                      NaN|   0.0000000000000000E+00|          0|
 1|   3.300E+03|                      NaN|   0.0000000000000000E+00|          0|
 1|   3.350E+03|                      NaN|   0.0000000000000000E+00|          0|
 1|   3.400E+03|                      NaN|   0.0000000000000000E+00|          0|
 1|   3.450E+03|                      NaN|   0.0000000000000000E+00|          0|
 1|   3.500E+03|                      NaN|   0.0000000000000000E+00|          0|
 1|   3.550E+03|                      NaN|   0.0000000000000000E+00|          0|
 1|   3.600E+03|                      NaN|   0.0000000000000000E+00|          0|
 1|   3.650E+03|                 Infinity|   1.0000000000000000E+00|          1|
 1|   3.700E+03|                      NaN|   0.0000000000000000E+00|          0|
 1|   3.750E+03|                      NaN|   0.0000000000000000E+00|          0|
 1|   3.800E+03|                      NaN|   0.0000000000000000E+00|          0|
 1|   3.850E+03|                      NaN|   0.0000000000000000E+00|          0|
 1|   3.900E+03|                      NaN|   0.0000000000000000E+00|          0|
 1|   3.950E+03|                      NaN|   0.0000000000000000E+00|          0|
 1|   4.000E+03|                      NaN|   0.0000000000000000E+00|          0|
 1|   4.050E+03|                      NaN|   0.0000000000000000E+00|          0|
 1|   4.100E+03|                      NaN|   0.0000000000000000E+00|          0|
 1|   4.150E+03|                      NaN|   0.0000000000000000E+00|          0|
 1|   4.200E+03|                      NaN|   0.0000000000000000E+00|          0|
 1|   4.250E+03|                      NaN|   0.0000000000000000E+00|          0|
 1|   4.300E+03|                      NaN|   0.0000000000000000E+00|          0|
 1|   4.350E+03|                      NaN|   0.0000000000000000E+00|          0|
 1|   4.400E+03|                      NaN|   0.0000000000000000E+00|          0|
 1|   4.450E+03|                      NaN|   0.0000000000000000E+00|          0|
 1|   4.500E+03|                      NaN|   0.0000000000000000E+00|          0|
 1|   4.550E+03|                      NaN|   0.0000000000000000E+00|          0|
 1|   4.600E+03|                      NaN|   0.0000000000000000E+00|          0|
 1|   4.650E+03|                      NaN|   0.0000000000000000E+00|          0|
 1|   4.700E+03|                      NaN|   0.0000000000000000E+00|          0|
 1|   4.750E+03|                      NaN|   0.0000000000000000E+00|          0|
 1|   4.800E+03|                      NaN|   0.0000000000000000E+00|          0|
 1|   4.850E+03|                      NaN|   0.0000000000000000E+00|          0|
 1|   4.900E+03|                      NaN|   0.0000000000000000E+00|          0|
 1|   4.950E+03|                      NaN|   0.0000000000000000E+00|          0|
# integrated result:   1.8726077460030421E-05
#
# Histogram 2: m_jj                                              
 2|   0.000E+00|                      NaN|   0.0000000000000000E+00|          0|
 2|   2.000E+00|                      NaN|   0.0000000000000000E+00|          0|
 2|   4.000E+00|                      NaN|   0.0000000000000000E+00|          0|
 2|   6.000E+00|                      NaN|   0.0000000000000000E+00|          0|
 2|   8.000E+00|                      NaN|   0.0000000000000000E+00|          0|
 2|   1.000E+01|                      NaN|   0.0000000000000000E+00|          0|
 2|   1.200E+01|                      NaN|   0.0000000000000000E+00|          0|
 2|   1.400E+01|                      NaN|   0.0000000000000000E+00|          0|
 2|   1.600E+01|                      NaN|   0.0000000000000000E+00|          0|
 2|   1.800E+01|                      NaN|   0.0000000000000000E+00|          0|
 2|   2.000E+01|                      NaN|   0.0000000000000000E+00|          0|
 2|   2.200E+01|                      NaN|   0.0000000000000000E+00|          0|
 2|   2.400E+01|                      NaN|   0.0000000000000000E+00|          0|
 2|   2.600E+01|                      NaN|   0.0000000000000000E+00|          0|
 2|   2.800E+01|                      NaN|   0.0000000000000000E+00|          0|
 2|   3.000E+01|                      NaN|   0.0000000000000000E+00|          0|
 2|   3.200E+01|                      NaN|   0.0000000000000000E+00|          0|
 2|   3.400E+01|                      NaN|   0.0000000000000000E+00|          0|
 2|   3.600E+01|                      NaN|   0.0000000000000000E+00|          0|
 2|   3.800E+01|                      NaN|   0.0000000000000000E+00|          0|
 2|   4.000E+01|                      NaN|   0.0000000000000000E+00|          0|
 2|   4.200E+01|                      NaN|   0.0000000000000000E+00|          0|
 2|   4.400E+01|                      NaN|   0.0000000000000000E+00|          0|
 2|   4.600E+01|                      NaN|   0.0000000000000000E+00|          0|
 2|   4.800E+01|                      NaN|   0.0000000000000000E+00|          0|
 2|   5.000E+01|                      NaN|   0.0000000000000000E+00|          0|
 2|   5.200E+01|                      NaN|   0.0000000000000000E+00|          0|
 2|   5.400E+01|                      NaN|   0.0000000000000000E+00|          0|
 2|   5.600E+01|                      NaN|   0.0000000000000000E+00|          0|
 2|   5.800E+01|                      NaN|   0.0000000000000000E+00|          0|
 2|   6.000E+01|                      NaN|   0.0000000000000000E+00|          0|
 2|   6.200E+01|                      NaN|   0.0000000000000000E+00|          0|
 2|   6.400E+01|                      NaN|   0.0000000000000000E+00|          0|
 2|   6.600E+01|                      NaN|   0.0000000000000000E+00|          0|
 2|   6.800E+01|                      NaN|   0.0000000000000000E+00|          0|
 2|   7.000E+01|                 Infinity|   3.8895492079220696E-02|        661|
 2|   7.200E+01|                 Infinity|   3.6539204762093477E-02|        749|
 2|   7.400E+01|                 Infinity|   3.5646150289975954E-02|        787|
 2|   7.600E+01|                 Infinity|   3.3095169616074761E-02|        913|
 2|   7.800E+01|                 Infinity|   3.2915400933831662E-02|        923|
 2|   8.000E+01|                 Infinity|   3.2633766658241879E-02|        939|
 2|   8.200E+01|                 Infinity|   3.2791291789197645E-02|        930|
 2|   8.400E+01|                 Infinity|   3.2686022523030669E-02|        936|
 2|   8.600E+01|                 Infinity|   3.3333333333333333E-02|        900|
 2|   8.800E+01|                 Infinity|   3.3241124765726680E-02|        905|
 2|   9.000E+01|                 Infinity|   3.3482476509121256E-02|        892|
 2|   9.200E+01|                 Infinity|   3.3113308926626096E-02|        912|
 2|   9.400E+01|                 Infinity|   3.3113308926626096E-02|        912|
 2|   9.600E+01|                 Infinity|   3.3167906340332974E-02|        909|
 2|   9.800E+01|                 Infinity|   3.5245368842512066E-02|        805|
 2|   1.000E+02|                 Infinity|   3.5623524993954825E-02|        788|
 2|   1.020E+02|                 Infinity|   3.4380708208626445E-02|        846|
 2|   1.040E+02|                 Infinity|   3.6060922298730945E-02|        769|
 2|   1.060E+02|                 Infinity|   3.6760731104690386E-02|        740|
 2|   1.080E+02|                 Infinity|   3.5399616270239430E-02|        798|
 2|   1.100E+02|                 Infinity|   3.5245368842512066E-02|        805|
 2|   1.120E+02|                 Infinity|   3.7529331252040075E-02|        710|
 2|   1.140E+02|                 Infinity|   3.6490518258441337E-02|        751|
 2|   1.160E+02|                 Infinity|   3.6785594638885484E-02|        739|
 2|   1.180E+02|                 Infinity|   3.6417852036461487E-02|        754|
 2|   1.200E+02|                 Infinity|   3.7715714320235710E-02|        703|
 2|   1.220E+02|                 Infinity|   3.6060922298730945E-02|        769|
 2|   1.240E+02|                 Infinity|   3.8604571824109146E-02|        671|
 2|   1.260E+02|                 Infinity|   3.7319668543103798E-02|        718|
 2|   1.280E+02|                 Infinity|   3.6986336072765455E-02|        731|
 2|   1.300E+02|                 Infinity|   3.9809371432901648E-02|        631|
 2|   1.320E+02|                 Infinity|   3.8291979053374177E-02|        682|
 2|   1.340E+02|                 Infinity|   3.8895492079220696E-02|        661|
 2|   1.360E+02|                 Infinity|   3.7582301400141446E-02|        708|
 2|   1.380E+02|                 Infinity|   3.8604571824109146E-02|        671|
 2|   1.400E+02|                 Infinity|   4.0389619586100968E-02|        613|
 2|   1.420E+02|                 Infinity|   4.1344911529736156E-02|        585|
 2|   1.440E+02|                 Infinity|   4.3519413988924463E-02|        528|
 2|   1.460E+02|                 Infinity|   4.1451333614483915E-02|        582|
 2|   1.480E+02|                 Infinity|   4.1630544712181333E-02|        577|
 2|   1.500E+02|                 Infinity|   4.1239304942116126E-02|        588|
 2|   1.520E+02|                 Infinity|   4.2953677958755772E-02|        542|
 2|   1.540E+02|                 Infinity|   4.1959067914834454E-02|        568|
 2|   1.560E+02|                 Infinity|   4.0389619586100968E-02|        613|
 2|   1.580E+02|                 Infinity|   4.1344911529736156E-02|        585|
 2|   1.600E+02|                 Infinity|   4.4237395520380883E-02|        511|
 2|   1.620E+02|                 Infinity|   4.4455422447438706E-02|        506|
 2|   1.640E+02|                 Infinity|   4.3193421279068007E-02|        536|
 2|   1.660E+02|                 Infinity|   4.3274232240791542E-02|        534|
 2|   1.680E+02|                 Infinity|   4.5267873021259265E-02|        488|
 2|   1.700E+02|                 Infinity|   4.5501575519329006E-02|        483|
 2|   1.720E+02|                 Infinity|   4.4108109139123088E-02|        514|
 2|   1.740E+02|                 Infinity|   4.5314325442944378E-02|        487|
 2|   1.760E+02|                 Infinity|   4.4766148103584522E-02|        499|
 2|   1.780E+02|                 Infinity|   4.5883146774112350E-02|        475|
 2|   1.800E+02|                 Infinity|   4.6373889576016833E-02|        465|
 2|   1.820E+02|                 Infinity|   4.5454545454545456E-02|        484|
 2|   1.840E+02|                 Infinity|   4.5360921162651446E-02|        486|
 2|   1.860E+02|                 Infinity|   4.8280454958526758E-02|        429|
 2|   1.880E+02|                 Infinity|   4.6473941234017310E-02|        463|
 2|   1.900E+02|                 Infinity|   4.6625240412015691E-02|        460|
 2|   1.920E+02|                 Infinity|   4.9751859510499458E-02|        404|
 2|   1.940E+02|                 Infinity|   4.9386479832479478E-02|        410|
 2|   1.960E+02|                 Infinity|   4.6778026972498797E-02|        457|
 2|   1.980E+02|                 Infinity|   5.0315460542662761E-02|        395|
# integrated result:   1.8726077460030462E-05
#
# Histogram 3: pT(H)                                             
 3|   0.000E+00|                 Infinity|   2.7096390730170242E-02|       1362|
 3|   1.000E+01|                 Infinity|   1.7808937699164553E-02|       3153|
 3|   2.000E+01|                 Infinity|   1.5554902647418758E-02|       4133|
 3|   3.000E+01|                 Infinity|   1.4688421641307724E-02|       4635|
 3|   4.000E+01|                 Infinity|   1.4498845575379761E-02|       4757|
 3|   5.000E+01|                 Infinity|   1.4672602119602789E-02|       4645|
 3|   6.000E+01|                 Infinity|   1.4829876109507997E-02|       4547|
 3|   7.000E+01|                 Infinity|   1.5221564138699574E-02|       4316|
 3|   8.000E+01|                 Infinity|   1.5990280862955328E-02|       3911|
 3|   9.000E+01|                 Infinity|   1.6424369506219338E-02|       3707|
 3|   1.000E+02|                 Infinity|   1.7039954414774926E-02|       3444|
 3|   1.100E+02|                 Infinity|   1.8169809053571493E-02|       3029|
 3|   1.200E+02|                 Infinity|   1.8996856280406867E-02|       2771|
 3|   1.300E+02|                 Infinity|   1.9706585563285865E-02|       2575|
 3|   1.400E+02|                 Infinity|   2.0878692266483083E-02|       2294|
 3|   1.500E+02|                 Infinity|   2.1915916515945887E-02|       2082|
 3|   1.600E+02|                 Infinity|   2.3268401675088573E-02|       1847|
 3|   1.700E+02|                 Infinity|   2.3925088201495553E-02|       1747|
 3|   1.800E+02|                 Infinity|   2.5691749776935398E-02|       1515|
 3|   1.900E+02|                 Infinity|   2.6407386650992314E-02|       1434|
 3|   2.000E+02|                 Infinity|   2.7939937811355630E-02|       1281|
 3|   2.100E+02|                 Infinity|   2.9880715233359841E-02|       1120|
 3|   2.200E+02|                 Infinity|   3.1591201180328175E-02|       1002|
 3|   2.300E+02|                 Infinity|   3.3595657034169793E-02|        886|
 3|   2.400E+02|                 Infinity|   3.5578403348241000E-02|        790|
 3|   2.500E+02|                 Infinity|   3.7216146378239341E-02|        722|
 3|   2.600E+02|                 Infinity|   3.8633370464312790E-02|        670|
 3|   2.700E+02|                 Infinity|   4.3073049225394802E-02|        539|
 3|   2.800E+02|                 Infinity|   4.4065264923923174E-02|        515|
 3|   2.900E+02|                 Infinity|   4.8621663832631515E-02|        423|
 3|   3.000E+02|                 Infinity|   5.0379272185987839E-02|        394|
 3|   3.100E+02|                 Infinity|   5.4799662435119099E-02|        333|
 3|   3.200E+02|                 Infinity|   6.1662641597820735E-02|        263|
 3|   3.300E+02|                 Infinity|   6.6815310478106099E-02|        224|
 3|   3.400E+02|                 Infinity|   7.2547625011001163E-02|        190|
 3|   3.500E+02|                 Infinity|   7.4329414624716636E-02|        181|
 3|   3.600E+02|                 Infinity|   7.8811040623910061E-02|        161|
 3|   3.700E+02|                 Infinity|   8.2199493652678646E-02|        148|
 3|   3.800E+02|                 Infinity|   8.3918135829668908E-02|        142|
 3|   3.900E+02|                 Infinity|   9.3658581158169399E-02|        114|
 3|   4.000E+02|                 Infinity|   1.0783277320343841E-01|         86|
 3|   4.100E+02|                 Infinity|   1.1250879009260240E-01|         79|
 3|   4.200E+02|                 Infinity|   1.3483997249264842E-01|         55|
 3|   4.300E+02|                 Infinity|   1.3736056394868904E-01|         53|
 3|   4.400E+02|                 Infinity|   1.4433756729740646E-01|         48|
 3|   4.500E+02|                 Infinity|   1.4433756729740646E-01|         48|
 3|   4.600E+02|                 Infinity|   1.6012815380508713E-01|         39|
 3|   4.700E+02|                 Infinity|   1.4586499149789456E-01|         47|
 3|   4.800E+02|                 Infinity|   1.6666666666666666E-01|         36|
 3|   4.900E+02|                 Infinity|   1.7407765595569785E-01|         33|
# integrated result:   1.8726077460030438E-05
#
# Histogram 4: pT(j1)                                            
 4|   0.000E+00|                      NaN|   0.0000000000000000E+00|          0|
 4|   1.000E+01|                 Infinity|   3.8096965887972963E-02|        689|
 4|   2.000E+01|                 Infinity|   2.3675686190518921E-02|       1784|
 4|   3.000E+01|                 Infinity|   1.7977936632415488E-02|       3094|
 4|   4.000E+01|                 Infinity|   1.5443209704328236E-02|       4193|
 4|   5.000E+01|                 Infinity|   1.4432253448298278E-02|       4801|
 4|   6.000E+01|                 Infinity|   1.4210510570080112E-02|       4952|
 4|   7.000E+01|                 Infinity|   1.4094296205853602E-02|       5034|
 4|   8.000E+01|                 Infinity|   1.4620758082566562E-02|       4678|
 4|   9.000E+01|                 Infinity|   1.5017656125021643E-02|       4434|
 4|   1.000E+02|                 Infinity|   1.5545502209836045E-02|       4138|
 4|   1.100E+02|                 Infinity|   1.6074760739013736E-02|       3870|
 4|   1.200E+02|                 Infinity|   1.7251638983558856E-02|       3360|
 4|   1.300E+02|                 Infinity|   1.8230093920774314E-02|       3009|
 4|   1.400E+02|                 Infinity|   1.8702209703105772E-02|       2859|
 4|   1.500E+02|                 Infinity|   2.0141487362769019E-02|       2465|
 4|   1.600E+02|                 Infinity|   2.0624037298852673E-02|       2351|
 4|   1.700E+02|                 Infinity|   2.2288359934599659E-02|       2013|
 4|   1.800E+02|                 Infinity|   2.3168268228563865E-02|       1863|
 4|   1.900E+02|                 Infinity|   2.5449329927964382E-02|       1544|
 4|   2.000E+02|                 Infinity|   2.6745234757997019E-02|       1398|
 4|   2.100E+02|                 Infinity|   2.8501713717057404E-02|       1231|
 4|   2.200E+02|                 Infinity|   2.9907430227728959E-02|       1118|
 4|   2.300E+02|                 Infinity|   3.1846487764924103E-02|        986|
 4|   2.400E+02|                 Infinity|   3.3520076157699544E-02|        890|
 4|   2.500E+02|                 Infinity|   3.6961063547728643E-02|        732|
 4|   2.600E+02|                 Infinity|   3.8263936589669048E-02|        683|
 4|   2.700E+02|                 Infinity|   4.1885390829169547E-02|        570|
 4|   2.800E+02|                 Infinity|   4.4856130401625657E-02|        497|
 4|   2.900E+02|                 Infinity|   4.7946330148538413E-02|        435|
 4|   3.000E+02|                 Infinity|   5.0636968354183333E-02|        390|
 4|   3.100E+02|                 Infinity|   5.4312544659356844E-02|        339|
 4|   3.200E+02|                 Infinity|   5.7928444636349226E-02|        298|
 4|   3.300E+02|                 Infinity|   6.1313933948496581E-02|        266|
 4|   3.400E+02|                 Infinity|   6.5094455490411943E-02|        236|
 4|   3.500E+02|                 Infinity|   7.0014004201400484E-02|        204|
 4|   3.600E+02|                 Infinity|   7.9555728417572996E-02|        158|
 4|   3.700E+02|                 Infinity|   7.9305158571814416E-02|        159|
 4|   3.800E+02|                 Infinity|   8.9087080637474794E-02|        126|
 4|   3.900E+02|                 Infinity|   1.0540925533894598E-01|         90|
 4|   4.000E+02|                 Infinity|   1.0259783520851541E-01|         95|
 4|   4.100E+02|                 Infinity|   1.2126781251816648E-01|         68|
 4|   4.200E+02|                 Infinity|   1.1785113019775793E-01|         72|
 4|   4.300E+02|                 Infinity|   1.2038585308576920E-01|         69|
 4|   4.400E+02|                 Infinity|   1.3130643285972254E-01|         58|
 4|   4.500E+02|                 Infinity|   1.4433756729740646E-01|         48|
 4|   4.600E+02|                 Infinity|   1.3736056394868904E-01|         53|
 4|   4.700E+02|                 Infinity|   1.6666666666666666E-01|         36|
 4|   4.800E+02|                 Infinity|   1.7960530202677491E-01|         31|
 4|   4.900E+02|                 Infinity|   2.0851441405707477E-01|         23|
# integrated result:   1.8726077460030418E-05
#
# Histogram 5: dy(j1,j2)                                         
 5|  -5.000E+00|                 Infinity|   5.6523341894422152E-02|        313|
 5|  -4.800E+00|                 Infinity|   5.3605626741889741E-02|        348|
 5|  -4.600E+00|                 Infinity|   4.7351372381037843E-02|        446|
 5|  -4.400E+00|                 Infinity|   4.4721359549995794E-02|        500|
 5|  -4.200E+00|                 Infinity|   4.4811071494822087E-02|        498|
 5|  -4.000E+00|                 Infinity|   4.0389619586100968E-02|        613|
 5|  -3.800E+00|                 Infinity|   3.5114749361031178E-02|        811|
 5|  -3.600E+00|                 Infinity|   2.9920814623220059E-02|       1117|
 5|  -3.400E+00|                 Infinity|   2.7961774421028408E-02|       1279|
 5|  -3.200E+00|                 Infinity|   2.7277236279499049E-02|       1344|
 5|  -3.000E+00|                 Infinity|   2.4753688574416861E-02|       1632|
 5|  -2.800E+00|                 Infinity|   2.3669053416557544E-02|       1785|
 5|  -2.600E+00|                 Infinity|   2.2140372138502382E-02|       2040|
 5|  -2.400E+00|                 Infinity|   2.0157849256095022E-02|       2461|
 5|  -2.200E+00|                 Infinity|   1.9956144669641657E-02|       2511|
 5|  -2.000E+00|                 Infinity|   1.8543973538807101E-02|       2908|
 5|  -1.800E+00|                 Infinity|   1.9100532816794493E-02|       2741|
 5|  -1.600E+00|                 Infinity|   1.9121472563060887E-02|       2735|
 5|  -1.400E+00|                 Infinity|   1.6900670885446459E-02|       3501|
 5|  -1.200E+00|                 Infinity|   1.3622157841701952E-02|       5389|
 5|  -1.000E+00|                 Infinity|   1.6226412783707848E-02|       3798|
 5|  -8.000E-01|                 Infinity|   1.3071057885484480E-02|       5853|
 5|  -6.000E-01|                 Infinity|   1.1274451557073644E-02|       7867|
 5|  -4.000E-01|                 Infinity|   1.5483883857556962E-02|       4171|
 5|  -2.000E-01|                 Infinity|   1.9017456528224098E-02|       2765|
 5|   0.000E+00|                 Infinity|   2.0223697856975240E-02|       2445|
 5|   2.000E-01|                 Infinity|   2.6037782196164774E-02|       1475|
 5|   4.000E-01|                 Infinity|   3.0275242098833630E-02|       1091|
 5|   6.000E-01|                 Infinity|   2.9787773436724965E-02|       1127|
 5|   8.000E-01|                 Infinity|   3.0890103160760771E-02|       1048|
 5|   1.000E+00|                 Infinity|   3.2791291789197645E-02|        930|
 5|   1.200E+00|                 Infinity|   3.0875376054721921E-02|       1049|
 5|   1.400E+00|                 Infinity|   3.2325409191761800E-02|        957|
 5|   1.600E+00|                 Infinity|   4.0588747923409947E-02|        607|
 5|   1.800E+00|                 Infinity|   4.3768810953240853E-02|        522|
 5|   2.000E+00|                 Infinity|   5.2128603514268693E-02|        368|
 5|   2.200E+00|                 Infinity|   5.9761430466719681E-02|        280|
 5|   2.400E+00|                 Infinity|   6.4684622735315084E-02|        239|
 5|   2.600E+00|                 Infinity|   8.2760588860236795E-02|        146|
 5|   2.800E+00|                 Infinity|   9.0166963466743230E-02|        123|
 5|   3.000E+00|                 Infinity|   1.1111111111111110E-01|         81|
 5|   3.200E+00|                 Infinity|   1.2216944435630522E-01|         67|
 5|   3.400E+00|                 Infinity|   1.4907119849998599E-01|         45|
 5|   3.600E+00|                 Infinity|   2.2360679774997896E-01|         20|
 5|   3.800E+00|                 Infinity|   2.3570226039551587E-01|         18|
 5|   4.000E+00|                 Infinity|   2.7735009811261457E-01|         13|
 5|   4.200E+00|                 Infinity|   2.7735009811261457E-01|         13|
 5|   4.400E+00|                 Infinity|   3.0151134457776363E-01|         11|
 5|   4.600E+00|                 Infinity|   3.7796447300922720E-01|          7|
 5|   4.800E+00|                 Infinity|   7.0710678118654746E-01|          2|
# integrated result:   1.8726077460030448E-05
#
# Histogram 6: mz1                                               
 6|   0.000E+00|                      NaN|   0.0000000000000000E+00|          0|
 6|   2.000E+00|                      NaN|   0.0000000000000000E+00|          0|
 6|   4.000E+00|                 Infinity|   1.0843971668295864E-02|       8504|
 6|   6.000E+00|                 Infinity|   1.6089318388051083E-02|       3863|
 6|   8.000E+00|                 Infinity|   1.6220008041881982E-02|       3801|
 6|   1.000E+01|                 Infinity|   3.4879005320757793E-02|        822|
 6|   1.200E+01|                 Infinity|   3.3748365353141352E-02|        878|
 6|   1.400E+01|                 Infinity|   3.8404768632128432E-02|        678|
 6|   1.600E+01|                 Infinity|   4.8507125007266595E-02|        425|
 6|   1.800E+01|                 Infinity|   4.9206783130512292E-02|        413|
 6|   2.000E+01|                 Infinity|   5.6888012398857428E-02|        309|
 6|   2.200E+01|                 Infinity|   3.6860489038724284E-02|        736|
 6|   2.400E+01|                 Infinity|   3.5421817348790727E-02|        797|
 6|   2.600E+01|                 Infinity|   4.3396303660274617E-02|        531|
 6|   2.800E+01|                 Infinity|   4.3396303660274617E-02|        531|
 6|   3.000E+01|                 Infinity|   4.8393391849582724E-02|        427|
 6|   3.200E+01|                 Infinity|   4.8056933133221270E-02|        433|
 6|   3.400E+01|                 Infinity|   4.3895128130614712E-02|        519|
 6|   3.600E+01|                 Infinity|   3.7959480900056165E-02|        694|
 6|   3.800E+01|                 Infinity|   3.0400895015524083E-02|       1082|
 6|   4.000E+01|                 Infinity|   6.0192926542884599E-02|        276|
 6|   4.200E+01|                 Infinity|   6.2622429108514954E-02|        255|
 6|   4.400E+01|                 Infinity|   4.1922180815031851E-02|        569|
 6|   4.600E+01|                 Infinity|   3.4857808718787492E-02|        823|
 6|   4.800E+01|                 Infinity|   3.8433122101204392E-02|        677|
 6|   5.000E+01|                 Infinity|   3.8749212914606430E-02|        666|
 6|   5.200E+01|                 Infinity|   4.2640143271122082E-02|        550|
 6|   5.400E+01|                 Infinity|   5.0000000000000003E-02|        400|
 6|   5.600E+01|                 Infinity|   5.2925612402496311E-02|        357|
 6|   5.800E+01|                 Infinity|   3.3883707378584857E-02|        871|
 6|   6.000E+01|                 Infinity|   3.4340140987172259E-02|        848|
 6|   6.200E+01|                 Infinity|   4.9206783130512292E-02|        413|
 6|   6.400E+01|                 Infinity|   4.7404546313997722E-02|        445|
 6|   6.600E+01|                 Infinity|   4.9446817643414874E-02|        409|
 6|   6.800E+01|                 Infinity|   4.5786854649563009E-02|        477|
 6|   7.000E+01|                 Infinity|   4.5980048987170286E-02|        473|
 6|   7.200E+01|                 Infinity|   4.2640143271122082E-02|        550|
 6|   7.400E+01|                 Infinity|   4.3979949713354248E-02|        517|
 6|   7.600E+01|                 Infinity|   4.9629166698546508E-02|        406|
 6|   7.800E+01|                 Infinity|   5.1231551957855996E-02|        381|
 6|   8.000E+01|                 Infinity|   5.7831493196624020E-02|        299|
 6|   8.200E+01|                 Infinity|   5.5384877562171128E-02|        326|
 6|   8.400E+01|                 Infinity|   4.0588747923409947E-02|        607|
 6|   8.600E+01|                 Infinity|   3.3825504574586919E-02|        874|
 6|   8.800E+01|                 Infinity|   7.9684436993780732E-03|      15749|
 6|   9.000E+01|                 Infinity|   9.6251785186383353E-03|      10794|
 6|   9.200E+01|                 Infinity|   1.3078881186189037E-02|       5846|
 6|   9.400E+01|                 Infinity|   3.6735917918532250E-02|        741|
 6|   9.600E+01|                 Infinity|   6.0522753266880246E-02|        273|
 6|   9.800E+01|                 Infinity|   7.9808688446762213E-02|        157|
 6|   1.000E+02|                 Infinity|   9.6673648904566353E-02|        107|
 6|   1.020E+02|                 Infinity|   1.1250879009260240E-01|         79|
 6|   1.040E+02|                 Infinity|   1.2216944435630522E-01|         67|
 6|   1.060E+02|                 Infinity|   1.5249857033260467E-01|         43|
 6|   1.080E+02|                 Infinity|   1.6666666666666666E-01|         36|
 6|   1.100E+02|                 Infinity|   1.7407765595569785E-01|         33|
 6|   1.120E+02|                 Infinity|   1.6012815380508713E-01|         39|
 6|   1.140E+02|                 Infinity|   1.5430334996209191E-01|         42|
 6|   1.160E+02|                 Infinity|   1.7677669529663687E-01|         32|
 6|   1.180E+02|                 Infinity|   1.9245008972987526E-01|         27|
 6|   1.200E+02|                 Infinity|   2.0851441405707477E-01|         23|
 6|   1.220E+02|                 Infinity|   2.4253562503633297E-01|         17|
 6|   1.240E+02|                 Infinity|   1.9611613513818404E-01|         26|
 6|   1.260E+02|                 Infinity|   1.7960530202677491E-01|         31|
 6|   1.280E+02|                 Infinity|   1.9245008972987526E-01|         27|
 6|   1.300E+02|                 Infinity|   1.9611613513818404E-01|         26|
 6|   1.320E+02|                 Infinity|   1.7407765595569785E-01|         33|
 6|   1.340E+02|                 Infinity|   2.0000000000000001E-01|         25|
 6|   1.360E+02|                 Infinity|   1.8898223650461360E-01|         28|
 6|   1.380E+02|                 Infinity|   1.6903085094570330E-01|         35|
 6|   1.400E+02|                 Infinity|   1.7677669529663687E-01|         32|
 6|   1.420E+02|                 Infinity|   1.9245008972987526E-01|         27|
 6|   1.440E+02|                 Infinity|   1.7960530202677491E-01|         31|
 6|   1.460E+02|                 Infinity|   2.2360679774997896E-01|         20|
 6|   1.480E+02|                 Infinity|   2.0000000000000001E-01|         25|
 6|   1.500E+02|                 Infinity|   1.7407765595569785E-01|         33|
 6|   1.520E+02|                 Infinity|   2.0000000000000001E-01|         25|
 6|   1.540E+02|                 Infinity|   1.8257418583505536E-01|         30|
 6|   1.560E+02|                 Infinity|   2.5819888974716110E-01|         15|
 6|   1.580E+02|                 Infinity|   2.5819888974716110E-01|         15|
 6|   1.600E+02|                 Infinity|   2.2360679774997896E-01|         20|
 6|   1.620E+02|                 Infinity|   1.8257418583505536E-01|         30|
 6|   1.640E+02|                 Infinity|   2.4253562503633297E-01|         17|
 6|   1.660E+02|                 Infinity|   2.5000000000000000E-01|         16|
 6|   1.680E+02|                 Infinity|   2.1320071635561041E-01|         22|
 6|   1.700E+02|                 Infinity|   2.2941573387056174E-01|         19|
 6|   1.720E+02|                 Infinity|   3.0151134457776363E-01|         11|
 6|   1.740E+02|                 Infinity|   3.1622776601683794E-01|         10|
 6|   1.760E+02|                 Infinity|   3.0151134457776363E-01|         11|
 6|   1.780E+02|                 Infinity|   2.3570226039551587E-01|         18|
 6|   1.800E+02|                 Infinity|   3.1622776601683794E-01|         10|
 6|   1.820E+02|                 Infinity|   5.7735026918962584E-01|          3|
 6|   1.840E+02|                 Infinity|   3.3333333333333331E-01|          9|
 6|   1.860E+02|                 Infinity|   3.7796447300922720E-01|          7|
 6|   1.880E+02|                 Infinity|   3.7796447300922720E-01|          7|
 6|   1.900E+02|                 Infinity|   4.4721359549995793E-01|          5|
 6|   1.920E+02|                 Infinity|   3.3333333333333331E-01|          9|
 6|   1.940E+02|                 Infinity|   5.0000000000000000E-01|          4|
 6|   1.960E+02|                 Infinity|   5.0000000000000000E-01|          4|
 6|   1.980E+02|                 Infinity|   5.7735026918962584E-01|          3|
# integrated result:   1.8726077460030428E-05
#
# Histogram 7: mz2                                               
 7|   0.000E+00|                      NaN|   0.0000000000000000E+00|          0|
 7|   2.000E+00|                      NaN|   0.0000000000000000E+00|          0|
 7|   4.000E+00|                 Infinity|   1.5539870121416248E-02|       4141|
 7|   6.000E+00|                 Infinity|   2.1223817998900444E-02|       2220|
 7|   8.000E+00|                 Infinity|   2.6555952586407233E-02|       1418|
 7|   1.000E+01|                 Infinity|   3.0528125543633180E-02|       1073|
 7|   1.200E+01|                 Infinity|   3.1591201180328175E-02|       1002|
 7|   1.400E+01|                 Infinity|   3.1265269974036121E-02|       1023|
 7|   1.600E+01|                 Infinity|   3.2897584747988450E-02|        924|
 7|   1.800E+01|                 Infinity|   3.3538923545276884E-02|        889|
 7|   2.000E+01|                 Infinity|   3.3864273073929821E-02|        872|
 7|   2.200E+01|                 Infinity|   3.4139437099945942E-02|        858|
 7|   2.400E+01|                 Infinity|   3.5333262666878668E-02|        801|
 7|   2.600E+01|                 Infinity|   3.7011660509880265E-02|        730|
 7|   2.800E+01|                 Infinity|   3.7608870722230077E-02|        707|
 7|   3.000E+01|                 Infinity|   3.8954469356580992E-02|        659|
 7|   3.200E+01|                 Infinity|   3.9283710065919304E-02|        648|
 7|   3.400E+01|                 Infinity|   4.0723148118768406E-02|        603|
 7|   3.600E+01|                 Infinity|   3.9559388606461778E-02|        639|
 7|   3.800E+01|                 Infinity|   3.9652579285907208E-02|        636|
 7|   4.000E+01|                 Infinity|   3.6785594638885484E-02|        739|
 7|   4.200E+01|                 Infinity|   3.1718073984777558E-02|        994|
 7|   4.400E+01|                 Infinity|   3.1434730673096573E-02|       1012|
 7|   4.600E+01|                 Infinity|   3.9621442587516369E-02|        637|
 7|   4.800E+01|                 Infinity|   4.1630544712181333E-02|        577|
 7|   5.000E+01|                 Infinity|   3.9374961547907886E-02|        645|
 7|   5.200E+01|                 Infinity|   3.6107907233705945E-02|        767|
 7|   5.400E+01|                 Infinity|   3.3426313523243781E-02|        895|
 7|   5.600E+01|                 Infinity|   3.7011660509880265E-02|        730|
 7|   5.800E+01|                 Infinity|   4.6473941234017310E-02|        463|
 7|   6.000E+01|                 Infinity|   4.5037734911104493E-02|        493|
 7|   6.200E+01|                 Infinity|   4.3810795433832352E-02|        521|
 7|   6.400E+01|                 Infinity|   4.7457899787624949E-02|        444|
 7|   6.600E+01|                 Infinity|   4.6028730894916173E-02|        472|
 7|   6.800E+01|                 Infinity|   4.7673129462279619E-02|        440|
 7|   7.000E+01|                 Infinity|   4.8679238351123547E-02|        422|
 7|   7.200E+01|                 Infinity|   4.5175395145262566E-02|        490|
 7|   7.400E+01|                 Infinity|   4.5175395145262566E-02|        490|
 7|   7.600E+01|                 Infinity|   3.9466851898192920E-02|        642|
 7|   7.800E+01|                 Infinity|   3.5851736969103737E-02|        778|
 7|   8.000E+01|                 Infinity|   3.2410186177608220E-02|        952|
 7|   8.200E+01|                 Infinity|   1.9451424796105867E-02|       2643|
 7|   8.400E+01|                 Infinity|   2.8160635851807621E-02|       1261|
 7|   8.600E+01|                 Infinity|   2.0606514749131090E-02|       2355|
 7|   8.800E+01|                 Infinity|   1.3541982591169637E-02|       5453|
 7|   9.000E+01|                 Infinity|   7.0859639937007942E-03|      19916|
 7|   9.200E+01|                 Infinity|   1.4524822344353169E-02|       4740|
 7|   9.400E+01|                 Infinity|   4.9629166698546508E-02|        406|
 7|   9.600E+01|                 Infinity|   5.7448498962142602E-02|        303|
 7|   9.800E+01|                 Infinity|   5.5901699437494741E-02|        320|
 7|   1.000E+02|                 Infinity|   5.6165595630173037E-02|        317|
 7|   1.020E+02|                 Infinity|   5.9234887775909233E-02|        285|
 7|   1.040E+02|                 Infinity|   6.2745580513815860E-02|        254|
 7|   1.060E+02|                 Infinity|   7.6471911290187253E-02|        171|
 7|   1.080E+02|                 Infinity|   9.6225044864937631E-02|        108|
 7|   1.100E+02|                 Infinity|   1.2500000000000000E-01|         64|
 7|   1.120E+02|                 Infinity|   1.3363062095621220E-01|         56|
 7|   1.140E+02|                 Infinity|   1.3245323570650439E-01|         57|
 7|   1.160E+02|                 Infinity|   1.3483997249264842E-01|         55|
 7|   1.180E+02|                 Infinity|   1.4285714285714285E-01|         49|
 7|   1.200E+02|                 Infinity|   1.5811388300841897E-01|         40|
 7|   1.220E+02|                 Infinity|   1.6666666666666666E-01|         36|
 7|   1.240E+02|                 Infinity|   1.6012815380508713E-01|         39|
 7|   1.260E+02|                 Infinity|   1.6439898730535729E-01|         37|
 7|   1.280E+02|                 Infinity|   1.4907119849998599E-01|         45|
 7|   1.300E+02|                 Infinity|   2.1821789023599239E-01|         21|
 7|   1.320E+02|                 Infinity|   2.5000000000000000E-01|         16|
 7|   1.340E+02|                 Infinity|   2.4253562503633297E-01|         17|
 7|   1.360E+02|                 Infinity|   1.7407765595569785E-01|         33|
 7|   1.380E+02|                 Infinity|   2.0412414523193154E-01|         24|
 7|   1.400E+02|                 Infinity|   2.1320071635561041E-01|         22|
 7|   1.420E+02|                 Infinity|   2.0412414523193154E-01|         24|
 7|   1.440E+02|                 Infinity|   2.2941573387056174E-01|         19|
 7|   1.460E+02|                 Infinity|   2.3570226039551587E-01|         18|
 7|   1.480E+02|                 Infinity|   3.0151134457776363E-01|         11|
 7|   1.500E+02|                 Infinity|   2.5819888974716110E-01|         15|
 7|   1.520E+02|                 Infinity|   2.5819888974716110E-01|         15|
 7|   1.540E+02|                 Infinity|   4.4721359549995793E-01|          5|
 7|   1.560E+02|                 Infinity|   3.5355339059327373E-01|          8|
 7|   1.580E+02|                 Infinity|   4.0824829046386307E-01|          6|
 7|   1.600E+02|                 Infinity|   7.0710678118654746E-01|          2|
 7|   1.620E+02|                 Infinity|   3.7796447300922720E-01|          7|
 7|   1.640E+02|                 Infinity|   4.0824829046386307E-01|          6|
 7|   1.660E+02|                 Infinity|   4.4721359549995793E-01|          5|
 7|   1.680E+02|                 Infinity|   4.4721359549995793E-01|          5|
 7|   1.700E+02|                 Infinity|   5.7735026918962584E-01|          3|
 7|   1.720E+02|                 Infinity|   3.5355339059327373E-01|          8|
 7|   1.740E+02|                 Infinity|   4.0824829046386307E-01|          6|
 7|   1.760E+02|                 Infinity|   4.4721359549995793E-01|          5|
 7|   1.780E+02|                 Infinity|   5.0000000000000000E-01|          4|
 7|   1.800E+02|                 Infinity|   7.0710678118654746E-01|          2|
 7|   1.820E+02|                 Infinity|   7.0710678118654746E-01|          2|
 7|   1.840E+02|                 Infinity|   1.0000000000000000E+00|          1|
 7|   1.860E+02|                 Infinity|   5.0000000000000000E-01|          4|
 7|   1.880E+02|                 Infinity|   7.0710678118654746E-01|          2|
 7|   1.900E+02|                 Infinity|   7.0710678118654746E-01|          2|
 7|   1.920E+02|                 Infinity|   1.0000000000000000E+00|          1|
 7|   1.940E+02|                 Infinity|   4.0824829046386307E-01|          6|
 7|   1.960E+02|                 Infinity|   1.0000000000000000E+00|          1|
 7|   1.980E+02|                 Infinity|   1.0000000000000000E+00|          1|
# integrated result:   1.8726077460030421E-05
#
# Histogram 8: m_4l                                              
 8|   1.000E+02|                 Infinity|   8.4087071837143593E-03|      14143|
 8|   1.400E+02|                 Infinity|   8.6015339623164364E-03|      13516|
 8|   1.800E+02|                 Infinity|   9.8152490381117757E-03|      10380|
 8|   2.200E+02|                 Infinity|   1.1537010969989402E-02|       7513|
 8|   2.600E+02|                 Infinity|   1.2876722477435864E-02|       6031|
 8|   3.000E+02|                 Infinity|   1.5590780467500804E-02|       4114|
 8|   3.400E+02|                 Infinity|   1.7794833841959616E-02|       3158|
 8|   3.800E+02|                 Infinity|   2.0824296970586242E-02|       2306|
 8|   4.200E+02|                 Infinity|   2.3925088201495553E-02|       1747|
 8|   4.600E+02|                 Infinity|   2.9656491293029667E-02|       1137|
 8|   5.000E+02|                 Infinity|   3.4159349284257755E-02|        857|
 8|   5.400E+02|                 Infinity|   4.4151078568834795E-02|        513|
 8|   5.800E+02|                 Infinity|   5.2414241836095915E-02|        364|
 8|   6.200E+02|                 Infinity|   6.1662641597820735E-02|        263|
 8|   6.600E+02|                 Infinity|   6.7573737839948592E-02|        219|
 8|   7.000E+02|                 Infinity|   8.7705801930702931E-02|        130|
 8|   7.400E+02|                 Infinity|   1.0540925533894598E-01|         90|
 8|   7.800E+02|                 Infinity|   1.1111111111111110E-01|         81|
 8|   8.200E+02|                 Infinity|   1.2909944487358055E-01|         60|
 8|   8.600E+02|                 Infinity|   1.6439898730535729E-01|         37|
 8|   9.000E+02|                 Infinity|   1.7677669529663687E-01|         32|
 8|   9.400E+02|                 Infinity|   1.8898223650461360E-01|         28|
 8|   9.800E+02|                 Infinity|   2.4253562503633297E-01|         17|
 8|   1.020E+03|                 Infinity|   2.2941573387056174E-01|         19|
 8|   1.060E+03|                 Infinity|   3.5355339059327373E-01|          8|
 8|   1.100E+03|                 Infinity|   2.8867513459481292E-01|         12|
 8|   1.140E+03|                 Infinity|   4.4721359549995793E-01|          5|
 8|   1.180E+03|                 Infinity|   4.4721359549995793E-01|          5|
 8|   1.220E+03|                 Infinity|   4.0824829046386307E-01|          6|
 8|   1.260E+03|                 Infinity|   3.1622776601683794E-01|         10|
 8|   1.300E+03|                 Infinity|   4.4721359549995793E-01|          5|
 8|   1.340E+03|                 Infinity|   7.0710678118654746E-01|          2|
 8|   1.380E+03|                      NaN|   0.0000000000000000E+00|          0|
 8|   1.420E+03|                 Infinity|   5.7735026918962584E-01|          3|
 8|   1.460E+03|                 Infinity|   4.4721359549995793E-01|          5|
 8|   1.500E+03|                 Infinity|   5.7735026918962584E-01|          3|
 8|   1.540E+03|                 Infinity|   7.0710678118654746E-01|          2|
 8|   1.580E+03|                 Infinity|   5.7735026918962584E-01|          3|
 8|   1.620E+03|                 Infinity|   5.7735026918962584E-01|          3|
 8|   1.660E+03|                 Infinity|   7.0710678118654746E-01|          2|
 8|   1.700E+03|                 Infinity|   1.0000000000000000E+00|          1|
 8|   1.740E+03|                 Infinity|   7.0710678118654746E-01|          2|
 8|   1.780E+03|                 Infinity|   1.0000000000000000E+00|          1|
 8|   1.820E+03|                 Infinity|   1.0000000000000000E+00|          1|
 8|   1.860E+03|                 Infinity|   1.0000000000000000E+00|          1|
 8|   1.900E+03|                 Infinity|   1.0000000000000000E+00|          1|
 8|   1.940E+03|                 Infinity|   7.0710678118654746E-01|          2|
 8|   1.980E+03|                 Infinity|   1.0000000000000000E+00|          1|
 8|   2.020E+03|                 Infinity|   1.0000000000000000E+00|          1|
 8|   2.060E+03|                 Infinity|   1.0000000000000000E+00|          1|
 8|   2.100E+03|                      NaN|   0.0000000000000000E+00|          0|
 8|   2.140E+03|                      NaN|   0.0000000000000000E+00|          0|
 8|   2.180E+03|                 Infinity|   1.0000000000000000E+00|          1|
 8|   2.220E+03|                      NaN|   0.0000000000000000E+00|          0|
 8|   2.260E+03|                      NaN|   0.0000000000000000E+00|          0|
 8|   2.300E+03|                      NaN|   0.0000000000000000E+00|          0|
 8|   2.340E+03|                      NaN|   0.0000000000000000E+00|          0|
 8|   2.380E+03|                      NaN|   0.0000000000000000E+00|          0|
 8|   2.420E+03|                      NaN|   0.0000000000000000E+00|          0|
 8|   2.460E+03|                 Infinity|   1.0000000000000000E+00|          1|
 8|   2.500E+03|                 Infinity|   1.0000000000000000E+00|          1|
 8|   2.540E+03|                      NaN|   0.0000000000000000E+00|          0|
 8|   2.580E+03|                      NaN|   0.0000000000000000E+00|          0|
 8|   2.620E+03|                      NaN|   0.0000000000000000E+00|          0|
 8|   2.660E+03|                      NaN|   0.0000000000000000E+00|          0|
 8|   2.700E+03|                      NaN|   0.0000000000000000E+00|          0|
 8|   2.740E+03|                      NaN|   0.0000000000000000E+00|          0|
 8|   2.780E+03|                 Infinity|   1.0000000000000000E+00|          1|
 8|   2.820E+03|                      NaN|   0.0000000000000000E+00|          0|
 8|   2.860E+03|                      NaN|   0.0000000000000000E+00|          0|
 8|   2.900E+03|                      NaN|   0.0000000000000000E+00|          0|
 8|   2.940E+03|                      NaN|   0.0000000000000000E+00|          0|
 8|   2.980E+03|                      NaN|   0.0000000000000000E+00|          0|
 8|   3.020E+03|                      NaN|   0.0000000000000000E+00|          0|
 8|   3.060E+03|                      NaN|   0.0000000000000000E+00|          0|
 8|   3.100E+03|                      NaN|   0.0000000000000000E+00|          0|
 8|   3.140E+03|                      NaN|   0.0000000000000000E+00|          0|
 8|   3.180E+03|                      NaN|   0.0000000000000000E+00|          0|
 8|   3.220E+03|                      NaN|   0.0000000000000000E+00|          0|
 8|   3.260E+03|                      NaN|   0.0000000000000000E+00|          0|
 8|   3.300E+03|                      NaN|   0.0000000000000000E+00|          0|
 8|   3.340E+03|                      NaN|   0.0000000000000000E+00|          0|
 8|   3.380E+03|                      NaN|   0.0000000000000000E+00|          0|
 8|   3.420E+03|                      NaN|   0.0000000000000000E+00|          0|
 8|   3.460E+03|                      NaN|   0.0000000000000000E+00|          0|
 8|   3.500E+03|                      NaN|   0.0000000000000000E+00|          0|
 8|   3.540E+03|                      NaN|   0.0000000000000000E+00|          0|
 8|   3.580E+03|                      NaN|   0.0000000000000000E+00|          0|
 8|   3.620E+03|                      NaN|   0.0000000000000000E+00|          0|
 8|   3.660E+03|                      NaN|   0.0000000000000000E+00|          0|
 8|   3.700E+03|                      NaN|   0.0000000000000000E+00|          0|
 8|   3.740E+03|                      NaN|   0.0000000000000000E+00|          0|
 8|   3.780E+03|                      NaN|   0.0000000000000000E+00|          0|
 8|   3.820E+03|                      NaN|   0.0000000000000000E+00|          0|
 8|   3.860E+03|                      NaN|   0.0000000000000000E+00|          0|
 8|   3.900E+03|                      NaN|   0.0000000000000000E+00|          0|
 8|   3.940E+03|                      NaN|   0.0000000000000000E+00|          0|
 8|   3.980E+03|                      NaN|   0.0000000000000000E+00|          0|
 8|   4.020E+03|                      NaN|   0.0000000000000000E+00|          0|
 8|   4.060E+03|                      NaN|   0.0000000000000000E+00|          0|
# integrated result:   1.8726077460030364E-05
#
# Histogram 9: m_4l                                              
 9|   8.500E+01|                 Infinity|   6.3372425052447792E-02|        249|
 9|   8.600E+01|                 Infinity|   6.6964953018242512E-02|        223|
 9|   8.700E+01|                 Infinity|   6.5094455490411943E-02|        236|
 9|   8.800E+01|                 Infinity|   6.8842839082151427E-02|        211|
 9|   8.900E+01|                 Infinity|   6.9504804685691590E-02|        207|
 9|   9.000E+01|                 Infinity|   7.5377836144440907E-02|        176|
 9|   9.100E+01|                 Infinity|   7.6696498884737035E-02|        170|
 9|   9.200E+01|                 Infinity|   8.3045479853739973E-02|        145|
 9|   9.300E+01|                 Infinity|   7.0014004201400484E-02|        204|
 9|   9.400E+01|                 Infinity|   7.5377836144440907E-02|        176|
 9|   9.500E+01|                 Infinity|   6.7884423330213065E-02|        217|
 9|   9.600E+01|                 Infinity|   6.9673301429161769E-02|        206|
 9|   9.700E+01|                 Infinity|   6.6519010523773930E-02|        226|
 9|   9.800E+01|                 Infinity|   6.4549722436790274E-02|        240|
 9|   9.900E+01|                 Infinity|   6.4282434653322507E-02|        242|
 9|   1.000E+02|                 Infinity|   6.1199006136210460E-02|        267|
 9|   1.010E+02|                 Infinity|   5.9976014390406722E-02|        278|
 9|   1.020E+02|                 Infinity|   5.7831493196624020E-02|        299|
 9|   1.030E+02|                 Infinity|   5.9549133417541367E-02|        282|
 9|   1.040E+02|                 Infinity|   6.0192926542884599E-02|        276|
 9|   1.050E+02|                 Infinity|   5.5470019622522911E-02|        325|
 9|   1.060E+02|                 Infinity|   5.3994924715603881E-02|        343|
 9|   1.070E+02|                 Infinity|   5.5555555555555552E-02|        324|
 9|   1.080E+02|                 Infinity|   5.6796183424706478E-02|        310|
 9|   1.090E+02|                 Infinity|   5.5384877562171128E-02|        326|
 9|   1.100E+02|                 Infinity|   5.4882129994845173E-02|        332|
 9|   1.110E+02|                 Infinity|   5.2057920629535355E-02|        369|
 9|   1.120E+02|                 Infinity|   4.9875466805381644E-02|        402|
 9|   1.130E+02|                 Infinity|   5.1434449987363969E-02|        378|
 9|   1.140E+02|                 Infinity|   5.0315460542662761E-02|        395|
 9|   1.150E+02|                 Infinity|   5.1164451009665081E-02|        382|
 9|   1.160E+02|                 Infinity|   5.1571062312939668E-02|        376|
 9|   1.170E+02|                 Infinity|   5.1298917604257706E-02|        380|
 9|   1.180E+02|                 Infinity|   5.0572173742417362E-02|        391|
 9|   1.190E+02|                 Infinity|   4.9147318718299048E-02|        414|
 9|   1.200E+02|                 Infinity|   5.1639777949432225E-02|        375|
 9|   1.210E+02|                 Infinity|   5.1987524491003641E-02|        370|
 9|   1.220E+02|                 Infinity|   5.3760333057047034E-02|        346|
 9|   1.230E+02|                 Infinity|   5.5215763037423267E-02|        328|
 9|   1.240E+02|                 Infinity|   5.1164451009665081E-02|        382|
 9|   1.250E+02|                 Infinity|   5.1366549693751415E-02|        379|
 9|   1.260E+02|                 Infinity|   5.0832856777534893E-02|        387|
 9|   1.270E+02|                 Infinity|   5.2704627669472988E-02|        360|
 9|   1.280E+02|                 Infinity|   5.0702012656339383E-02|        389|
 9|   1.290E+02|                 Infinity|   5.1639777949432225E-02|        375|
 9|   1.300E+02|                 Infinity|   5.1366549693751415E-02|        379|
 9|   1.310E+02|                 Infinity|   5.2777981396925952E-02|        359|
 9|   1.320E+02|                 Infinity|   5.3149400345273393E-02|        354|
 9|   1.330E+02|                 Infinity|   5.1987524491003641E-02|        370|
 9|   1.340E+02|                 Infinity|   5.1298917604257706E-02|        380|
# integrated result:   1.8726077460030530E-05
#
# Histogram10: Phi1                                              
10|  -3.142E+00|                 Infinity|   2.5416428388767447E-02|       1548|
10|  -2.985E+00|                 Infinity|   2.4404766228169002E-02|       1679|
10|  -2.827E+00|                 Infinity|   2.3762422826087874E-02|       1771|
10|  -2.670E+00|                 Infinity|   2.4063224962571107E-02|       1727|
10|  -2.513E+00|                 Infinity|   2.4899052235614633E-02|       1613|
10|  -2.356E+00|                 Infinity|   2.3682324543709943E-02|       1783|
10|  -2.199E+00|                 Infinity|   2.3829795864119579E-02|       1761|
10|  -2.042E+00|                 Infinity|   2.2140372138502382E-02|       2040|
10|  -1.885E+00|                 Infinity|   2.1002657004177173E-02|       2267|
10|  -1.728E+00|                 Infinity|   2.0637208585324900E-02|       2348|
10|  -1.571E+00|                 Infinity|   2.2570430888309446E-02|       1963|
10|  -1.414E+00|                 Infinity|   2.2929508398902763E-02|       1902|
10|  -1.257E+00|                 Infinity|   2.3293638560678977E-02|       1843|
10|  -1.100E+00|                 Infinity|   2.3823032760289849E-02|       1762|
10|  -9.425E-01|                 Infinity|   2.4715856229864275E-02|       1637|
10|  -7.854E-01|                 Infinity|   2.5532146059408262E-02|       1534|
10|  -6.283E-01|                 Infinity|   2.4700771787671945E-02|       1639|
10|  -4.713E-01|                 Infinity|   2.4937733402690822E-02|       1608|
10|  -3.142E-01|                 Infinity|   2.5054867600094295E-02|       1593|
10|  -1.571E-01|                 Infinity|   2.5657900289539272E-02|       1519|
10|  -3.000E-05|                 Infinity|   2.5932507713058290E-02|       1487|
10|   1.570E-01|                 Infinity|   2.5031308716087945E-02|       1596|
10|   3.141E-01|                 Infinity|   2.5133880308373671E-02|       1583|
10|   4.712E-01|                 Infinity|   2.4685714930565622E-02|       1641|
10|   6.283E-01|                 Infinity|   2.4346831983299171E-02|       1687|
10|   7.854E-01|                 Infinity|   2.3966279201637065E-02|       1741|
10|   9.424E-01|                 Infinity|   2.3498534324630827E-02|       1811|
10|   1.100E+00|                 Infinity|   2.2645540682891915E-02|       1950|
10|   1.257E+00|                 Infinity|   2.2244202665006454E-02|       2021|
10|   1.414E+00|                 Infinity|   2.1858249849398711E-02|       2093|
10|   1.571E+00|                 Infinity|   2.0571603220883004E-02|       2363|
10|   1.728E+00|                 Infinity|   2.0493696595977912E-02|       2381|
10|   1.885E+00|                 Infinity|   2.0756896976210092E-02|       2321|
10|   2.042E+00|                 Infinity|   2.2167554926073633E-02|       2035|
10|   2.199E+00|                 Infinity|   2.3094010767585032E-02|       1875|
10|   2.356E+00|                 Infinity|   2.3877299420036403E-02|       1754|
10|   2.513E+00|                 Infinity|   2.3531040266750583E-02|       1806|
10|   2.670E+00|                 Infinity|   2.2977882942966148E-02|       1894|
10|   2.827E+00|                 Infinity|   2.4310831916315757E-02|       1692|
10|   2.984E+00|                 Infinity|   2.5391835805951279E-02|       1551|
# integrated result:   1.8726077460030445E-05
#
