#
# column #1=histogram, #2=x-axis bin, #3=binned cross-section, #4=error, #5=number of events 
# this can be easily plotted in gnuplot with the commands:
#    NHi=3
#    plot 'output.dat' using ($2):($1==NHi ? $3 : 1/0) w st
# where NHi selects the histogram
#
#
# run time =      -0.00min
# TotCS =      4.1407552153E-03           3.55459E-04
#
# Histogram 1: m_jj                                              
 1|   0.000E+00|                      NaN|   0.0000000000000000E+00|          0|
 1|   5.000E+01|                 Infinity|   3.9574564862861379E-03|      63851|
 1|   1.000E+02|                 Infinity|   1.8888107730216267E-02|       2803|
 1|   1.500E+02|                 Infinity|   4.9446817643414874E-02|        409|
 1|   2.000E+02|                 Infinity|   8.7705801930702931E-02|        130|
 1|   2.500E+02|                 Infinity|   1.4907119849998599E-01|         45|
 1|   3.000E+02|                 Infinity|   2.1320071635561041E-01|         22|
 1|   3.500E+02|                 Infinity|   3.0151134457776363E-01|         11|
 1|   4.000E+02|                 Infinity|   4.0824829046386307E-01|          6|
 1|   4.500E+02|                 Infinity|   4.0824829046386307E-01|          6|
 1|   5.000E+02|                 Infinity|   7.0710678118654746E-01|          2|
 1|   5.500E+02|                      NaN|   0.0000000000000000E+00|          0|
 1|   6.000E+02|                      NaN|   0.0000000000000000E+00|          0|
 1|   6.500E+02|                      NaN|   0.0000000000000000E+00|          0|
 1|   7.000E+02|                 Infinity|   1.0000000000000000E+00|          1|
 1|   7.500E+02|                      NaN|   0.0000000000000000E+00|          0|
 1|   8.000E+02|                      NaN|   0.0000000000000000E+00|          0|
 1|   8.500E+02|                      NaN|   0.0000000000000000E+00|          0|
 1|   9.000E+02|                      NaN|   0.0000000000000000E+00|          0|
 1|   9.500E+02|                      NaN|   0.0000000000000000E+00|          0|
 1|   1.000E+03|                      NaN|   0.0000000000000000E+00|          0|
 1|   1.050E+03|                      NaN|   0.0000000000000000E+00|          0|
 1|   1.100E+03|                      NaN|   0.0000000000000000E+00|          0|
 1|   1.150E+03|                      NaN|   0.0000000000000000E+00|          0|
 1|   1.200E+03|                      NaN|   0.0000000000000000E+00|          0|
 1|   1.250E+03|                      NaN|   0.0000000000000000E+00|          0|
 1|   1.300E+03|                      NaN|   0.0000000000000000E+00|          0|
 1|   1.350E+03|                      NaN|   0.0000000000000000E+00|          0|
 1|   1.400E+03|                      NaN|   0.0000000000000000E+00|          0|
 1|   1.450E+03|                      NaN|   0.0000000000000000E+00|          0|
 1|   1.500E+03|                      NaN|   0.0000000000000000E+00|          0|
 1|   1.550E+03|                      NaN|   0.0000000000000000E+00|          0|
 1|   1.600E+03|                      NaN|   0.0000000000000000E+00|          0|
 1|   1.650E+03|                      NaN|   0.0000000000000000E+00|          0|
 1|   1.700E+03|                      NaN|   0.0000000000000000E+00|          0|
 1|   1.750E+03|                      NaN|   0.0000000000000000E+00|          0|
 1|   1.800E+03|                      NaN|   0.0000000000000000E+00|          0|
 1|   1.850E+03|                      NaN|   0.0000000000000000E+00|          0|
 1|   1.900E+03|                      NaN|   0.0000000000000000E+00|          0|
 1|   1.950E+03|                      NaN|   0.0000000000000000E+00|          0|
 1|   2.000E+03|                      NaN|   0.0000000000000000E+00|          0|
 1|   2.050E+03|                      NaN|   0.0000000000000000E+00|          0|
 1|   2.100E+03|                      NaN|   0.0000000000000000E+00|          0|
 1|   2.150E+03|                      NaN|   0.0000000000000000E+00|          0|
 1|   2.200E+03|                      NaN|   0.0000000000000000E+00|          0|
 1|   2.250E+03|                      NaN|   0.0000000000000000E+00|          0|
 1|   2.300E+03|                      NaN|   0.0000000000000000E+00|          0|
 1|   2.350E+03|                      NaN|   0.0000000000000000E+00|          0|
 1|   2.400E+03|                      NaN|   0.0000000000000000E+00|          0|
 1|   2.450E+03|                      NaN|   0.0000000000000000E+00|          0|
 1|   2.500E+03|                      NaN|   0.0000000000000000E+00|          0|
 1|   2.550E+03|                      NaN|   0.0000000000000000E+00|          0|
 1|   2.600E+03|                      NaN|   0.0000000000000000E+00|          0|
 1|   2.650E+03|                      NaN|   0.0000000000000000E+00|          0|
 1|   2.700E+03|                      NaN|   0.0000000000000000E+00|          0|
 1|   2.750E+03|                      NaN|   0.0000000000000000E+00|          0|
 1|   2.800E+03|                      NaN|   0.0000000000000000E+00|          0|
 1|   2.850E+03|                      NaN|   0.0000000000000000E+00|          0|
 1|   2.900E+03|                      NaN|   0.0000000000000000E+00|          0|
 1|   2.950E+03|                      NaN|   0.0000000000000000E+00|          0|
 1|   3.000E+03|                      NaN|   0.0000000000000000E+00|          0|
 1|   3.050E+03|                      NaN|   0.0000000000000000E+00|          0|
 1|   3.100E+03|                      NaN|   0.0000000000000000E+00|          0|
 1|   3.150E+03|                      NaN|   0.0000000000000000E+00|          0|
 1|   3.200E+03|                      NaN|   0.0000000000000000E+00|          0|
 1|   3.250E+03|                      NaN|   0.0000000000000000E+00|          0|
 1|   3.300E+03|                      NaN|   0.0000000000000000E+00|          0|
 1|   3.350E+03|                      NaN|   0.0000000000000000E+00|          0|
 1|   3.400E+03|                      NaN|   0.0000000000000000E+00|          0|
 1|   3.450E+03|                      NaN|   0.0000000000000000E+00|          0|
 1|   3.500E+03|                      NaN|   0.0000000000000000E+00|          0|
 1|   3.550E+03|                      NaN|   0.0000000000000000E+00|          0|
 1|   3.600E+03|                      NaN|   0.0000000000000000E+00|          0|
 1|   3.650E+03|                      NaN|   0.0000000000000000E+00|          0|
 1|   3.700E+03|                      NaN|   0.0000000000000000E+00|          0|
 1|   3.750E+03|                      NaN|   0.0000000000000000E+00|          0|
 1|   3.800E+03|                      NaN|   0.0000000000000000E+00|          0|
 1|   3.850E+03|                      NaN|   0.0000000000000000E+00|          0|
 1|   3.900E+03|                      NaN|   0.0000000000000000E+00|          0|
 1|   3.950E+03|                      NaN|   0.0000000000000000E+00|          0|
 1|   4.000E+03|                      NaN|   0.0000000000000000E+00|          0|
 1|   4.050E+03|                      NaN|   0.0000000000000000E+00|          0|
 1|   4.100E+03|                      NaN|   0.0000000000000000E+00|          0|
 1|   4.150E+03|                      NaN|   0.0000000000000000E+00|          0|
 1|   4.200E+03|                      NaN|   0.0000000000000000E+00|          0|
 1|   4.250E+03|                      NaN|   0.0000000000000000E+00|          0|
 1|   4.300E+03|                      NaN|   0.0000000000000000E+00|          0|
 1|   4.350E+03|                      NaN|   0.0000000000000000E+00|          0|
 1|   4.400E+03|                      NaN|   0.0000000000000000E+00|          0|
 1|   4.450E+03|                      NaN|   0.0000000000000000E+00|          0|
 1|   4.500E+03|                      NaN|   0.0000000000000000E+00|          0|
 1|   4.550E+03|                      NaN|   0.0000000000000000E+00|          0|
 1|   4.600E+03|                      NaN|   0.0000000000000000E+00|          0|
 1|   4.650E+03|                      NaN|   0.0000000000000000E+00|          0|
 1|   4.700E+03|                      NaN|   0.0000000000000000E+00|          0|
 1|   4.750E+03|                      NaN|   0.0000000000000000E+00|          0|
 1|   4.800E+03|                      NaN|   0.0000000000000000E+00|          0|
 1|   4.850E+03|                      NaN|   0.0000000000000000E+00|          0|
 1|   4.900E+03|                      NaN|   0.0000000000000000E+00|          0|
 1|   4.950E+03|                      NaN|   0.0000000000000000E+00|          0|
# integrated result:   4.1407552152970461E-03
#
# Histogram 2: m_jj                                              
 2|   0.000E+00|                      NaN|   0.0000000000000000E+00|          0|
 2|   2.000E+00|                      NaN|   0.0000000000000000E+00|          0|
 2|   4.000E+00|                      NaN|   0.0000000000000000E+00|          0|
 2|   6.000E+00|                      NaN|   0.0000000000000000E+00|          0|
 2|   8.000E+00|                      NaN|   0.0000000000000000E+00|          0|
 2|   1.000E+01|                      NaN|   0.0000000000000000E+00|          0|
 2|   1.200E+01|                      NaN|   0.0000000000000000E+00|          0|
 2|   1.400E+01|                      NaN|   0.0000000000000000E+00|          0|
 2|   1.600E+01|                      NaN|   0.0000000000000000E+00|          0|
 2|   1.800E+01|                      NaN|   0.0000000000000000E+00|          0|
 2|   2.000E+01|                      NaN|   0.0000000000000000E+00|          0|
 2|   2.200E+01|                      NaN|   0.0000000000000000E+00|          0|
 2|   2.400E+01|                      NaN|   0.0000000000000000E+00|          0|
 2|   2.600E+01|                      NaN|   0.0000000000000000E+00|          0|
 2|   2.800E+01|                      NaN|   0.0000000000000000E+00|          0|
 2|   3.000E+01|                      NaN|   0.0000000000000000E+00|          0|
 2|   3.200E+01|                      NaN|   0.0000000000000000E+00|          0|
 2|   3.400E+01|                      NaN|   0.0000000000000000E+00|          0|
 2|   3.600E+01|                      NaN|   0.0000000000000000E+00|          0|
 2|   3.800E+01|                      NaN|   0.0000000000000000E+00|          0|
 2|   4.000E+01|                      NaN|   0.0000000000000000E+00|          0|
 2|   4.200E+01|                      NaN|   0.0000000000000000E+00|          0|
 2|   4.400E+01|                      NaN|   0.0000000000000000E+00|          0|
 2|   4.600E+01|                      NaN|   0.0000000000000000E+00|          0|
 2|   4.800E+01|                      NaN|   0.0000000000000000E+00|          0|
 2|   5.000E+01|                      NaN|   0.0000000000000000E+00|          0|
 2|   5.200E+01|                      NaN|   0.0000000000000000E+00|          0|
 2|   5.400E+01|                      NaN|   0.0000000000000000E+00|          0|
 2|   5.600E+01|                      NaN|   0.0000000000000000E+00|          0|
 2|   5.800E+01|                      NaN|   0.0000000000000000E+00|          0|
 2|   6.000E+01|                      NaN|   0.0000000000000000E+00|          0|
 2|   6.200E+01|                      NaN|   0.0000000000000000E+00|          0|
 2|   6.400E+01|                      NaN|   0.0000000000000000E+00|          0|
 2|   6.600E+01|                      NaN|   0.0000000000000000E+00|          0|
 2|   6.800E+01|                      NaN|   0.0000000000000000E+00|          0|
 2|   7.000E+01|                 Infinity|   3.5466345106595430E-02|        795|
 2|   7.200E+01|                 Infinity|   3.6321635614607398E-02|        758|
 2|   7.400E+01|                 Infinity|   3.8954469356580992E-02|        659|
 2|   7.600E+01|                 Infinity|   4.0858892322271849E-02|        599|
 2|   7.800E+01|                 Infinity|   3.5759926992607577E-02|        782|
 2|   8.000E+01|                 Infinity|   2.6650089544451302E-02|       1408|
 2|   8.200E+01|                 Infinity|   2.0659216918960218E-02|       2343|
 2|   8.400E+01|                 Infinity|   1.8908355841512122E-02|       2797|
 2|   8.600E+01|                 Infinity|   1.8847805889708434E-02|       2815|
 2|   8.800E+01|                 Infinity|   1.0590463556853185E-02|       8916|
 2|   9.000E+01|                 Infinity|   7.1207300660652310E-03|      19722|
 2|   9.200E+01|                 Infinity|   8.2227277832499536E-03|      14790|
 2|   9.400E+01|                 Infinity|   1.4092896504156341E-02|       5035|
 2|   9.600E+01|                 Infinity|   2.8171808490950551E-02|       1260|
 2|   9.800E+01|                 Infinity|   2.9210311891849298E-02|       1172|
 2|   1.000E+02|                 Infinity|   3.4523833987986266E-02|        839|
 2|   1.020E+02|                 Infinity|   4.3274232240791542E-02|        534|
 2|   1.040E+02|                 Infinity|   7.1795815861773818E-02|        194|
 2|   1.060E+02|                 Infinity|   8.9087080637474794E-02|        126|
 2|   1.080E+02|                 Infinity|   8.9802651013387455E-02|        124|
 2|   1.100E+02|                 Infinity|   1.1043152607484653E-01|         82|
 2|   1.120E+02|                 Infinity|   1.1867816581938533E-01|         71|
 2|   1.140E+02|                 Infinity|   1.1785113019775793E-01|         72|
 2|   1.160E+02|                 Infinity|   1.3245323570650439E-01|         57|
 2|   1.180E+02|                 Infinity|   1.3245323570650439E-01|         57|
 2|   1.200E+02|                 Infinity|   1.1322770341445956E-01|         78|
 2|   1.220E+02|                 Infinity|   1.3736056394868904E-01|         53|
 2|   1.240E+02|                 Infinity|   1.3867504905630729E-01|         52|
 2|   1.260E+02|                 Infinity|   1.3363062095621220E-01|         56|
 2|   1.280E+02|                 Infinity|   1.5249857033260467E-01|         43|
 2|   1.300E+02|                 Infinity|   1.4285714285714285E-01|         49|
 2|   1.320E+02|                 Infinity|   1.5617376188860607E-01|         41|
 2|   1.340E+02|                 Infinity|   1.5430334996209191E-01|         42|
 2|   1.360E+02|                 Infinity|   1.6666666666666666E-01|         36|
 2|   1.380E+02|                 Infinity|   2.0851441405707477E-01|         23|
 2|   1.400E+02|                 Infinity|   1.7149858514250882E-01|         34|
 2|   1.420E+02|                 Infinity|   1.7407765595569785E-01|         33|
 2|   1.440E+02|                 Infinity|   1.6012815380508713E-01|         39|
 2|   1.460E+02|                 Infinity|   1.6012815380508713E-01|         39|
 2|   1.480E+02|                 Infinity|   1.8569533817705186E-01|         29|
 2|   1.500E+02|                 Infinity|   1.8257418583505536E-01|         30|
 2|   1.520E+02|                 Infinity|   2.2360679774997896E-01|         20|
 2|   1.540E+02|                 Infinity|   1.9245008972987526E-01|         27|
 2|   1.560E+02|                 Infinity|   2.0000000000000001E-01|         25|
 2|   1.580E+02|                 Infinity|   2.0412414523193154E-01|         24|
 2|   1.600E+02|                 Infinity|   2.1821789023599239E-01|         21|
 2|   1.620E+02|                 Infinity|   2.5000000000000000E-01|         16|
 2|   1.640E+02|                 Infinity|   2.1320071635561041E-01|         22|
 2|   1.660E+02|                 Infinity|   2.6726124191242440E-01|         14|
 2|   1.680E+02|                 Infinity|   2.1320071635561041E-01|         22|
 2|   1.700E+02|                 Infinity|   2.8867513459481292E-01|         12|
 2|   1.720E+02|                 Infinity|   2.2360679774997896E-01|         20|
 2|   1.740E+02|                 Infinity|   2.8867513459481292E-01|         12|
 2|   1.760E+02|                 Infinity|   2.4253562503633297E-01|         17|
 2|   1.780E+02|                 Infinity|   2.6726124191242440E-01|         14|
 2|   1.800E+02|                 Infinity|   3.1622776601683794E-01|         10|
 2|   1.820E+02|                 Infinity|   2.5819888974716110E-01|         15|
 2|   1.840E+02|                 Infinity|   2.8867513459481292E-01|         12|
 2|   1.860E+02|                 Infinity|   3.5355339059327373E-01|          8|
 2|   1.880E+02|                 Infinity|   2.8867513459481292E-01|         12|
 2|   1.900E+02|                 Infinity|   3.5355339059327373E-01|          8|
 2|   1.920E+02|                 Infinity|   2.8867513459481292E-01|         12|
 2|   1.940E+02|                 Infinity|   2.7735009811261457E-01|         13|
 2|   1.960E+02|                 Infinity|   2.8867513459481292E-01|         12|
 2|   1.980E+02|                 Infinity|   3.0151134457776363E-01|         11|
# integrated result:   4.1407552152970244E-03
#
# Histogram 3: pT(H)                                             
 3|   0.000E+00|                 Infinity|   1.6755332185712266E-02|       3562|
 3|   1.000E+01|                 Infinity|   1.3066593726240383E-02|       5857|
 3|   2.000E+01|                 Infinity|   1.3781637176578718E-02|       5265|
 3|   3.000E+01|                 Infinity|   1.5009195949641741E-02|       4439|
 3|   4.000E+01|                 Infinity|   1.5390080288719288E-02|       4222|
 3|   5.000E+01|                 Infinity|   1.5756337291581362E-02|       4028|
 3|   6.000E+01|                 Infinity|   1.6074760739013736E-02|       3870|
 3|   7.000E+01|                 Infinity|   1.6699168903045028E-02|       3586|
 3|   8.000E+01|                 Infinity|   1.7117165741551164E-02|       3413|
 3|   9.000E+01|                 Infinity|   1.8239188505486094E-02|       3006|
 3|   1.000E+02|                 Infinity|   1.8814417367671945E-02|       2825|
 3|   1.100E+02|                 Infinity|   2.0203050891044214E-02|       2450|
 3|   1.200E+02|                 Infinity|   2.1383343303319473E-02|       2187|
 3|   1.300E+02|                 Infinity|   2.2674629379125909E-02|       1945|
 3|   1.400E+02|                 Infinity|   2.3918243661746993E-02|       1748|
 3|   1.500E+02|                 Infinity|   2.5776963111323350E-02|       1505|
 3|   1.600E+02|                 Infinity|   2.6288495648390097E-02|       1447|
 3|   1.700E+02|                 Infinity|   2.8700578896514575E-02|       1214|
 3|   1.800E+02|                 Infinity|   3.0585187510330802E-02|       1069|
 3|   1.900E+02|                 Infinity|   3.3149677206589796E-02|        910|
 3|   2.000E+02|                 Infinity|   3.4079908829549851E-02|        861|
 3|   2.100E+02|                 Infinity|   3.5355339059327376E-02|        800|
 3|   2.200E+02|                 Infinity|   3.7582301400141446E-02|        708|
 3|   2.300E+02|                 Infinity|   4.1415768328129106E-02|        583|
 3|   2.400E+02|                 Infinity|   4.2796049251091289E-02|        546|
 3|   2.500E+02|                 Infinity|   4.4632184267745179E-02|        502|
 3|   2.600E+02|                 Infinity|   4.6676002800933661E-02|        459|
 3|   2.700E+02|                 Infinity|   5.1298917604257706E-02|        380|
 3|   2.800E+02|                 Infinity|   5.0443327230531826E-02|        393|
 3|   2.900E+02|                 Infinity|   5.7259833431386825E-02|        305|
 3|   3.000E+02|                 Infinity|   5.8722021951470346E-02|        290|
 3|   3.100E+02|                 Infinity|   6.3757671306333821E-02|        246|
 3|   3.200E+02|                 Infinity|   6.4150029909958411E-02|        243|
 3|   3.300E+02|                 Infinity|   6.9673301429161769E-02|        206|
 3|   3.400E+02|                 Infinity|   6.7884423330213065E-02|        217|
 3|   3.500E+02|                 Infinity|   7.1066905451870152E-02|        198|
 3|   3.600E+02|                 Infinity|   7.2932495748947279E-02|        188|
 3|   3.700E+02|                 Infinity|   8.7705801930702931E-02|        130|
 3|   3.800E+02|                 Infinity|   8.4515425472851652E-02|        140|
 3|   3.900E+02|                 Infinity|   8.5749292571254410E-02|        136|
 3|   4.000E+02|                 Infinity|   9.5346258924559238E-02|        110|
 3|   4.100E+02|                 Infinity|   9.8058067569092022E-02|        104|
 3|   4.200E+02|                 Infinity|   9.6225044864937631E-02|        108|
 3|   4.300E+02|                 Infinity|   1.1043152607484653E-01|         82|
 3|   4.400E+02|                 Infinity|   1.1043152607484653E-01|         82|
 3|   4.500E+02|                 Infinity|   1.2500000000000000E-01|         64|
 3|   4.600E+02|                 Infinity|   1.2700012700019050E-01|         62|
 3|   4.700E+02|                 Infinity|   1.2216944435630522E-01|         67|
 3|   4.800E+02|                 Infinity|   1.2598815766974239E-01|         63|
 3|   4.900E+02|                 Infinity|   1.4586499149789456E-01|         47|
# integrated result:   4.1407552152970357E-03
#
# Histogram 4: pT(j1)                                            
 4|   0.000E+00|                      NaN|   0.0000000000000000E+00|          0|
 4|   1.000E+01|                 Infinity|   6.1780206321521543E-02|        262|
 4|   2.000E+01|                 Infinity|   2.2467655814505692E-02|       1981|
 4|   3.000E+01|                 Infinity|   1.3871506879136858E-02|       5197|
 4|   4.000E+01|                 Infinity|   1.0775136397253932E-02|       8613|
 4|   5.000E+01|                 Infinity|   1.0775761967598866E-02|       8612|
 4|   6.000E+01|                 Infinity|   1.2009900238376526E-02|       6933|
 4|   7.000E+01|                 Infinity|   1.3164734152397188E-02|       5770|
 4|   8.000E+01|                 Infinity|   1.4591156645246276E-02|       4697|
 4|   9.000E+01|                 Infinity|   1.6152159344809919E-02|       3833|
 4|   1.000E+02|                 Infinity|   1.7669388943903869E-02|       3203|
 4|   1.100E+02|                 Infinity|   1.9100532816794493E-02|       2741|
 4|   1.200E+02|                 Infinity|   2.1214264175324345E-02|       2222|
 4|   1.300E+02|                 Infinity|   2.2768472012439346E-02|       1929|
 4|   1.400E+02|                 Infinity|   2.4822226837318159E-02|       1623|
 4|   1.500E+02|                 Infinity|   2.7842302319485226E-02|       1290|
 4|   1.600E+02|                 Infinity|   3.0570892025787156E-02|       1070|
 4|   1.700E+02|                 Infinity|   3.1976473969553970E-02|        978|
 4|   1.800E+02|                 Infinity|   3.4199278402838471E-02|        855|
 4|   1.900E+02|                 Infinity|   3.8320083261967369E-02|        681|
 4|   2.000E+02|                 Infinity|   4.1274417170649801E-02|        587|
 4|   2.100E+02|                 Infinity|   4.4108109139123088E-02|        514|
 4|   2.200E+02|                 Infinity|   4.6625240412015691E-02|        460|
 4|   2.300E+02|                 Infinity|   4.9937616943892232E-02|        401|
 4|   2.400E+02|                 Infinity|   5.6888012398857428E-02|        309|
 4|   2.500E+02|                 Infinity|   5.6077215409204434E-02|        318|
 4|   2.600E+02|                 Infinity|   6.1662641597820735E-02|        263|
 4|   2.700E+02|                 Infinity|   6.4150029909958411E-02|        243|
 4|   2.800E+02|                 Infinity|   7.4535599249992993E-02|        180|
 4|   2.900E+02|                 Infinity|   7.6028592126970551E-02|        173|
 4|   3.000E+02|                 Infinity|   8.1378845877115941E-02|        151|
 4|   3.100E+02|                 Infinity|   8.5125653075874858E-02|        138|
 4|   3.200E+02|                 Infinity|   9.1669849702821132E-02|        119|
 4|   3.300E+02|                 Infinity|   9.3658581158169399E-02|        114|
 4|   3.400E+02|                 Infinity|   9.6225044864937631E-02|        108|
 4|   3.500E+02|                 Infinity|   1.1704114719613057E-01|         73|
 4|   3.600E+02|                 Infinity|   1.1322770341445956E-01|         78|
 4|   3.700E+02|                 Infinity|   1.2038585308576920E-01|         69|
 4|   3.800E+02|                 Infinity|   1.3483997249264842E-01|         55|
 4|   3.900E+02|                 Infinity|   1.6222142113076254E-01|         38|
 4|   4.000E+02|                 Infinity|   1.5430334996209191E-01|         42|
 4|   4.100E+02|                 Infinity|   1.6666666666666666E-01|         36|
 4|   4.200E+02|                 Infinity|   1.7407765595569785E-01|         33|
 4|   4.300E+02|                 Infinity|   1.7149858514250882E-01|         34|
 4|   4.400E+02|                 Infinity|   1.7407765595569785E-01|         33|
 4|   4.500E+02|                 Infinity|   2.7735009811261457E-01|         13|
 4|   4.600E+02|                 Infinity|   1.7677669529663687E-01|         32|
 4|   4.700E+02|                 Infinity|   1.9611613513818404E-01|         26|
 4|   4.800E+02|                 Infinity|   2.5819888974716110E-01|         15|
 4|   4.900E+02|                 Infinity|   2.2941573387056174E-01|         19|
# integrated result:   4.1407552152970279E-03
#
# Histogram 5: dy(j1,j2)                                         
 5|  -5.000E+00|                      NaN|   0.0000000000000000E+00|          0|
 5|  -4.800E+00|                      NaN|   0.0000000000000000E+00|          0|
 5|  -4.600E+00|                 Infinity|   1.0000000000000000E+00|          1|
 5|  -4.400E+00|                 Infinity|   7.0710678118654746E-01|          2|
 5|  -4.200E+00|                 Infinity|   3.0151134457776363E-01|         11|
 5|  -4.000E+00|                 Infinity|   2.5819888974716110E-01|         15|
 5|  -3.800E+00|                 Infinity|   1.9245008972987526E-01|         27|
 5|  -3.600E+00|                 Infinity|   1.3363062095621220E-01|         56|
 5|  -3.400E+00|                 Infinity|   1.0314212462587934E-01|         94|
 5|  -3.200E+00|                 Infinity|   7.7615052570633281E-02|        166|
 5|  -3.000E+00|                 Infinity|   5.7928444636349226E-02|        298|
 5|  -2.800E+00|                 Infinity|   3.8518560788567267E-02|        674|
 5|  -2.600E+00|                 Infinity|   3.2703497008386428E-02|        935|
 5|  -2.400E+00|                 Infinity|   2.9867384554474945E-02|       1121|
 5|  -2.200E+00|                 Infinity|   2.2439355443260010E-02|       1986|
 5|  -2.000E+00|                 Infinity|   2.0219563399637347E-02|       2446|
 5|  -1.800E+00|                 Infinity|   2.1030505843376807E-02|       2261|
 5|  -1.600E+00|                 Infinity|   1.8659834271551899E-02|       2872|
 5|  -1.400E+00|                 Infinity|   1.6917592107763765E-02|       3494|
 5|  -1.200E+00|                 Infinity|   1.6334288009620029E-02|       3748|
 5|  -1.000E+00|                 Infinity|   1.5032920560056576E-02|       4425|
 5|  -8.000E-01|                 Infinity|   1.4376960117634726E-02|       4838|
 5|  -6.000E-01|                 Infinity|   1.4390351338241198E-02|       4829|
 5|  -4.000E-01|                 Infinity|   1.4844574520140406E-02|       4538|
 5|  -2.000E-01|                 Infinity|   1.4523290432484293E-02|       4741|
 5|   0.000E+00|                 Infinity|   1.4813595639006076E-02|       4557|
 5|   2.000E-01|                 Infinity|   1.4824986333222023E-02|       4550|
 5|   4.000E-01|                 Infinity|   1.6951587590520262E-02|       3480|
 5|   6.000E-01|                 Infinity|   2.0092639706304889E-02|       2477|
 5|   8.000E-01|                 Infinity|   2.1775177815467110E-02|       2109|
 5|   1.000E+00|                 Infinity|   2.2513159974164022E-02|       1973|
 5|   1.200E+00|                 Infinity|   2.8060676663315687E-02|       1270|
 5|   1.400E+00|                 Infinity|   3.3709993123162106E-02|        880|
 5|   1.600E+00|                 Infinity|   3.8866103716823586E-02|        662|
 5|   1.800E+00|                 Infinity|   4.3519413988924463E-02|        528|
 5|   2.000E+00|                 Infinity|   4.9629166698546508E-02|        406|
 5|   2.200E+00|                 Infinity|   5.5470019622522911E-02|        325|
 5|   2.400E+00|                 Infinity|   6.8199433947047347E-02|        215|
 5|   2.600E+00|                 Infinity|   9.6673648904566353E-02|        107|
 5|   2.800E+00|                 Infinity|   1.2500000000000000E-01|         64|
 5|   3.000E+00|                 Infinity|   1.4744195615489714E-01|         46|
 5|   3.200E+00|                 Infinity|   1.8569533817705186E-01|         29|
 5|   3.400E+00|                 Infinity|   2.5819888974716110E-01|         15|
 5|   3.600E+00|                 Infinity|   3.0151134457776363E-01|         11|
 5|   3.800E+00|                 Infinity|   7.0710678118654746E-01|          2|
 5|   4.000E+00|                 Infinity|   7.0710678118654746E-01|          2|
 5|   4.200E+00|                      NaN|   0.0000000000000000E+00|          0|
 5|   4.400E+00|                      NaN|   0.0000000000000000E+00|          0|
 5|   4.600E+00|                      NaN|   0.0000000000000000E+00|          0|
 5|   4.800E+00|                      NaN|   0.0000000000000000E+00|          0|
# integrated result:   4.1407552152970314E-03
#
# Histogram 6: mz1                                               
 6|   0.000E+00|                      NaN|   0.0000000000000000E+00|          0|
 6|   2.000E+00|                      NaN|   0.0000000000000000E+00|          0|
 6|   4.000E+00|                 Infinity|   4.3233770116711694E-02|        535|
 6|   6.000E+00|                 Infinity|   4.0893041005476534E-02|        598|
 6|   8.000E+00|                 Infinity|   4.1812100500354540E-02|        572|
 6|   1.000E+01|                 Infinity|   3.4159349284257755E-02|        857|
 6|   1.200E+01|                 Infinity|   5.1502620262460476E-02|        377|
 6|   1.400E+01|                 Infinity|   5.2486388108147798E-02|        363|
 6|   1.600E+01|                 Infinity|   5.1298917604257706E-02|        380|
 6|   1.800E+01|                 Infinity|   5.0636968354183333E-02|        390|
 6|   2.000E+01|                 Infinity|   4.9206783130512292E-02|        413|
 6|   2.200E+01|                 Infinity|   4.8393391849582724E-02|        427|
 6|   2.400E+01|                 Infinity|   3.6442025853950177E-02|        753|
 6|   2.600E+01|                 Infinity|   2.5149772741392844E-02|       1581|
 6|   2.800E+01|                 Infinity|   5.7639041770423498E-02|        301|
 6|   3.000E+01|                 Infinity|   6.9504804685691590E-02|        207|
 6|   3.200E+01|                 Infinity|   8.8045090632562384E-02|        129|
 6|   3.400E+01|                 Infinity|   7.8567420131838608E-02|        162|
 6|   3.600E+01|                 Infinity|   1.0599978800063600E-01|         89|
 6|   3.800E+01|                 Infinity|   1.0000000000000001E-01|        100|
 6|   4.000E+01|                 Infinity|   1.0206207261596577E-01|         96|
 6|   4.200E+01|                 Infinity|   8.8388347648318433E-02|        128|
 6|   4.400E+01|                 Infinity|   7.4535599249992993E-02|        180|
 6|   4.600E+01|                 Infinity|   8.1649658092772609E-02|        150|
 6|   4.800E+01|                 Infinity|   9.7590007294853329E-02|        105|
 6|   5.000E+01|                 Infinity|   8.6066296582387042E-02|        135|
 6|   5.200E+01|                 Infinity|   8.6710996952411995E-02|        133|
 6|   5.400E+01|                 Infinity|   9.8532927816429319E-02|        103|
 6|   5.600E+01|                 Infinity|   8.6066296582387042E-02|        135|
 6|   5.800E+01|                 Infinity|   8.3624201000709081E-02|        143|
 6|   6.000E+01|                 Infinity|   8.7038827977848926E-02|        132|
 6|   6.200E+01|                 Infinity|   8.2478609884232251E-02|        147|
 6|   6.400E+01|                 Infinity|   7.7151674981045956E-02|        168|
 6|   6.600E+01|                 Infinity|   7.2357460529242162E-02|        191|
 6|   6.800E+01|                 Infinity|   6.6081860045508978E-02|        229|
 6|   7.000E+01|                 Infinity|   6.4956980246163087E-02|        237|
 6|   7.200E+01|                 Infinity|   6.2017367294604234E-02|        260|
 6|   7.400E+01|                 Infinity|   5.1778037307849772E-02|        373|
 6|   7.600E+01|                 Infinity|   2.4791695181436636E-02|       1627|
 6|   7.800E+01|                 Infinity|   2.1091227030479890E-02|       2248|
 6|   8.000E+01|                 Infinity|   5.2851642258168990E-02|        358|
 6|   8.200E+01|                 Infinity|   4.0655781409087086E-02|        605|
 6|   8.400E+01|                 Infinity|   3.1862649393858307E-02|        985|
 6|   8.600E+01|                 Infinity|   3.0137438733945612E-02|       1101|
 6|   8.800E+01|                 Infinity|   9.7636511947144840E-03|      10490|
 6|   9.000E+01|                 Infinity|   6.4889934570571059E-03|      23749|
 6|   9.200E+01|                 Infinity|   1.0143532124222776E-02|       9719|
 6|   9.400E+01|                 Infinity|   2.3038783879204570E-02|       1884|
 6|   9.600E+01|                 Infinity|   3.2651157422416956E-02|        938|
 6|   9.800E+01|                 Infinity|   5.2925612402496311E-02|        357|
 6|   1.000E+02|                 Infinity|   7.0014004201400484E-02|        204|
 6|   1.020E+02|                 Infinity|   8.0845208345444328E-02|        153|
 6|   1.040E+02|                 Infinity|   7.6696498884737035E-02|        170|
 6|   1.060E+02|                 Infinity|   8.7038827977848926E-02|        132|
 6|   1.080E+02|                 Infinity|   8.7705801930702931E-02|        130|
 6|   1.100E+02|                 Infinity|   9.2450032704204849E-02|        117|
 6|   1.120E+02|                 Infinity|   1.0425720702853739E-01|         92|
 6|   1.140E+02|                 Infinity|   1.0206207261596577E-01|         96|
 6|   1.160E+02|                 Infinity|   1.1043152607484653E-01|         82|
 6|   1.180E+02|                 Infinity|   1.0540925533894598E-01|         90|
 6|   1.200E+02|                 Infinity|   1.1043152607484653E-01|         82|
 6|   1.220E+02|                 Infinity|   1.1867816581938533E-01|         71|
 6|   1.240E+02|                 Infinity|   1.2216944435630522E-01|         67|
 6|   1.260E+02|                 Infinity|   1.4907119849998599E-01|         45|
 6|   1.280E+02|                 Infinity|   1.5075567228888181E-01|         44|
 6|   1.300E+02|                 Infinity|   1.4744195615489714E-01|         46|
 6|   1.320E+02|                 Infinity|   1.7677669529663687E-01|         32|
 6|   1.340E+02|                 Infinity|   1.8569533817705186E-01|         29|
 6|   1.360E+02|                 Infinity|   2.0851441405707477E-01|         23|
 6|   1.380E+02|                 Infinity|   2.7735009811261457E-01|         13|
 6|   1.400E+02|                 Infinity|   2.2360679774997896E-01|         20|
 6|   1.420E+02|                 Infinity|   2.1821789023599239E-01|         21|
 6|   1.440E+02|                 Infinity|   3.1622776601683794E-01|         10|
 6|   1.460E+02|                 Infinity|   2.7735009811261457E-01|         13|
 6|   1.480E+02|                 Infinity|   2.7735009811261457E-01|         13|
 6|   1.500E+02|                 Infinity|   3.3333333333333331E-01|          9|
 6|   1.520E+02|                 Infinity|   2.7735009811261457E-01|         13|
 6|   1.540E+02|                 Infinity|   3.5355339059327373E-01|          8|
 6|   1.560E+02|                 Infinity|   3.0151134457776363E-01|         11|
 6|   1.580E+02|                 Infinity|   3.1622776601683794E-01|         10|
 6|   1.600E+02|                 Infinity|   3.5355339059327373E-01|          8|
 6|   1.620E+02|                 Infinity|   5.7735026918962584E-01|          3|
 6|   1.640E+02|                 Infinity|   4.4721359549995793E-01|          5|
 6|   1.660E+02|                 Infinity|   5.0000000000000000E-01|          4|
 6|   1.680E+02|                 Infinity|   4.0824829046386307E-01|          6|
 6|   1.700E+02|                 Infinity|   5.7735026918962584E-01|          3|
 6|   1.720E+02|                 Infinity|   5.7735026918962584E-01|          3|
 6|   1.740E+02|                 Infinity|   5.7735026918962584E-01|          3|
 6|   1.760E+02|                 Infinity|   7.0710678118654746E-01|          2|
 6|   1.780E+02|                 Infinity|   5.7735026918962584E-01|          3|
 6|   1.800E+02|                 Infinity|   5.0000000000000000E-01|          4|
 6|   1.820E+02|                 Infinity|   5.7735026918962584E-01|          3|
 6|   1.840E+02|                 Infinity|   7.0710678118654746E-01|          2|
 6|   1.860E+02|                      NaN|   0.0000000000000000E+00|          0|
 6|   1.880E+02|                 Infinity|   5.0000000000000000E-01|          4|
 6|   1.900E+02|                 Infinity|   7.0710678118654746E-01|          2|
 6|   1.920E+02|                 Infinity|   1.0000000000000000E+00|          1|
 6|   1.940E+02|                 Infinity|   7.0710678118654746E-01|          2|
 6|   1.960E+02|                 Infinity|   7.0710678118654746E-01|          2|
 6|   1.980E+02|                 Infinity|   7.0710678118654746E-01|          2|
# integrated result:   4.1407552152970210E-03
#
# Histogram 7: mz2                                               
 7|   0.000E+00|                      NaN|   0.0000000000000000E+00|          0|
 7|   2.000E+00|                      NaN|   0.0000000000000000E+00|          0|
 7|   4.000E+00|                 Infinity|   2.9424494316824982E-02|       1155|
 7|   6.000E+00|                 Infinity|   3.5136418446315328E-02|        810|
 7|   8.000E+00|                 Infinity|   3.4340140987172259E-02|        848|
 7|   1.000E+01|                 Infinity|   3.4079908829549851E-02|        861|
 7|   1.200E+01|                 Infinity|   3.2224549634855451E-02|        963|
 7|   1.400E+01|                 Infinity|   3.3040930022754489E-02|        916|
 7|   1.600E+01|                 Infinity|   3.3426313523243781E-02|        895|
 7|   1.800E+01|                 Infinity|   3.3186165579998601E-02|        908|
 7|   2.000E+01|                 Infinity|   3.4079908829549851E-02|        861|
 7|   2.200E+01|                 Infinity|   3.4319911152729012E-02|        849|
 7|   2.400E+01|                 Infinity|   3.4773407121036048E-02|        827|
 7|   2.600E+01|                 Infinity|   3.4942827890730610E-02|        819|
 7|   2.800E+01|                 Infinity|   3.5267280792929914E-02|        804|
 7|   3.000E+01|                 Infinity|   3.5600942725445221E-02|        789|
 7|   3.200E+01|                 Infinity|   3.7662178857735470E-02|        705|
 7|   3.400E+01|                 Infinity|   3.8604571824109146E-02|        671|
 7|   3.600E+01|                 Infinity|   3.8348249442368518E-02|        680|
 7|   3.800E+01|                 Infinity|   4.0064154010750197E-02|        623|
 7|   4.000E+01|                 Infinity|   4.1812100500354540E-02|        572|
 7|   4.200E+01|                 Infinity|   3.9497625276668211E-02|        641|
 7|   4.400E+01|                 Infinity|   4.0555355282690636E-02|        608|
 7|   4.600E+01|                 Infinity|   4.2070316191167127E-02|        565|
 7|   4.800E+01|                 Infinity|   4.3314808182420998E-02|        533|
 7|   5.000E+01|                 Infinity|   4.4676705160877031E-02|        501|
 7|   5.200E+01|                 Infinity|   4.3685202833051898E-02|        524|
 7|   5.400E+01|                 Infinity|   4.5407660918649985E-02|        485|
 7|   5.600E+01|                 Infinity|   4.3810795433832352E-02|        521|
 7|   5.800E+01|                 Infinity|   4.5691166238495382E-02|        479|
 7|   6.000E+01|                 Infinity|   4.5129368240652418E-02|        491|
 7|   6.200E+01|                 Infinity|   4.5931521217462537E-02|        474|
 7|   6.400E+01|                 Infinity|   4.5314325442944378E-02|        487|
 7|   6.600E+01|                 Infinity|   4.7351372381037843E-02|        446|
 7|   6.800E+01|                 Infinity|   4.6225016352102424E-02|        468|
 7|   7.000E+01|                 Infinity|   4.6726931351599776E-02|        458|
 7|   7.200E+01|                 Infinity|   4.4811071494822087E-02|        498|
 7|   7.400E+01|                 Infinity|   4.4455422447438706E-02|        506|
 7|   7.600E+01|                 Infinity|   4.6726931351599776E-02|        458|
 7|   7.800E+01|                 Infinity|   4.5786854649563009E-02|        477|
 7|   8.000E+01|                 Infinity|   4.1996052556580801E-02|        567|
 7|   8.200E+01|                 Infinity|   3.2720999550184419E-02|        934|
 7|   8.400E+01|                 Infinity|   2.1063136593556731E-02|       2254|
 7|   8.600E+01|                 Infinity|   1.6103915660020771E-02|       3856|
 7|   8.800E+01|                 Infinity|   1.3742540254750817E-02|       5295|
 7|   9.000E+01|                 Infinity|   7.0963045681197313E-03|      19858|
 7|   9.200E+01|                 Infinity|   1.2878858097730411E-02|       6029|
 7|   9.400E+01|                 Infinity|   2.8807560095783870E-02|       1205|
 7|   9.600E+01|                 Infinity|   4.1380294430118397E-02|        584|
 7|   9.800E+01|                 Infinity|   5.5131784641997125E-02|        329|
 7|   1.000E+02|                 Infinity|   9.6225044864937631E-02|        108|
 7|   1.020E+02|                 Infinity|   1.0259783520851541E-01|         95|
 7|   1.040E+02|                 Infinity|   1.2216944435630522E-01|         67|
 7|   1.060E+02|                 Infinity|   1.2500000000000000E-01|         64|
 7|   1.080E+02|                 Infinity|   1.1111111111111110E-01|         81|
 7|   1.100E+02|                 Infinity|   1.2803687993289598E-01|         61|
 7|   1.120E+02|                 Infinity|   1.3608276348795434E-01|         54|
 7|   1.140E+02|                 Infinity|   1.6903085094570330E-01|         35|
 7|   1.160E+02|                 Infinity|   1.4907119849998599E-01|         45|
 7|   1.180E+02|                 Infinity|   1.4433756729740646E-01|         48|
 7|   1.200E+02|                 Infinity|   1.5811388300841897E-01|         40|
 7|   1.220E+02|                 Infinity|   1.6903085094570330E-01|         35|
 7|   1.240E+02|                 Infinity|   1.7677669529663687E-01|         32|
 7|   1.260E+02|                 Infinity|   1.8569533817705186E-01|         29|
 7|   1.280E+02|                 Infinity|   1.6903085094570330E-01|         35|
 7|   1.300E+02|                 Infinity|   1.8569533817705186E-01|         29|
 7|   1.320E+02|                 Infinity|   1.7677669529663687E-01|         32|
 7|   1.340E+02|                 Infinity|   2.0851441405707477E-01|         23|
 7|   1.360E+02|                 Infinity|   2.0851441405707477E-01|         23|
 7|   1.380E+02|                 Infinity|   2.5819888974716110E-01|         15|
 7|   1.400E+02|                 Infinity|   2.5819888974716110E-01|         15|
 7|   1.420E+02|                 Infinity|   2.4253562503633297E-01|         17|
 7|   1.440E+02|                 Infinity|   2.7735009811261457E-01|         13|
 7|   1.460E+02|                 Infinity|   2.5819888974716110E-01|         15|
 7|   1.480E+02|                 Infinity|   3.5355339059327373E-01|          8|
 7|   1.500E+02|                 Infinity|   3.5355339059327373E-01|          8|
 7|   1.520E+02|                 Infinity|   3.5355339059327373E-01|          8|
 7|   1.540E+02|                 Infinity|   3.3333333333333331E-01|          9|
 7|   1.560E+02|                 Infinity|   4.0824829046386307E-01|          6|
 7|   1.580E+02|                 Infinity|   4.4721359549995793E-01|          5|
 7|   1.600E+02|                 Infinity|   3.3333333333333331E-01|          9|
 7|   1.620E+02|                 Infinity|   3.5355339059327373E-01|          8|
 7|   1.640E+02|                 Infinity|   4.0824829046386307E-01|          6|
 7|   1.660E+02|                 Infinity|   4.0824829046386307E-01|          6|
 7|   1.680E+02|                 Infinity|   4.4721359549995793E-01|          5|
 7|   1.700E+02|                 Infinity|   4.0824829046386307E-01|          6|
 7|   1.720E+02|                 Infinity|   4.0824829046386307E-01|          6|
 7|   1.740E+02|                 Infinity|   5.7735026918962584E-01|          3|
 7|   1.760E+02|                 Infinity|   4.4721359549995793E-01|          5|
 7|   1.780E+02|                 Infinity|   5.0000000000000000E-01|          4|
 7|   1.800E+02|                 Infinity|   7.0710678118654746E-01|          2|
 7|   1.820E+02|                 Infinity|   4.0824829046386307E-01|          6|
 7|   1.840E+02|                 Infinity|   7.0710678118654746E-01|          2|
 7|   1.860E+02|                 Infinity|   4.0824829046386307E-01|          6|
 7|   1.880E+02|                 Infinity|   5.7735026918962584E-01|          3|
 7|   1.900E+02|                 Infinity|   1.0000000000000000E+00|          1|
 7|   1.920E+02|                 Infinity|   5.7735026918962584E-01|          3|
 7|   1.940E+02|                 Infinity|   7.0710678118654746E-01|          2|
 7|   1.960E+02|                 Infinity|   7.0710678118654746E-01|          2|
 7|   1.980E+02|                 Infinity|   5.7735026918962584E-01|          3|
# integrated result:   4.1407552152970262E-03
#
# Histogram 8: m_4l                                              
 8|   1.000E+02|                 Infinity|   9.5738721745330813E-03|      10910|
 8|   1.400E+02|                 Infinity|   8.5724083312273287E-03|      13608|
 8|   1.800E+02|                 Infinity|   9.5393967838690412E-03|      10989|
 8|   2.200E+02|                 Infinity|   1.1157351532307571E-02|       8033|
 8|   2.600E+02|                 Infinity|   1.3756837127468773E-02|       5284|
 8|   3.000E+02|                 Infinity|   1.6068533831656712E-02|       3873|
 8|   3.400E+02|                 Infinity|   1.8824415287446387E-02|       2822|
 8|   3.800E+02|                 Infinity|   2.1806218711931721E-02|       2103|
 8|   4.200E+02|                 Infinity|   2.5278006958277935E-02|       1565|
 8|   4.600E+02|                 Infinity|   2.8724249481071301E-02|       1212|
 8|   5.000E+02|                 Infinity|   3.1830350703961514E-02|        987|
 8|   5.400E+02|                 Infinity|   3.7011660509880265E-02|        730|
 8|   5.800E+02|                 Infinity|   4.0258484111423729E-02|        617|
 8|   6.200E+02|                 Infinity|   4.5834924851410566E-02|        476|
 8|   6.600E+02|                 Infinity|   5.0251890762960605E-02|        396|
 8|   7.000E+02|                 Infinity|   5.5989251095585432E-02|        319|
 8|   7.400E+02|                 Infinity|   6.8358592702466331E-02|        214|
 8|   7.800E+02|                 Infinity|   7.6471911290187253E-02|        171|
 8|   8.200E+02|                 Infinity|   8.4215192106651904E-02|        141|
 8|   8.600E+02|                 Infinity|   8.9087080637474794E-02|        126|
 8|   9.000E+02|                 Infinity|   1.0425720702853739E-01|         92|
 8|   9.400E+02|                 Infinity|   1.1250879009260240E-01|         79|
 8|   9.800E+02|                 Infinity|   1.3018891098082389E-01|         59|
 8|   1.020E+03|                 Infinity|   1.3608276348795434E-01|         54|
 8|   1.060E+03|                 Infinity|   1.5811388300841897E-01|         40|
 8|   1.100E+03|                 Infinity|   1.7407765595569785E-01|         33|
 8|   1.140E+03|                 Infinity|   2.1320071635561041E-01|         22|
 8|   1.180E+03|                 Infinity|   2.5000000000000000E-01|         16|
 8|   1.220E+03|                 Infinity|   2.6726124191242440E-01|         14|
 8|   1.260E+03|                 Infinity|   2.6726124191242440E-01|         14|
 8|   1.300E+03|                 Infinity|   4.4721359549995793E-01|          5|
 8|   1.340E+03|                 Infinity|   3.7796447300922720E-01|          7|
 8|   1.380E+03|                 Infinity|   4.0824829046386307E-01|          6|
 8|   1.420E+03|                 Infinity|   4.4721359549995793E-01|          5|
 8|   1.460E+03|                 Infinity|   1.0000000000000000E+00|          1|
 8|   1.500E+03|                 Infinity|   4.0824829046386307E-01|          6|
 8|   1.540E+03|                 Infinity|   7.0710678118654746E-01|          2|
 8|   1.580E+03|                 Infinity|   5.7735026918962584E-01|          3|
 8|   1.620E+03|                 Infinity|   7.0710678118654746E-01|          2|
 8|   1.660E+03|                 Infinity|   5.0000000000000000E-01|          4|
 8|   1.700E+03|                      NaN|   0.0000000000000000E+00|          0|
 8|   1.740E+03|                 Infinity|   5.7735026918962584E-01|          3|
 8|   1.780E+03|                 Infinity|   1.0000000000000000E+00|          1|
 8|   1.820E+03|                 Infinity|   7.0710678118654746E-01|          2|
 8|   1.860E+03|                 Infinity|   1.0000000000000000E+00|          1|
 8|   1.900E+03|                 Infinity|   1.0000000000000000E+00|          1|
 8|   1.940E+03|                 Infinity|   1.0000000000000000E+00|          1|
 8|   1.980E+03|                      NaN|   0.0000000000000000E+00|          0|
 8|   2.020E+03|                 Infinity|   1.0000000000000000E+00|          1|
 8|   2.060E+03|                 Infinity|   1.0000000000000000E+00|          1|
 8|   2.100E+03|                      NaN|   0.0000000000000000E+00|          0|
 8|   2.140E+03|                      NaN|   0.0000000000000000E+00|          0|
 8|   2.180E+03|                 Infinity|   1.0000000000000000E+00|          1|
 8|   2.220E+03|                 Infinity|   1.0000000000000000E+00|          1|
 8|   2.260E+03|                 Infinity|   5.7735026918962584E-01|          3|
 8|   2.300E+03|                 Infinity|   1.0000000000000000E+00|          1|
 8|   2.340E+03|                      NaN|   0.0000000000000000E+00|          0|
 8|   2.380E+03|                      NaN|   0.0000000000000000E+00|          0|
 8|   2.420E+03|                      NaN|   0.0000000000000000E+00|          0|
 8|   2.460E+03|                      NaN|   0.0000000000000000E+00|          0|
 8|   2.500E+03|                      NaN|   0.0000000000000000E+00|          0|
 8|   2.540E+03|                      NaN|   0.0000000000000000E+00|          0|
 8|   2.580E+03|                 Infinity|   1.0000000000000000E+00|          1|
 8|   2.620E+03|                 Infinity|   1.0000000000000000E+00|          1|
 8|   2.660E+03|                 Infinity|   5.7735026918962584E-01|          3|
 8|   2.700E+03|                 Infinity|   1.0000000000000000E+00|          1|
 8|   2.740E+03|                      NaN|   0.0000000000000000E+00|          0|
 8|   2.780E+03|                      NaN|   0.0000000000000000E+00|          0|
 8|   2.820E+03|                      NaN|   0.0000000000000000E+00|          0|
 8|   2.860E+03|                      NaN|   0.0000000000000000E+00|          0|
 8|   2.900E+03|                 Infinity|   7.0710678118654746E-01|          2|
 8|   2.940E+03|                      NaN|   0.0000000000000000E+00|          0|
 8|   2.980E+03|                      NaN|   0.0000000000000000E+00|          0|
 8|   3.020E+03|                      NaN|   0.0000000000000000E+00|          0|
 8|   3.060E+03|                      NaN|   0.0000000000000000E+00|          0|
 8|   3.100E+03|                      NaN|   0.0000000000000000E+00|          0|
 8|   3.140E+03|                 Infinity|   1.0000000000000000E+00|          1|
 8|   3.180E+03|                      NaN|   0.0000000000000000E+00|          0|
 8|   3.220E+03|                      NaN|   0.0000000000000000E+00|          0|
 8|   3.260E+03|                      NaN|   0.0000000000000000E+00|          0|
 8|   3.300E+03|                      NaN|   0.0000000000000000E+00|          0|
 8|   3.340E+03|                      NaN|   0.0000000000000000E+00|          0|
 8|   3.380E+03|                      NaN|   0.0000000000000000E+00|          0|
 8|   3.420E+03|                 Infinity|   1.0000000000000000E+00|          1|
 8|   3.460E+03|                      NaN|   0.0000000000000000E+00|          0|
 8|   3.500E+03|                      NaN|   0.0000000000000000E+00|          0|
 8|   3.540E+03|                 Infinity|   1.0000000000000000E+00|          1|
 8|   3.580E+03|                      NaN|   0.0000000000000000E+00|          0|
 8|   3.620E+03|                      NaN|   0.0000000000000000E+00|          0|
 8|   3.660E+03|                      NaN|   0.0000000000000000E+00|          0|
 8|   3.700E+03|                      NaN|   0.0000000000000000E+00|          0|
 8|   3.740E+03|                      NaN|   0.0000000000000000E+00|          0|
 8|   3.780E+03|                      NaN|   0.0000000000000000E+00|          0|
 8|   3.820E+03|                      NaN|   0.0000000000000000E+00|          0|
 8|   3.860E+03|                      NaN|   0.0000000000000000E+00|          0|
 8|   3.900E+03|                      NaN|   0.0000000000000000E+00|          0|
 8|   3.940E+03|                      NaN|   0.0000000000000000E+00|          0|
 8|   3.980E+03|                      NaN|   0.0000000000000000E+00|          0|
 8|   4.020E+03|                      NaN|   0.0000000000000000E+00|          0|
 8|   4.060E+03|                      NaN|   0.0000000000000000E+00|          0|
# integrated result:   4.1407552152970296E-03
#
# Histogram 9: m_4l                                              
 9|   8.500E+01|                 Infinity|   1.0314212462587934E-01|         94|
 9|   8.600E+01|                 Infinity|   1.0976425998969035E-01|         83|
 9|   8.700E+01|                 Infinity|   1.0721125348377948E-01|         87|
 9|   8.800E+01|                 Infinity|   1.3608276348795434E-01|         54|
 9|   8.900E+01|                 Infinity|   1.1952286093343936E-01|         70|
 9|   9.000E+01|                 Infinity|   1.3608276348795434E-01|         54|
 9|   9.100E+01|                 Infinity|   1.4586499149789456E-01|         47|
 9|   9.200E+01|                 Infinity|   1.5075567228888181E-01|         44|
 9|   9.300E+01|                 Infinity|   1.4285714285714285E-01|         49|
 9|   9.400E+01|                 Infinity|   1.2403473458920847E-01|         65|
 9|   9.500E+01|                 Infinity|   1.1470786693528087E-01|         76|
 9|   9.600E+01|                 Infinity|   1.1250879009260240E-01|         79|
 9|   9.700E+01|                 Infinity|   1.0660035817780521E-01|         88|
 9|   9.800E+01|                 Infinity|   9.4915799575249898E-02|        111|
 9|   9.900E+01|                 Infinity|   9.2450032704204849E-02|        117|
 9|   1.000E+02|                 Infinity|   8.6066296582387042E-02|        135|
 9|   1.010E+02|                 Infinity|   8.2760588860236795E-02|        146|
 9|   1.020E+02|                 Infinity|   7.6471911290187253E-02|        171|
 9|   1.030E+02|                 Infinity|   7.5592894601845442E-02|        175|
 9|   1.040E+02|                 Infinity|   6.7884423330213065E-02|        217|
 9|   1.050E+02|                 Infinity|   7.2739296745330792E-02|        189|
 9|   1.060E+02|                 Infinity|   7.0888120500833582E-02|        199|
 9|   1.070E+02|                 Infinity|   6.9171446386607466E-02|        209|
 9|   1.080E+02|                 Infinity|   6.6372331159997203E-02|        227|
 9|   1.090E+02|                 Infinity|   6.1662641597820735E-02|        263|
 9|   1.100E+02|                 Infinity|   6.2622429108514954E-02|        255|
 9|   1.110E+02|                 Infinity|   6.4549722436790274E-02|        240|
 9|   1.120E+02|                 Infinity|   6.4956980246163087E-02|        237|
 9|   1.130E+02|                 Infinity|   6.3372425052447792E-02|        249|
 9|   1.140E+02|                 Infinity|   6.4018439966447988E-02|        244|
 9|   1.150E+02|                 Infinity|   6.2378286155180533E-02|        257|
 9|   1.160E+02|                 Infinity|   5.9028133610095526E-02|        287|
 9|   1.170E+02|                 Infinity|   5.7735026918962568E-02|        300|
 9|   1.180E+02|                 Infinity|   5.9761430466719681E-02|        280|
 9|   1.190E+02|                 Infinity|   6.0084176812610968E-02|        277|
 9|   1.200E+02|                 Infinity|   5.6523341894422152E-02|        313|
 9|   1.210E+02|                 Infinity|   5.6165595630173037E-02|        317|
 9|   1.220E+02|                 Infinity|   5.6980288229818973E-02|        308|
 9|   1.230E+02|                 Infinity|   5.6796183424706478E-02|        310|
 9|   1.240E+02|                 Infinity|   5.5641488407465724E-02|        323|
 9|   1.250E+02|                 Infinity|   5.4635836470815310E-02|        335|
 9|   1.260E+02|                 Infinity|   5.6165595630173037E-02|        317|
 9|   1.270E+02|                 Infinity|   5.8123819371909642E-02|        296|
 9|   1.280E+02|                 Infinity|   5.6796183424706478E-02|        310|
 9|   1.290E+02|                 Infinity|   5.7928444636349226E-02|        298|
 9|   1.300E+02|                 Infinity|   5.9549133417541367E-02|        282|
 9|   1.310E+02|                 Infinity|   5.5131784641997125E-02|        329|
 9|   1.320E+02|                 Infinity|   5.4882129994845173E-02|        332|
 9|   1.330E+02|                 Infinity|   5.7735026918962568E-02|        300|
 9|   1.340E+02|                 Infinity|   5.4554472558998097E-02|        336|
# integrated result:   4.1407552152970331E-03
#
# Histogram10: Phi1                                              
10|  -3.142E+00|                 Infinity|   2.6002548374617188E-02|       1479|
10|  -2.985E+00|                 Infinity|   2.5941231853830935E-02|       1486|
10|  -2.827E+00|                 Infinity|   2.4470439211619822E-02|       1670|
10|  -2.670E+00|                 Infinity|   2.3453251491009731E-02|       1818|
10|  -2.513E+00|                 Infinity|   2.2501758018520477E-02|       1975|
10|  -2.356E+00|                 Infinity|   2.2037982136062999E-02|       2059|
10|  -2.199E+00|                 Infinity|   2.2467655814505692E-02|       1981|
10|  -2.042E+00|                 Infinity|   2.3446803861612006E-02|       1819|
10|  -1.885E+00|                 Infinity|   2.3318957740501974E-02|       1839|
10|  -1.728E+00|                 Infinity|   2.3492049286746978E-02|       1812|
10|  -1.571E+00|                 Infinity|   2.3715600272562448E-02|       1778|
10|  -1.414E+00|                 Infinity|   2.3755716907278995E-02|       1772|
10|  -1.257E+00|                 Infinity|   2.3124864503144014E-02|       1870|
10|  -1.100E+00|                 Infinity|   2.3688968483956713E-02|       1782|
10|  -9.425E-01|                 Infinity|   2.3306287835877171E-02|       1841|
10|  -7.854E-01|                 Infinity|   2.4945491291633412E-02|       1607|
10|  -6.283E-01|                 Infinity|   2.5674808298154838E-02|       1517|
10|  -4.713E-01|                 Infinity|   2.6650089544451302E-02|       1408|
10|  -3.142E-01|                 Infinity|   2.7156272329678422E-02|       1356|
10|  -1.571E-01|                 Infinity|   2.8747978728803449E-02|       1210|
10|  -3.000E-05|                 Infinity|   2.8375217691958290E-02|       1242|
10|   1.570E-01|                 Infinity|   2.7348549437220971E-02|       1337|
10|   3.141E-01|                 Infinity|   2.7277236279499049E-02|       1344|
10|   4.712E-01|                 Infinity|   2.6180163474687157E-02|       1459|
10|   6.283E-01|                 Infinity|   2.4922239313961342E-02|       1610|
10|   7.854E-01|                 Infinity|   2.3938794927456073E-02|       1745|
10|   9.424E-01|                 Infinity|   2.3762422826087874E-02|       1771|
10|   1.100E+00|                 Infinity|   2.3816275411477048E-02|       1763|
10|   1.257E+00|                 Infinity|   2.4225079155575459E-02|       1704|
10|   1.414E+00|                 Infinity|   2.4070194759954793E-02|       1726|
10|   1.571E+00|                 Infinity|   2.3986954644045835E-02|       1738|
10|   1.728E+00|                 Infinity|   2.4007683688367181E-02|       1735|
10|   1.885E+00|                 Infinity|   2.3100171634912875E-02|       1874|
10|   2.042E+00|                 Infinity|   2.2173003507924643E-02|       2034|
10|   2.199E+00|                 Infinity|   2.2744902159317754E-02|       1933|
10|   2.356E+00|                 Infinity|   2.3038783879204570E-02|       1884|
10|   2.513E+00|                 Infinity|   2.4035406196088644E-02|       1731|
10|   2.670E+00|                 Infinity|   2.5359156467048689E-02|       1555|
10|   2.827E+00|                 Infinity|   2.5318484177091666E-02|       1560|
10|   2.984E+00|                 Infinity|   2.6153289048297074E-02|       1462|
# integrated result:   4.1407552152970296E-03
#
