#
# column #1=histogram, #2=x-axis bin, #3=binned cross-section, #4=error, #5=number of events 
# this can be easily plotted in gnuplot with the commands:
#    NHi=3
#    plot 'output.dat' using ($2):($1==NHi ? $3 : 1/0) w st
# where NHi selects the histogram
#
#
# run time =      -0.00min
# TotCS =      9.6755547407E-04           2.42917E-04
#
# Histogram 1: m_jj                                              
 1|   0.000E+00|                      NaN|   0.0000000000000000E+00|          0|
 1|   5.000E+01|                 Infinity|   3.8912862513642166E-03|      66041|
 1|   1.000E+02|                 Infinity|   2.1025856676559002E-02|       2262|
 1|   1.500E+02|                 Infinity|   6.1199006136210460E-02|        267|
 1|   2.000E+02|                 Infinity|   1.3867504905630729E-01|         52|
 1|   2.500E+02|                 Infinity|   2.0851441405707477E-01|         23|
 1|   3.000E+02|                 Infinity|   4.0824829046386307E-01|          6|
 1|   3.500E+02|                 Infinity|   4.0824829046386307E-01|          6|
 1|   4.000E+02|                 Infinity|   7.0710678118654746E-01|          2|
 1|   4.500E+02|                      NaN|   0.0000000000000000E+00|          0|
 1|   5.000E+02|                 Infinity|   1.0000000000000000E+00|          1|
 1|   5.500E+02|                      NaN|   0.0000000000000000E+00|          0|
 1|   6.000E+02|                      NaN|   0.0000000000000000E+00|          0|
 1|   6.500E+02|                      NaN|   0.0000000000000000E+00|          0|
 1|   7.000E+02|                      NaN|   0.0000000000000000E+00|          0|
 1|   7.500E+02|                      NaN|   0.0000000000000000E+00|          0|
 1|   8.000E+02|                      NaN|   0.0000000000000000E+00|          0|
 1|   8.500E+02|                      NaN|   0.0000000000000000E+00|          0|
 1|   9.000E+02|                      NaN|   0.0000000000000000E+00|          0|
 1|   9.500E+02|                      NaN|   0.0000000000000000E+00|          0|
 1|   1.000E+03|                      NaN|   0.0000000000000000E+00|          0|
 1|   1.050E+03|                      NaN|   0.0000000000000000E+00|          0|
 1|   1.100E+03|                      NaN|   0.0000000000000000E+00|          0|
 1|   1.150E+03|                      NaN|   0.0000000000000000E+00|          0|
 1|   1.200E+03|                      NaN|   0.0000000000000000E+00|          0|
 1|   1.250E+03|                      NaN|   0.0000000000000000E+00|          0|
 1|   1.300E+03|                      NaN|   0.0000000000000000E+00|          0|
 1|   1.350E+03|                      NaN|   0.0000000000000000E+00|          0|
 1|   1.400E+03|                      NaN|   0.0000000000000000E+00|          0|
 1|   1.450E+03|                      NaN|   0.0000000000000000E+00|          0|
 1|   1.500E+03|                      NaN|   0.0000000000000000E+00|          0|
 1|   1.550E+03|                      NaN|   0.0000000000000000E+00|          0|
 1|   1.600E+03|                      NaN|   0.0000000000000000E+00|          0|
 1|   1.650E+03|                      NaN|   0.0000000000000000E+00|          0|
 1|   1.700E+03|                      NaN|   0.0000000000000000E+00|          0|
 1|   1.750E+03|                      NaN|   0.0000000000000000E+00|          0|
 1|   1.800E+03|                      NaN|   0.0000000000000000E+00|          0|
 1|   1.850E+03|                      NaN|   0.0000000000000000E+00|          0|
 1|   1.900E+03|                      NaN|   0.0000000000000000E+00|          0|
 1|   1.950E+03|                      NaN|   0.0000000000000000E+00|          0|
 1|   2.000E+03|                      NaN|   0.0000000000000000E+00|          0|
 1|   2.050E+03|                      NaN|   0.0000000000000000E+00|          0|
 1|   2.100E+03|                      NaN|   0.0000000000000000E+00|          0|
 1|   2.150E+03|                      NaN|   0.0000000000000000E+00|          0|
 1|   2.200E+03|                      NaN|   0.0000000000000000E+00|          0|
 1|   2.250E+03|                      NaN|   0.0000000000000000E+00|          0|
 1|   2.300E+03|                      NaN|   0.0000000000000000E+00|          0|
 1|   2.350E+03|                      NaN|   0.0000000000000000E+00|          0|
 1|   2.400E+03|                      NaN|   0.0000000000000000E+00|          0|
 1|   2.450E+03|                      NaN|   0.0000000000000000E+00|          0|
 1|   2.500E+03|                      NaN|   0.0000000000000000E+00|          0|
 1|   2.550E+03|                      NaN|   0.0000000000000000E+00|          0|
 1|   2.600E+03|                      NaN|   0.0000000000000000E+00|          0|
 1|   2.650E+03|                      NaN|   0.0000000000000000E+00|          0|
 1|   2.700E+03|                      NaN|   0.0000000000000000E+00|          0|
 1|   2.750E+03|                      NaN|   0.0000000000000000E+00|          0|
 1|   2.800E+03|                      NaN|   0.0000000000000000E+00|          0|
 1|   2.850E+03|                      NaN|   0.0000000000000000E+00|          0|
 1|   2.900E+03|                      NaN|   0.0000000000000000E+00|          0|
 1|   2.950E+03|                      NaN|   0.0000000000000000E+00|          0|
 1|   3.000E+03|                      NaN|   0.0000000000000000E+00|          0|
 1|   3.050E+03|                      NaN|   0.0000000000000000E+00|          0|
 1|   3.100E+03|                      NaN|   0.0000000000000000E+00|          0|
 1|   3.150E+03|                      NaN|   0.0000000000000000E+00|          0|
 1|   3.200E+03|                      NaN|   0.0000000000000000E+00|          0|
 1|   3.250E+03|                      NaN|   0.0000000000000000E+00|          0|
 1|   3.300E+03|                      NaN|   0.0000000000000000E+00|          0|
 1|   3.350E+03|                      NaN|   0.0000000000000000E+00|          0|
 1|   3.400E+03|                      NaN|   0.0000000000000000E+00|          0|
 1|   3.450E+03|                      NaN|   0.0000000000000000E+00|          0|
 1|   3.500E+03|                      NaN|   0.0000000000000000E+00|          0|
 1|   3.550E+03|                      NaN|   0.0000000000000000E+00|          0|
 1|   3.600E+03|                      NaN|   0.0000000000000000E+00|          0|
 1|   3.650E+03|                      NaN|   0.0000000000000000E+00|          0|
 1|   3.700E+03|                      NaN|   0.0000000000000000E+00|          0|
 1|   3.750E+03|                      NaN|   0.0000000000000000E+00|          0|
 1|   3.800E+03|                      NaN|   0.0000000000000000E+00|          0|
 1|   3.850E+03|                      NaN|   0.0000000000000000E+00|          0|
 1|   3.900E+03|                      NaN|   0.0000000000000000E+00|          0|
 1|   3.950E+03|                      NaN|   0.0000000000000000E+00|          0|
 1|   4.000E+03|                      NaN|   0.0000000000000000E+00|          0|
 1|   4.050E+03|                      NaN|   0.0000000000000000E+00|          0|
 1|   4.100E+03|                      NaN|   0.0000000000000000E+00|          0|
 1|   4.150E+03|                      NaN|   0.0000000000000000E+00|          0|
 1|   4.200E+03|                      NaN|   0.0000000000000000E+00|          0|
 1|   4.250E+03|                      NaN|   0.0000000000000000E+00|          0|
 1|   4.300E+03|                      NaN|   0.0000000000000000E+00|          0|
 1|   4.350E+03|                      NaN|   0.0000000000000000E+00|          0|
 1|   4.400E+03|                      NaN|   0.0000000000000000E+00|          0|
 1|   4.450E+03|                      NaN|   0.0000000000000000E+00|          0|
 1|   4.500E+03|                      NaN|   0.0000000000000000E+00|          0|
 1|   4.550E+03|                      NaN|   0.0000000000000000E+00|          0|
 1|   4.600E+03|                      NaN|   0.0000000000000000E+00|          0|
 1|   4.650E+03|                      NaN|   0.0000000000000000E+00|          0|
 1|   4.700E+03|                      NaN|   0.0000000000000000E+00|          0|
 1|   4.750E+03|                      NaN|   0.0000000000000000E+00|          0|
 1|   4.800E+03|                      NaN|   0.0000000000000000E+00|          0|
 1|   4.850E+03|                      NaN|   0.0000000000000000E+00|          0|
 1|   4.900E+03|                      NaN|   0.0000000000000000E+00|          0|
 1|   4.950E+03|                      NaN|   0.0000000000000000E+00|          0|
# integrated result:   9.6755547407449552E-04
#
# Histogram 2: m_jj                                              
 2|   0.000E+00|                      NaN|   0.0000000000000000E+00|          0|
 2|   2.000E+00|                      NaN|   0.0000000000000000E+00|          0|
 2|   4.000E+00|                      NaN|   0.0000000000000000E+00|          0|
 2|   6.000E+00|                      NaN|   0.0000000000000000E+00|          0|
 2|   8.000E+00|                      NaN|   0.0000000000000000E+00|          0|
 2|   1.000E+01|                      NaN|   0.0000000000000000E+00|          0|
 2|   1.200E+01|                      NaN|   0.0000000000000000E+00|          0|
 2|   1.400E+01|                      NaN|   0.0000000000000000E+00|          0|
 2|   1.600E+01|                      NaN|   0.0000000000000000E+00|          0|
 2|   1.800E+01|                      NaN|   0.0000000000000000E+00|          0|
 2|   2.000E+01|                      NaN|   0.0000000000000000E+00|          0|
 2|   2.200E+01|                      NaN|   0.0000000000000000E+00|          0|
 2|   2.400E+01|                      NaN|   0.0000000000000000E+00|          0|
 2|   2.600E+01|                      NaN|   0.0000000000000000E+00|          0|
 2|   2.800E+01|                      NaN|   0.0000000000000000E+00|          0|
 2|   3.000E+01|                      NaN|   0.0000000000000000E+00|          0|
 2|   3.200E+01|                      NaN|   0.0000000000000000E+00|          0|
 2|   3.400E+01|                      NaN|   0.0000000000000000E+00|          0|
 2|   3.600E+01|                      NaN|   0.0000000000000000E+00|          0|
 2|   3.800E+01|                      NaN|   0.0000000000000000E+00|          0|
 2|   4.000E+01|                      NaN|   0.0000000000000000E+00|          0|
 2|   4.200E+01|                      NaN|   0.0000000000000000E+00|          0|
 2|   4.400E+01|                      NaN|   0.0000000000000000E+00|          0|
 2|   4.600E+01|                      NaN|   0.0000000000000000E+00|          0|
 2|   4.800E+01|                      NaN|   0.0000000000000000E+00|          0|
 2|   5.000E+01|                      NaN|   0.0000000000000000E+00|          0|
 2|   5.200E+01|                      NaN|   0.0000000000000000E+00|          0|
 2|   5.400E+01|                      NaN|   0.0000000000000000E+00|          0|
 2|   5.600E+01|                      NaN|   0.0000000000000000E+00|          0|
 2|   5.800E+01|                      NaN|   0.0000000000000000E+00|          0|
 2|   6.000E+01|                      NaN|   0.0000000000000000E+00|          0|
 2|   6.200E+01|                      NaN|   0.0000000000000000E+00|          0|
 2|   6.400E+01|                      NaN|   0.0000000000000000E+00|          0|
 2|   6.600E+01|                      NaN|   0.0000000000000000E+00|          0|
 2|   6.800E+01|                      NaN|   0.0000000000000000E+00|          0|
 2|   7.000E+01|                 Infinity|   2.4404766228169002E-02|       1679|
 2|   7.200E+01|                 Infinity|   2.5023470510567421E-02|       1597|
 2|   7.400E+01|                 Infinity|   2.3823032760289849E-02|       1762|
 2|   7.600E+01|                 Infinity|   2.7007306464731755E-02|       1371|
 2|   7.800E+01|                 Infinity|   2.6180163474687157E-02|       1459|
 2|   8.000E+01|                 Infinity|   2.1393127492027906E-02|       2185|
 2|   8.200E+01|                 Infinity|   2.8583097523751475E-02|       1224|
 2|   8.400E+01|                 Infinity|   2.6090902514277467E-02|       1469|
 2|   8.600E+01|                 Infinity|   1.8698939800169144E-02|       2860|
 2|   8.800E+01|                 Infinity|   1.0940238073111092E-02|       8355|
 2|   9.000E+01|                 Infinity|   6.8504399750732269E-03|      21309|
 2|   9.200E+01|                 Infinity|   8.5085585965634196E-03|      13813|
 2|   9.400E+01|                 Infinity|   1.6198713549252848E-02|       3811|
 2|   9.600E+01|                 Infinity|   2.0752426878823012E-02|       2322|
 2|   9.800E+01|                 Infinity|   3.4815531191139566E-02|        825|
 2|   1.000E+02|                 Infinity|   4.0790850822400207E-02|        601|
 2|   1.020E+02|                 Infinity|   5.7639041770423498E-02|        301|
 2|   1.040E+02|                 Infinity|   6.6081860045508978E-02|        229|
 2|   1.060E+02|                 Infinity|   7.5164602800282893E-02|        177|
 2|   1.080E+02|                 Infinity|   7.8567420131838608E-02|        162|
 2|   1.100E+02|                 Infinity|   9.1287092917527679E-02|        120|
 2|   1.120E+02|                 Infinity|   1.0314212462587934E-01|         94|
 2|   1.140E+02|                 Infinity|   1.2403473458920847E-01|         65|
 2|   1.160E+02|                 Infinity|   1.2403473458920847E-01|         65|
 2|   1.180E+02|                 Infinity|   1.4907119849998599E-01|         45|
 2|   1.200E+02|                 Infinity|   1.5811388300841897E-01|         40|
 2|   1.220E+02|                 Infinity|   1.4433756729740646E-01|         48|
 2|   1.240E+02|                 Infinity|   1.5430334996209191E-01|         42|
 2|   1.260E+02|                 Infinity|   1.7960530202677491E-01|         31|
 2|   1.280E+02|                 Infinity|   2.2941573387056174E-01|         19|
 2|   1.300E+02|                 Infinity|   1.8898223650461360E-01|         28|
 2|   1.320E+02|                 Infinity|   2.2360679774997896E-01|         20|
 2|   1.340E+02|                 Infinity|   1.9611613513818404E-01|         26|
 2|   1.360E+02|                 Infinity|   2.3570226039551587E-01|         18|
 2|   1.380E+02|                 Infinity|   2.2360679774997896E-01|         20|
 2|   1.400E+02|                 Infinity|   1.8898223650461360E-01|         28|
 2|   1.420E+02|                 Infinity|   2.0851441405707477E-01|         23|
 2|   1.440E+02|                 Infinity|   2.0000000000000001E-01|         25|
 2|   1.460E+02|                 Infinity|   2.2360679774997896E-01|         20|
 2|   1.480E+02|                 Infinity|   2.5819888974716110E-01|         15|
 2|   1.500E+02|                 Infinity|   2.1320071635561041E-01|         22|
 2|   1.520E+02|                 Infinity|   2.3570226039551587E-01|         18|
 2|   1.540E+02|                 Infinity|   2.5000000000000000E-01|         16|
 2|   1.560E+02|                 Infinity|   2.8867513459481292E-01|         12|
 2|   1.580E+02|                 Infinity|   3.3333333333333331E-01|          9|
 2|   1.600E+02|                 Infinity|   2.5000000000000000E-01|         16|
 2|   1.620E+02|                 Infinity|   2.7735009811261457E-01|         13|
 2|   1.640E+02|                 Infinity|   3.3333333333333331E-01|          9|
 2|   1.660E+02|                 Infinity|   2.5819888974716110E-01|         15|
 2|   1.680E+02|                 Infinity|   2.7735009811261457E-01|         13|
 2|   1.700E+02|                 Infinity|   3.5355339059327373E-01|          8|
 2|   1.720E+02|                 Infinity|   2.6726124191242440E-01|         14|
 2|   1.740E+02|                 Infinity|   2.8867513459481292E-01|         12|
 2|   1.760E+02|                 Infinity|   3.3333333333333331E-01|          9|
 2|   1.780E+02|                 Infinity|   3.0151134457776363E-01|         11|
 2|   1.800E+02|                 Infinity|   3.5355339059327373E-01|          8|
 2|   1.820E+02|                 Infinity|   3.1622776601683794E-01|         10|
 2|   1.840E+02|                 Infinity|   3.7796447300922720E-01|          7|
 2|   1.860E+02|                 Infinity|   3.7796447300922720E-01|          7|
 2|   1.880E+02|                 Infinity|   3.1622776601683794E-01|         10|
 2|   1.900E+02|                 Infinity|   3.5355339059327373E-01|          8|
 2|   1.920E+02|                 Infinity|   5.0000000000000000E-01|          4|
 2|   1.940E+02|                 Infinity|   4.0824829046386307E-01|          6|
 2|   1.960E+02|                 Infinity|   3.7796447300922720E-01|          7|
 2|   1.980E+02|                 Infinity|   5.7735026918962584E-01|          3|
# integrated result:   9.6755547407448707E-04
#
# Histogram 3: pT(H)                                             
 3|   0.000E+00|                 Infinity|   1.4262447634628236E-02|       4916|
 3|   1.000E+01|                 Infinity|   1.2412069406599543E-02|       6491|
 3|   2.000E+01|                 Infinity|   1.3219836175517261E-02|       5722|
 3|   3.000E+01|                 Infinity|   1.4246517597268445E-02|       4927|
 3|   4.000E+01|                 Infinity|   1.4164817491751837E-02|       4984|
 3|   5.000E+01|                 Infinity|   1.4602041508114227E-02|       4690|
 3|   6.000E+01|                 Infinity|   1.4846210376062518E-02|       4537|
 3|   7.000E+01|                 Infinity|   1.5619281095398016E-02|       4099|
 3|   8.000E+01|                 Infinity|   1.6275769175423189E-02|       3775|
 3|   9.000E+01|                 Infinity|   1.7231137919889439E-02|       3368|
 3|   1.000E+02|                 Infinity|   1.8386578283823053E-02|       2958|
 3|   1.100E+02|                 Infinity|   2.0072391147592506E-02|       2482|
 3|   1.200E+02|                 Infinity|   2.1133574210488573E-02|       2239|
 3|   1.300E+02|                 Infinity|   2.2383074051792261E-02|       1996|
 3|   1.400E+02|                 Infinity|   2.4325212770525996E-02|       1690|
 3|   1.500E+02|                 Infinity|   2.5915085804667209E-02|       1489|
 3|   1.600E+02|                 Infinity|   2.8490144114909487E-02|       1232|
 3|   1.700E+02|                 Infinity|   3.1265269974036121E-02|       1023|
 3|   1.800E+02|                 Infinity|   3.4627168053222183E-02|        834|
 3|   1.900E+02|                 Infinity|   3.6961063547728643E-02|        732|
 3|   2.000E+02|                 Infinity|   4.0689422938557970E-02|        604|
 3|   2.100E+02|                 Infinity|   4.3685202833051898E-02|        524|
 3|   2.200E+02|                 Infinity|   4.7404546313997722E-02|        445|
 3|   2.300E+02|                 Infinity|   5.3838190205816552E-02|        345|
 3|   2.400E+02|                 Infinity|   5.8222250973958202E-02|        295|
 3|   2.500E+02|                 Infinity|   5.8123819371909642E-02|        296|
 3|   2.600E+02|                 Infinity|   6.6226617853252193E-02|        228|
 3|   2.700E+02|                 Infinity|   7.2547625011001163E-02|        190|
 3|   2.800E+02|                 Infinity|   7.4124931666110117E-02|        182|
 3|   2.900E+02|                 Infinity|   7.8567420131838608E-02|        162|
 3|   3.000E+02|                 Infinity|   8.8388347648318433E-02|        128|
 3|   3.100E+02|                 Infinity|   8.4515425472851652E-02|        140|
 3|   3.200E+02|                 Infinity|   8.5125653075874858E-02|        138|
 3|   3.300E+02|                 Infinity|   1.1180339887498948E-01|         80|
 3|   3.400E+02|                 Infinity|   1.1322770341445956E-01|         78|
 3|   3.500E+02|                 Infinity|   1.1785113019775793E-01|         72|
 3|   3.600E+02|                 Infinity|   1.3867504905630729E-01|         52|
 3|   3.700E+02|                 Infinity|   1.2309149097933272E-01|         66|
 3|   3.800E+02|                 Infinity|   1.4142135623730950E-01|         50|
 3|   3.900E+02|                 Infinity|   1.6439898730535729E-01|         37|
 3|   4.000E+02|                 Infinity|   1.6222142113076254E-01|         38|
 3|   4.100E+02|                 Infinity|   1.7407765595569785E-01|         33|
 3|   4.200E+02|                 Infinity|   1.7677669529663687E-01|         32|
 3|   4.300E+02|                 Infinity|   2.0412414523193154E-01|         24|
 3|   4.400E+02|                 Infinity|   2.5819888974716110E-01|         15|
 3|   4.500E+02|                 Infinity|   2.5819888974716110E-01|         15|
 3|   4.600E+02|                 Infinity|   2.5819888974716110E-01|         15|
 3|   4.700E+02|                 Infinity|   1.9611613513818404E-01|         26|
 3|   4.800E+02|                 Infinity|   2.4253562503633297E-01|         17|
 3|   4.900E+02|                 Infinity|   2.6726124191242440E-01|         14|
# integrated result:   9.6755547407448642E-04
#
# Histogram 4: pT(j1)                                            
 4|   0.000E+00|                      NaN|   0.0000000000000000E+00|          0|
 4|   1.000E+01|                 Infinity|   3.8014296063485276E-02|        692|
 4|   2.000E+01|                 Infinity|   1.9802950859533486E-02|       2550|
 4|   3.000E+01|                 Infinity|   1.3101311113808021E-02|       5826|
 4|   4.000E+01|                 Infinity|   9.9068187828540467E-03|      10189|
 4|   5.000E+01|                 Infinity|   1.0288523226029163E-02|       9447|
 4|   6.000E+01|                 Infinity|   1.1278036096494982E-02|       7862|
 4|   7.000E+01|                 Infinity|   1.2523503624640607E-02|       6376|
 4|   8.000E+01|                 Infinity|   1.3936013362524946E-02|       5149|
 4|   9.000E+01|                 Infinity|   1.5459810352577659E-02|       4184|
 4|   1.000E+02|                 Infinity|   1.7761120833134698E-02|       3170|
 4|   1.100E+02|                 Infinity|   1.9577758204863370E-02|       2609|
 4|   1.200E+02|                 Infinity|   2.2016606784635510E-02|       2063|
 4|   1.300E+02|                 Infinity|   2.4700771787671945E-02|       1639|
 4|   1.400E+02|                 Infinity|   2.7767067240353285E-02|       1297|
 4|   1.500E+02|                 Infinity|   3.1219527052723135E-02|       1026|
 4|   1.600E+02|                 Infinity|   3.4099716973523674E-02|        860|
 4|   1.700E+02|                 Infinity|   3.9374961547907886E-02|        645|
 4|   1.800E+02|                 Infinity|   4.4151078568834795E-02|        513|
 4|   1.900E+02|                 Infinity|   4.8911598804451853E-02|        418|
 4|   2.000E+02|                 Infinity|   5.2851642258168990E-02|        358|
 4|   2.100E+02|                 Infinity|   5.6980288229818973E-02|        308|
 4|   2.200E+02|                 Infinity|   7.0186240634359645E-02|        203|
 4|   2.300E+02|                 Infinity|   7.5809804357890337E-02|        174|
 4|   2.400E+02|                 Infinity|   8.1649658092772609E-02|        150|
 4|   2.500E+02|                 Infinity|   8.5749292571254410E-02|        136|
 4|   2.600E+02|                 Infinity|   9.9014754297667443E-02|        102|
 4|   2.700E+02|                 Infinity|   1.0783277320343841E-01|         86|
 4|   2.800E+02|                 Infinity|   1.0206207261596577E-01|         96|
 4|   2.900E+02|                 Infinity|   1.1111111111111110E-01|         81|
 4|   3.000E+02|                 Infinity|   1.3483997249264842E-01|         55|
 4|   3.100E+02|                 Infinity|   1.3245323570650439E-01|         57|
 4|   3.200E+02|                 Infinity|   1.4002800840280097E-01|         51|
 4|   3.300E+02|                 Infinity|   1.4744195615489714E-01|         46|
 4|   3.400E+02|                 Infinity|   2.0851441405707477E-01|         23|
 4|   3.500E+02|                 Infinity|   2.2941573387056174E-01|         19|
 4|   3.600E+02|                 Infinity|   2.0000000000000001E-01|         25|
 4|   3.700E+02|                 Infinity|   2.0851441405707477E-01|         23|
 4|   3.800E+02|                 Infinity|   3.1622776601683794E-01|         10|
 4|   3.900E+02|                 Infinity|   2.2941573387056174E-01|         19|
 4|   4.000E+02|                 Infinity|   3.0151134457776363E-01|         11|
 4|   4.100E+02|                 Infinity|   3.1622776601683794E-01|         10|
 4|   4.200E+02|                 Infinity|   3.5355339059327373E-01|          8|
 4|   4.300E+02|                 Infinity|   4.0824829046386307E-01|          6|
 4|   4.400E+02|                 Infinity|   2.8867513459481292E-01|         12|
 4|   4.500E+02|                 Infinity|   3.1622776601683794E-01|         10|
 4|   4.600E+02|                 Infinity|   4.0824829046386307E-01|          6|
 4|   4.700E+02|                 Infinity|   3.5355339059327373E-01|          8|
 4|   4.800E+02|                 Infinity|   5.7735026918962584E-01|          3|
 4|   4.900E+02|                 Infinity|   3.5355339059327373E-01|          8|
# integrated result:   9.6755547407448717E-04
#
# Histogram 5: dy(j1,j2)                                         
 5|  -5.000E+00|                      NaN|   0.0000000000000000E+00|          0|
 5|  -4.800E+00|                      NaN|   0.0000000000000000E+00|          0|
 5|  -4.600E+00|                 Infinity|   1.0000000000000000E+00|          1|
 5|  -4.400E+00|                 Infinity|   7.0710678118654746E-01|          2|
 5|  -4.200E+00|                 Infinity|   4.0824829046386307E-01|          6|
 5|  -4.000E+00|                 Infinity|   2.6726124191242440E-01|         14|
 5|  -3.800E+00|                 Infinity|   1.6666666666666666E-01|         36|
 5|  -3.600E+00|                 Infinity|   1.2309149097933272E-01|         66|
 5|  -3.400E+00|                 Infinity|   7.0888120500833582E-02|        199|
 5|  -3.200E+00|                 Infinity|   3.6178730264621081E-02|        764|
 5|  -3.000E+00|                 Infinity|   3.1638599858416633E-02|        999|
 5|  -2.800E+00|                 Infinity|   3.4462275839778879E-02|        842|
 5|  -2.600E+00|                 Infinity|   3.3786868919974296E-02|        876|
 5|  -2.400E+00|                 Infinity|   3.0758312596043249E-02|       1057|
 5|  -2.200E+00|                 Infinity|   2.8171808490950551E-02|       1260|
 5|  -2.000E+00|                 Infinity|   2.5221663615265913E-02|       1572|
 5|  -1.800E+00|                 Infinity|   2.2233204294660427E-02|       2023|
 5|  -1.600E+00|                 Infinity|   1.9188238911333408E-02|       2716|
 5|  -1.400E+00|                 Infinity|   1.6699168903045028E-02|       3586|
 5|  -1.200E+00|                 Infinity|   1.5877016633223832E-02|       3967|
 5|  -1.000E+00|                 Infinity|   1.4787658047405828E-02|       4573|
 5|  -8.000E-01|                 Infinity|   1.3665334361513131E-02|       5355|
 5|  -6.000E-01|                 Infinity|   1.3096815896275179E-02|       5830|
 5|  -4.000E-01|                 Infinity|   1.3998684185526935E-02|       5103|
 5|  -2.000E-01|                 Infinity|   1.6448792373994225E-02|       3696|
 5|   0.000E+00|                 Infinity|   1.5465355809927969E-02|       4181|
 5|   2.000E-01|                 Infinity|   1.6949152542372881E-02|       3481|
 5|   4.000E-01|                 Infinity|   1.9345580813353420E-02|       2672|
 5|   6.000E-01|                 Infinity|   1.9984019174435787E-02|       2504|
 5|   8.000E-01|                 Infinity|   2.0044145734457890E-02|       2489|
 5|   1.000E+00|                 Infinity|   2.0012010810811352E-02|       2497|
 5|   1.200E+00|                 Infinity|   2.4296476537493127E-02|       1694|
 5|   1.400E+00|                 Infinity|   2.5565499628245683E-02|       1530|
 5|   1.600E+00|                 Infinity|   2.9800997754107491E-02|       1126|
 5|   1.800E+00|                 Infinity|   4.1848697531868720E-02|        571|
 5|   2.000E+00|                 Infinity|   4.9326362366699003E-02|        411|
 5|   2.200E+00|                 Infinity|   5.7735026918962568E-02|        300|
 5|   2.400E+00|                 Infinity|   6.9171446386607466E-02|        209|
 5|   2.600E+00|                 Infinity|   7.3720978077448568E-02|        184|
 5|   2.800E+00|                 Infinity|   9.3250480824031381E-02|        115|
 5|   3.000E+00|                 Infinity|   1.1785113019775793E-01|         72|
 5|   3.200E+00|                 Infinity|   1.5249857033260467E-01|         43|
 5|   3.400E+00|                 Infinity|   2.8867513459481292E-01|         12|
 5|   3.600E+00|                 Infinity|   4.4721359549995793E-01|          5|
 5|   3.800E+00|                 Infinity|   2.4253562503633297E-01|         17|
 5|   4.000E+00|                 Infinity|   5.7735026918962584E-01|          3|
 5|   4.200E+00|                 Infinity|   1.0000000000000000E+00|          1|
 5|   4.400E+00|                      NaN|   0.0000000000000000E+00|          0|
 5|   4.600E+00|                      NaN|   0.0000000000000000E+00|          0|
 5|   4.800E+00|                      NaN|   0.0000000000000000E+00|          0|
# integrated result:   9.6755547407448891E-04
#
# Histogram 6: mz1                                               
 6|   0.000E+00|                      NaN|   0.0000000000000000E+00|          0|
 6|   2.000E+00|                      NaN|   0.0000000000000000E+00|          0|
 6|   4.000E+00|                 Infinity|   1.4216253350904587E-02|       4948|
 6|   6.000E+00|                 Infinity|   3.3557802760701215E-02|        888|
 6|   8.000E+00|                 Infinity|   3.9283710065919304E-02|        648|
 6|   1.000E+01|                 Infinity|   3.4710506725031162E-02|        830|
 6|   1.200E+01|                 Infinity|   3.4585723193303733E-02|        836|
 6|   1.400E+01|                 Infinity|   3.6178730264621081E-02|        764|
 6|   1.600E+01|                 Infinity|   2.3357091793352585E-02|       1833|
 6|   1.800E+01|                 Infinity|   2.6555952586407233E-02|       1418|
 6|   2.000E+01|                 Infinity|   4.7673129462279619E-02|        440|
 6|   2.200E+01|                 Infinity|   5.3760333057047034E-02|        346|
 6|   2.400E+01|                 Infinity|   5.0443327230531826E-02|        393|
 6|   2.600E+01|                 Infinity|   4.0588747923409947E-02|        607|
 6|   2.800E+01|                 Infinity|   4.4946657497549475E-02|        495|
 6|   3.000E+01|                 Infinity|   5.9654998627189357E-02|        281|
 6|   3.200E+01|                 Infinity|   6.0412209333017698E-02|        274|
 6|   3.400E+01|                 Infinity|   5.8123819371909642E-02|        296|
 6|   3.600E+01|                 Infinity|   7.1066905451870152E-02|        198|
 6|   3.800E+01|                 Infinity|   8.1923192051904056E-02|        149|
 6|   4.000E+01|                 Infinity|   1.1322770341445956E-01|         78|
 6|   4.200E+01|                 Infinity|   1.0660035817780521E-01|         88|
 6|   4.400E+01|                 Infinity|   1.0101525445522107E-01|         98|
 6|   4.600E+01|                 Infinity|   9.4491118252306799E-02|        112|
 6|   4.800E+01|                 Infinity|   8.6386842558136015E-02|        134|
 6|   5.000E+01|                 Infinity|   8.1923192051904056E-02|        149|
 6|   5.200E+01|                 Infinity|   7.2739296745330792E-02|        189|
 6|   5.400E+01|                 Infinity|   5.1571062312939668E-02|        376|
 6|   5.600E+01|                 Infinity|   2.8618190351607124E-02|       1221|
 6|   5.800E+01|                 Infinity|   3.6014120303280987E-02|        771|
 6|   6.000E+01|                 Infinity|   2.9695693545824933E-02|       1134|
 6|   6.200E+01|                 Infinity|   5.3074489243427524E-02|        355|
 6|   6.400E+01|                 Infinity|   5.3074489243427524E-02|        355|
 6|   6.600E+01|                 Infinity|   5.6165595630173037E-02|        317|
 6|   6.800E+01|                 Infinity|   4.9088069367381602E-02|        415|
 6|   7.000E+01|                 Infinity|   4.4237395520380883E-02|        511|
 6|   7.200E+01|                 Infinity|   4.1848697531868720E-02|        571|
 6|   7.400E+01|                 Infinity|   4.0555355282690636E-02|        608|
 6|   7.600E+01|                 Infinity|   3.8836781869030869E-02|        663|
 6|   7.800E+01|                 Infinity|   3.8604571824109146E-02|        671|
 6|   8.000E+01|                 Infinity|   4.6373889576016833E-02|        465|
 6|   8.200E+01|                 Infinity|   2.9934217004462482E-02|       1116|
 6|   8.400E+01|                 Infinity|   2.0554213865940245E-02|       2367|
 6|   8.600E+01|                 Infinity|   2.0915193504605287E-02|       2286|
 6|   8.800E+01|                 Infinity|   1.3637349844016112E-02|       5377|
 6|   9.000E+01|                 Infinity|   7.5137015175688587E-03|      17713|
 6|   9.200E+01|                 Infinity|   1.0424587657074937E-02|       9202|
 6|   9.400E+01|                 Infinity|   2.3433924539650597E-02|       1821|
 6|   9.600E+01|                 Infinity|   2.6938622922018266E-02|       1378|
 6|   9.800E+01|                 Infinity|   3.4773407121036048E-02|        827|
 6|   1.000E+02|                 Infinity|   4.2914107542287451E-02|        543|
 6|   1.020E+02|                 Infinity|   7.2357460529242162E-02|        191|
 6|   1.040E+02|                 Infinity|   8.4215192106651904E-02|        141|
 6|   1.060E+02|                 Infinity|   1.0259783520851541E-01|         95|
 6|   1.080E+02|                 Infinity|   1.0425720702853739E-01|         92|
 6|   1.100E+02|                 Infinity|   1.1322770341445956E-01|         78|
 6|   1.120E+02|                 Infinity|   1.1470786693528087E-01|         76|
 6|   1.140E+02|                 Infinity|   1.4002800840280097E-01|         51|
 6|   1.160E+02|                 Infinity|   1.2803687993289598E-01|         61|
 6|   1.180E+02|                 Infinity|   1.5249857033260467E-01|         43|
 6|   1.200E+02|                 Infinity|   1.9245008972987526E-01|         27|
 6|   1.220E+02|                 Infinity|   1.7677669529663687E-01|         32|
 6|   1.240E+02|                 Infinity|   2.5819888974716110E-01|         15|
 6|   1.260E+02|                 Infinity|   1.9611613513818404E-01|         26|
 6|   1.280E+02|                 Infinity|   2.8867513459481292E-01|         12|
 6|   1.300E+02|                 Infinity|   2.0851441405707477E-01|         23|
 6|   1.320E+02|                 Infinity|   2.7735009811261457E-01|         13|
 6|   1.340E+02|                 Infinity|   2.6726124191242440E-01|         14|
 6|   1.360E+02|                 Infinity|   2.6726124191242440E-01|         14|
 6|   1.380E+02|                 Infinity|   3.5355339059327373E-01|          8|
 6|   1.400E+02|                 Infinity|   4.4721359549995793E-01|          5|
 6|   1.420E+02|                 Infinity|   4.4721359549995793E-01|          5|
 6|   1.440E+02|                 Infinity|   5.7735026918962584E-01|          3|
 6|   1.460E+02|                 Infinity|   5.0000000000000000E-01|          4|
 6|   1.480E+02|                 Infinity|   5.0000000000000000E-01|          4|
 6|   1.500E+02|                 Infinity|   5.0000000000000000E-01|          4|
 6|   1.520E+02|                 Infinity|   5.0000000000000000E-01|          4|
 6|   1.540E+02|                 Infinity|   3.7796447300922720E-01|          7|
 6|   1.560E+02|                 Infinity|   4.0824829046386307E-01|          6|
 6|   1.580E+02|                 Infinity|   4.0824829046386307E-01|          6|
 6|   1.600E+02|                 Infinity|   7.0710678118654746E-01|          2|
 6|   1.620E+02|                 Infinity|   7.0710678118654746E-01|          2|
 6|   1.640E+02|                      NaN|   0.0000000000000000E+00|          0|
 6|   1.660E+02|                 Infinity|   5.7735026918962584E-01|          3|
 6|   1.680E+02|                 Infinity|   1.0000000000000000E+00|          1|
 6|   1.700E+02|                 Infinity|   5.7735026918962584E-01|          3|
 6|   1.720E+02|                 Infinity|   7.0710678118654746E-01|          2|
 6|   1.740E+02|                 Infinity|   1.0000000000000000E+00|          1|
 6|   1.760E+02|                      NaN|   0.0000000000000000E+00|          0|
 6|   1.780E+02|                 Infinity|   1.0000000000000000E+00|          1|
 6|   1.800E+02|                 Infinity|   7.0710678118654746E-01|          2|
 6|   1.820E+02|                 Infinity|   7.0710678118654746E-01|          2|
 6|   1.840E+02|                 Infinity|   7.0710678118654746E-01|          2|
 6|   1.860E+02|                 Infinity|   7.0710678118654746E-01|          2|
 6|   1.880E+02|                 Infinity|   7.0710678118654746E-01|          2|
 6|   1.900E+02|                      NaN|   0.0000000000000000E+00|          0|
 6|   1.920E+02|                 Infinity|   1.0000000000000000E+00|          1|
 6|   1.940E+02|                      NaN|   0.0000000000000000E+00|          0|
 6|   1.960E+02|                      NaN|   0.0000000000000000E+00|          0|
 6|   1.980E+02|                 Infinity|   1.0000000000000000E+00|          1|
# integrated result:   9.6755547407448609E-04
#
# Histogram 7: mz2                                               
 7|   0.000E+00|                      NaN|   0.0000000000000000E+00|          0|
 7|   2.000E+00|                      NaN|   0.0000000000000000E+00|          0|
 7|   4.000E+00|                 Infinity|   2.3596458909150436E-02|       1796|
 7|   6.000E+00|                 Infinity|   2.8149476494978783E-02|       1262|
 7|   8.000E+00|                 Infinity|   3.0137438733945612E-02|       1101|
 7|   1.000E+01|                 Infinity|   3.0344856451720224E-02|       1086|
 7|   1.200E+01|                 Infinity|   3.0457245193658632E-02|       1078|
 7|   1.400E+01|                 Infinity|   3.1686212526223896E-02|        996|
 7|   1.600E+01|                 Infinity|   3.2108064953396777E-02|        970|
 7|   1.800E+01|                 Infinity|   3.2141217326661253E-02|        968|
 7|   2.000E+01|                 Infinity|   3.3314830232638482E-02|        901|
 7|   2.200E+01|                 Infinity|   3.4219295541457743E-02|        854|
 7|   2.400E+01|                 Infinity|   3.3222774709254770E-02|        906|
 7|   2.600E+01|                 Infinity|   3.4380708208626445E-02|        846|
 7|   2.800E+01|                 Infinity|   3.5223497683817342E-02|        806|
 7|   3.000E+01|                 Infinity|   3.4627168053222183E-02|        834|
 7|   3.200E+01|                 Infinity|   3.5828718195000928E-02|        779|
 7|   3.400E+01|                 Infinity|   3.5990787537434725E-02|        772|
 7|   3.600E+01|                 Infinity|   3.8518560788567267E-02|        674|
 7|   3.800E+01|                 Infinity|   3.8807526285316640E-02|        664|
 7|   4.000E+01|                 Infinity|   4.0689422938557970E-02|        604|
 7|   4.200E+01|                 Infinity|   4.1239304942116126E-02|        588|
 7|   4.400E+01|                 Infinity|   3.9314056698537575E-02|        647|
 7|   4.600E+01|                 Infinity|   4.2107596053325952E-02|        564|
 7|   4.800E+01|                 Infinity|   4.2524325556256230E-02|        553|
 7|   5.000E+01|                 Infinity|   4.1451333614483915E-02|        582|
 7|   5.200E+01|                 Infinity|   4.2874646285627205E-02|        544|
 7|   5.400E+01|                 Infinity|   4.0824829046386304E-02|        600|
 7|   5.600E+01|                 Infinity|   3.9809371432901648E-02|        631|
 7|   5.800E+01|                 Infinity|   4.4108109139123088E-02|        514|
 7|   6.000E+01|                 Infinity|   4.1996052556580801E-02|        567|
 7|   6.200E+01|                 Infinity|   4.3193421279068007E-02|        536|
 7|   6.400E+01|                 Infinity|   4.0996003084539386E-02|        595|
 7|   6.600E+01|                 Infinity|   3.2025630761017429E-02|        975|
 7|   6.800E+01|                 Infinity|   3.0787453590353963E-02|       1055|
 7|   7.000E+01|                 Infinity|   2.8386647790182979E-02|       1241|
 7|   7.200E+01|                 Infinity|   3.3426313523243781E-02|        895|
 7|   7.400E+01|                 Infinity|   3.9840953644479787E-02|        630|
 7|   7.600E+01|                 Infinity|   3.8720154633118314E-02|        667|
 7|   7.800E+01|                 Infinity|   4.1666666666666664E-02|        576|
 7|   8.000E+01|                 Infinity|   3.6084391824351615E-02|        768|
 7|   8.200E+01|                 Infinity|   3.1766046899489794E-02|        991|
 7|   8.400E+01|                 Infinity|   1.6618267200585898E-02|       3621|
 7|   8.600E+01|                 Infinity|   2.4953256425297481E-02|       1606|
 7|   8.800E+01|                 Infinity|   1.4412753434733406E-02|       4814|
 7|   9.000E+01|                 Infinity|   7.4116787411658679E-03|      18204|
 7|   9.200E+01|                 Infinity|   1.3435230372511476E-02|       5540|
 7|   9.400E+01|                 Infinity|   2.9591497808609105E-02|       1142|
 7|   9.600E+01|                 Infinity|   5.8025885318565944E-02|        297|
 7|   9.800E+01|                 Infinity|   5.9549133417541367E-02|        282|
 7|   1.000E+02|                 Infinity|   7.8811040623910061E-02|        161|
 7|   1.020E+02|                 Infinity|   1.1322770341445956E-01|         78|
 7|   1.040E+02|                 Infinity|   1.2909944487358055E-01|         60|
 7|   1.060E+02|                 Infinity|   1.8898223650461360E-01|         28|
 7|   1.080E+02|                 Infinity|   1.9245008972987526E-01|         27|
 7|   1.100E+02|                 Infinity|   1.8257418583505536E-01|         30|
 7|   1.120E+02|                 Infinity|   2.7735009811261457E-01|         13|
 7|   1.140E+02|                 Infinity|   2.6726124191242440E-01|         14|
 7|   1.160E+02|                 Infinity|   2.7735009811261457E-01|         13|
 7|   1.180E+02|                 Infinity|   2.4253562503633297E-01|         17|
 7|   1.200E+02|                 Infinity|   3.7796447300922720E-01|          7|
 7|   1.220E+02|                 Infinity|   3.3333333333333331E-01|          9|
 7|   1.240E+02|                 Infinity|   3.5355339059327373E-01|          8|
 7|   1.260E+02|                 Infinity|   3.0151134457776363E-01|         11|
 7|   1.280E+02|                 Infinity|   3.3333333333333331E-01|          9|
 7|   1.300E+02|                 Infinity|   4.4721359549995793E-01|          5|
 7|   1.320E+02|                 Infinity|   5.7735026918962584E-01|          3|
 7|   1.340E+02|                 Infinity|   5.0000000000000000E-01|          4|
 7|   1.360E+02|                 Infinity|   4.4721359549995793E-01|          5|
 7|   1.380E+02|                 Infinity|   3.7796447300922720E-01|          7|
 7|   1.400E+02|                 Infinity|   1.0000000000000000E+00|          1|
 7|   1.420E+02|                 Infinity|   5.7735026918962584E-01|          3|
 7|   1.440E+02|                 Infinity|   7.0710678118654746E-01|          2|
 7|   1.460E+02|                 Infinity|   7.0710678118654746E-01|          2|
 7|   1.480E+02|                 Infinity|   1.0000000000000000E+00|          1|
 7|   1.500E+02|                 Infinity|   5.7735026918962584E-01|          3|
 7|   1.520E+02|                 Infinity|   1.0000000000000000E+00|          1|
 7|   1.540E+02|                      NaN|   0.0000000000000000E+00|          0|
 7|   1.560E+02|                 Infinity|   7.0710678118654746E-01|          2|
 7|   1.580E+02|                      NaN|   0.0000000000000000E+00|          0|
 7|   1.600E+02|                 Infinity|   7.0710678118654746E-01|          2|
 7|   1.620E+02|                 Infinity|   7.0710678118654746E-01|          2|
 7|   1.640E+02|                 Infinity|   1.0000000000000000E+00|          1|
 7|   1.660E+02|                      NaN|   0.0000000000000000E+00|          0|
 7|   1.680E+02|                 Infinity|   1.0000000000000000E+00|          1|
 7|   1.700E+02|                 Infinity|   1.0000000000000000E+00|          1|
 7|   1.720E+02|                 Infinity|   1.0000000000000000E+00|          1|
 7|   1.740E+02|                 Infinity|   1.0000000000000000E+00|          1|
 7|   1.760E+02|                 Infinity|   1.0000000000000000E+00|          1|
 7|   1.780E+02|                      NaN|   0.0000000000000000E+00|          0|
 7|   1.800E+02|                      NaN|   0.0000000000000000E+00|          0|
 7|   1.820E+02|                      NaN|   0.0000000000000000E+00|          0|
 7|   1.840E+02|                      NaN|   0.0000000000000000E+00|          0|
 7|   1.860E+02|                      NaN|   0.0000000000000000E+00|          0|
 7|   1.880E+02|                      NaN|   0.0000000000000000E+00|          0|
 7|   1.900E+02|                 Infinity|   1.0000000000000000E+00|          1|
 7|   1.920E+02|                      NaN|   0.0000000000000000E+00|          0|
 7|   1.940E+02|                      NaN|   0.0000000000000000E+00|          0|
 7|   1.960E+02|                      NaN|   0.0000000000000000E+00|          0|
 7|   1.980E+02|                 Infinity|   1.0000000000000000E+00|          1|
# integrated result:   9.6755547407448956E-04
#
# Histogram 8: m_4l                                              
 8|   1.000E+02|                 Infinity|   8.5614053638750475E-03|      13643|
 8|   1.400E+02|                 Infinity|   8.1693239445271518E-03|      14984|
 8|   1.800E+02|                 Infinity|   8.9697823683620795E-03|      12429|
 8|   2.200E+02|                 Infinity|   1.0821724992750191E-02|       8539|
 8|   2.600E+02|                 Infinity|   1.3543224462197162E-02|       5452|
 8|   3.000E+02|                 Infinity|   1.7503501050350121E-02|       3264|
 8|   3.400E+02|                 Infinity|   2.2189373390928115E-02|       2031|
 8|   3.800E+02|                 Infinity|   2.7307730683968016E-02|       1341|
 8|   4.200E+02|                 Infinity|   3.3786868919974296E-02|        876|
 8|   4.600E+02|                 Infinity|   4.1739193556484110E-02|        574|
 8|   5.000E+02|                 Infinity|   5.0898659855928764E-02|        386|
 8|   5.400E+02|                 Infinity|   5.9339082909692663E-02|        284|
 8|   5.800E+02|                 Infinity|   6.8199433947047347E-02|        215|
 8|   6.200E+02|                 Infinity|   8.7370405666103795E-02|        131|
 8|   6.600E+02|                 Infinity|   9.7128586235726413E-02|        106|
 8|   7.000E+02|                 Infinity|   1.1250879009260240E-01|         79|
 8|   7.400E+02|                 Infinity|   1.4002800840280097E-01|         51|
 8|   7.800E+02|                 Infinity|   1.6439898730535729E-01|         37|
 8|   8.200E+02|                 Infinity|   2.0412414523193154E-01|         24|
 8|   8.600E+02|                 Infinity|   1.9611613513818404E-01|         26|
 8|   9.000E+02|                 Infinity|   2.0412414523193154E-01|         24|
 8|   9.400E+02|                 Infinity|   2.2941573387056174E-01|         19|
 8|   9.800E+02|                 Infinity|   3.0151134457776363E-01|         11|
 8|   1.020E+03|                 Infinity|   3.5355339059327373E-01|          8|
 8|   1.060E+03|                 Infinity|   3.3333333333333331E-01|          9|
 8|   1.100E+03|                 Infinity|   3.7796447300922720E-01|          7|
 8|   1.140E+03|                 Infinity|   5.0000000000000000E-01|          4|
 8|   1.180E+03|                 Infinity|   5.0000000000000000E-01|          4|
 8|   1.220E+03|                 Infinity|   5.7735026918962584E-01|          3|
 8|   1.260E+03|                 Infinity|   4.0824829046386307E-01|          6|
 8|   1.300E+03|                 Infinity|   4.4721359549995793E-01|          5|
 8|   1.340E+03|                 Infinity|   7.0710678118654746E-01|          2|
 8|   1.380E+03|                 Infinity|   5.7735026918962584E-01|          3|
 8|   1.420E+03|                 Infinity|   1.0000000000000000E+00|          1|
 8|   1.460E+03|                 Infinity|   7.0710678118654746E-01|          2|
 8|   1.500E+03|                 Infinity|   7.0710678118654746E-01|          2|
 8|   1.540E+03|                 Infinity|   1.0000000000000000E+00|          1|
 8|   1.580E+03|                 Infinity|   1.0000000000000000E+00|          1|
 8|   1.620E+03|                 Infinity|   1.0000000000000000E+00|          1|
 8|   1.660E+03|                 Infinity|   5.7735026918962584E-01|          3|
 8|   1.700E+03|                 Infinity|   5.7735026918962584E-01|          3|
 8|   1.740E+03|                      NaN|   0.0000000000000000E+00|          0|
 8|   1.780E+03|                      NaN|   0.0000000000000000E+00|          0|
 8|   1.820E+03|                 Infinity|   5.0000000000000000E-01|          4|
 8|   1.860E+03|                      NaN|   0.0000000000000000E+00|          0|
 8|   1.900E+03|                      NaN|   0.0000000000000000E+00|          0|
 8|   1.940E+03|                      NaN|   0.0000000000000000E+00|          0|
 8|   1.980E+03|                      NaN|   0.0000000000000000E+00|          0|
 8|   2.020E+03|                      NaN|   0.0000000000000000E+00|          0|
 8|   2.060E+03|                      NaN|   0.0000000000000000E+00|          0|
 8|   2.100E+03|                 Infinity|   1.0000000000000000E+00|          1|
 8|   2.140E+03|                 Infinity|   7.0710678118654746E-01|          2|
 8|   2.180E+03|                 Infinity|   7.0710678118654746E-01|          2|
 8|   2.220E+03|                      NaN|   0.0000000000000000E+00|          0|
 8|   2.260E+03|                      NaN|   0.0000000000000000E+00|          0|
 8|   2.300E+03|                      NaN|   0.0000000000000000E+00|          0|
 8|   2.340E+03|                      NaN|   0.0000000000000000E+00|          0|
 8|   2.380E+03|                      NaN|   0.0000000000000000E+00|          0|
 8|   2.420E+03|                      NaN|   0.0000000000000000E+00|          0|
 8|   2.460E+03|                      NaN|   0.0000000000000000E+00|          0|
 8|   2.500E+03|                      NaN|   0.0000000000000000E+00|          0|
 8|   2.540E+03|                      NaN|   0.0000000000000000E+00|          0|
 8|   2.580E+03|                      NaN|   0.0000000000000000E+00|          0|
 8|   2.620E+03|                      NaN|   0.0000000000000000E+00|          0|
 8|   2.660E+03|                 Infinity|   1.0000000000000000E+00|          1|
 8|   2.700E+03|                      NaN|   0.0000000000000000E+00|          0|
 8|   2.740E+03|                      NaN|   0.0000000000000000E+00|          0|
 8|   2.780E+03|                      NaN|   0.0000000000000000E+00|          0|
 8|   2.820E+03|                      NaN|   0.0000000000000000E+00|          0|
 8|   2.860E+03|                      NaN|   0.0000000000000000E+00|          0|
 8|   2.900E+03|                      NaN|   0.0000000000000000E+00|          0|
 8|   2.940E+03|                      NaN|   0.0000000000000000E+00|          0|
 8|   2.980E+03|                      NaN|   0.0000000000000000E+00|          0|
 8|   3.020E+03|                      NaN|   0.0000000000000000E+00|          0|
 8|   3.060E+03|                      NaN|   0.0000000000000000E+00|          0|
 8|   3.100E+03|                 Infinity|   1.0000000000000000E+00|          1|
 8|   3.140E+03|                      NaN|   0.0000000000000000E+00|          0|
 8|   3.180E+03|                      NaN|   0.0000000000000000E+00|          0|
 8|   3.220E+03|                      NaN|   0.0000000000000000E+00|          0|
 8|   3.260E+03|                      NaN|   0.0000000000000000E+00|          0|
 8|   3.300E+03|                      NaN|   0.0000000000000000E+00|          0|
 8|   3.340E+03|                      NaN|   0.0000000000000000E+00|          0|
 8|   3.380E+03|                      NaN|   0.0000000000000000E+00|          0|
 8|   3.420E+03|                      NaN|   0.0000000000000000E+00|          0|
 8|   3.460E+03|                      NaN|   0.0000000000000000E+00|          0|
 8|   3.500E+03|                      NaN|   0.0000000000000000E+00|          0|
 8|   3.540E+03|                      NaN|   0.0000000000000000E+00|          0|
 8|   3.580E+03|                      NaN|   0.0000000000000000E+00|          0|
 8|   3.620E+03|                      NaN|   0.0000000000000000E+00|          0|
 8|   3.660E+03|                      NaN|   0.0000000000000000E+00|          0|
 8|   3.700E+03|                      NaN|   0.0000000000000000E+00|          0|
 8|   3.740E+03|                      NaN|   0.0000000000000000E+00|          0|
 8|   3.780E+03|                      NaN|   0.0000000000000000E+00|          0|
 8|   3.820E+03|                      NaN|   0.0000000000000000E+00|          0|
 8|   3.860E+03|                      NaN|   0.0000000000000000E+00|          0|
 8|   3.900E+03|                      NaN|   0.0000000000000000E+00|          0|
 8|   3.940E+03|                      NaN|   0.0000000000000000E+00|          0|
 8|   3.980E+03|                      NaN|   0.0000000000000000E+00|          0|
 8|   4.020E+03|                      NaN|   0.0000000000000000E+00|          0|
 8|   4.060E+03|                      NaN|   0.0000000000000000E+00|          0|
# integrated result:   9.6755547407449032E-04
#
# Histogram 9: m_4l                                              
 9|   8.500E+01|                 Infinity|   8.4215192106651904E-02|        141|
 9|   8.600E+01|                 Infinity|   7.7151674981045956E-02|        168|
 9|   8.700E+01|                 Infinity|   8.2478609884232251E-02|        147|
 9|   8.800E+01|                 Infinity|   8.4515425472851652E-02|        140|
 9|   8.900E+01|                 Infinity|   8.6386842558136015E-02|        134|
 9|   9.000E+01|                 Infinity|   9.5782628522115137E-02|        109|
 9|   9.100E+01|                 Infinity|   8.8735650941611385E-02|        127|
 9|   9.200E+01|                 Infinity|   9.0909090909090912E-02|        121|
 9|   9.300E+01|                 Infinity|   8.3918135829668908E-02|        142|
 9|   9.400E+01|                 Infinity|   8.2199493652678646E-02|        148|
 9|   9.500E+01|                 Infinity|   8.0321932890249886E-02|        155|
 9|   9.600E+01|                 Infinity|   7.3720978077448568E-02|        184|
 9|   9.700E+01|                 Infinity|   7.7151674981045956E-02|        168|
 9|   9.800E+01|                 Infinity|   7.1066905451870152E-02|        198|
 9|   9.900E+01|                 Infinity|   6.5512178208041838E-02|        233|
 9|   1.000E+02|                 Infinity|   6.5232807305344226E-02|        235|
 9|   1.010E+02|                 Infinity|   6.2745580513815860E-02|        254|
 9|   1.020E+02|                 Infinity|   6.1313933948496581E-02|        266|
 9|   1.030E+02|                 Infinity|   6.1780206321521543E-02|        262|
 9|   1.040E+02|                 Infinity|   6.0192926542884599E-02|        276|
 9|   1.050E+02|                 Infinity|   5.8520573598065284E-02|        292|
 9|   1.060E+02|                 Infinity|   5.5641488407465724E-02|        323|
 9|   1.070E+02|                 Infinity|   5.6433264798310033E-02|        314|
 9|   1.080E+02|                 Infinity|   5.3605626741889741E-02|        348|
 9|   1.090E+02|                 Infinity|   5.7259833431386825E-02|        305|
 9|   1.100E+02|                 Infinity|   5.5555555555555552E-02|        324|
 9|   1.110E+02|                 Infinity|   5.4312544659356844E-02|        339|
 9|   1.120E+02|                 Infinity|   5.2704627669472988E-02|        360|
 9|   1.130E+02|                 Infinity|   5.2925612402496311E-02|        357|
 9|   1.140E+02|                 Infinity|   5.2057920629535355E-02|        369|
 9|   1.150E+02|                 Infinity|   5.3760333057047034E-02|        346|
 9|   1.160E+02|                 Infinity|   5.2558833122763673E-02|        362|
 9|   1.170E+02|                 Infinity|   5.3605626741889741E-02|        348|
 9|   1.180E+02|                 Infinity|   5.1917413165116499E-02|        371|
 9|   1.190E+02|                 Infinity|   5.4312544659356844E-02|        339|
 9|   1.200E+02|                 Infinity|   5.3149400345273393E-02|        354|
 9|   1.210E+02|                 Infinity|   5.1639777949432225E-02|        375|
 9|   1.220E+02|                 Infinity|   5.0507627227610534E-02|        392|
 9|   1.230E+02|                 Infinity|   5.3376051268362382E-02|        351|
 9|   1.240E+02|                 Infinity|   5.3376051268362382E-02|        351|
 9|   1.250E+02|                 Infinity|   5.2999894000318001E-02|        356|
 9|   1.260E+02|                 Infinity|   5.4153036107388232E-02|        341|
 9|   1.270E+02|                 Infinity|   5.1917413165116499E-02|        371|
 9|   1.280E+02|                 Infinity|   5.1434449987363969E-02|        378|
 9|   1.290E+02|                 Infinity|   5.3994924715603881E-02|        343|
 9|   1.300E+02|                 Infinity|   5.4717565516458275E-02|        334|
 9|   1.310E+02|                 Infinity|   5.0964719143762556E-02|        385|
 9|   1.320E+02|                 Infinity|   5.1847584736521263E-02|        372|
 9|   1.330E+02|                 Infinity|   5.3838190205816552E-02|        345|
 9|   1.340E+02|                 Infinity|   5.1987524491003641E-02|        370|
# integrated result:   9.6755547407448663E-04
#
# Histogram10: Phi1                                              
10|  -3.142E+00|                 Infinity|   2.7196414661021059E-02|       1352|
10|  -2.985E+00|                 Infinity|   2.6773977630083295E-02|       1395|
10|  -2.827E+00|                 Infinity|   2.5674808298154838E-02|       1517|
10|  -2.670E+00|                 Infinity|   2.5054867600094295E-02|       1593|
10|  -2.513E+00|                 Infinity|   2.4196695924791362E-02|       1708|
10|  -2.356E+00|                 Infinity|   2.2947613027383809E-02|       1899|
10|  -2.199E+00|                 Infinity|   2.1601748948395161E-02|       2143|
10|  -2.042E+00|                 Infinity|   2.1432398984452372E-02|       2177|
10|  -1.885E+00|                 Infinity|   2.1086537485779239E-02|       2249|
10|  -1.728E+00|                 Infinity|   1.9744962591969745E-02|       2565|
10|  -1.571E+00|                 Infinity|   1.9936305570722498E-02|       2516|
10|  -1.414E+00|                 Infinity|   2.1853029968763229E-02|       2094|
10|  -1.257E+00|                 Infinity|   2.4063224962571107E-02|       1727|
10|  -1.100E+00|                 Infinity|   2.3596458909150436E-02|       1796|
10|  -9.425E-01|                 Infinity|   2.4929982747211407E-02|       1609|
10|  -7.854E-01|                 Infinity|   2.6225138878868803E-02|       1454|
10|  -6.283E-01|                 Infinity|   2.6640630772354096E-02|       1409|
10|  -4.713E-01|                 Infinity|   2.6889882837002246E-02|       1383|
10|  -3.142E-01|                 Infinity|   2.7379283909669677E-02|       1334|
10|  -1.571E-01|                 Infinity|   2.8306925853614891E-02|       1248|
10|  -3.000E-05|                 Infinity|   2.7842302319485226E-02|       1290|
10|   1.570E-01|                 Infinity|   2.6802813370944870E-02|       1392|
10|   3.141E-01|                 Infinity|   2.7451402562301407E-02|       1327|
10|   4.712E-01|                 Infinity|   2.7399831217559550E-02|       1332|
10|   6.283E-01|                 Infinity|   2.7007306464731755E-02|       1371|
10|   7.854E-01|                 Infinity|   2.5837119466440090E-02|       1498|
10|   9.424E-01|                 Infinity|   2.4992191160203070E-02|       1601|
10|   1.100E+00|                 Infinity|   2.4239308278185982E-02|       1702|
10|   1.257E+00|                 Infinity|   2.2332781224177669E-02|       2005|
10|   1.414E+00|                 Infinity|   2.0554213865940245E-02|       2367|
10|   1.571E+00|                 Infinity|   2.0485094834173604E-02|       2383|
10|   1.728E+00|                 Infinity|   2.1581616838757509E-02|       2147|
10|   1.885E+00|                 Infinity|   2.1621937503220529E-02|       2139|
10|   2.042E+00|                 Infinity|   2.2271770159368699E-02|       2016|
10|   2.199E+00|                 Infinity|   2.3563681481313652E-02|       1801|
10|   2.356E+00|                 Infinity|   2.4814583349273254E-02|       1624|
10|   2.513E+00|                 Infinity|   2.5932507713058290E-02|       1487|
10|   2.670E+00|                 Infinity|   2.6678526425610406E-02|       1405|
10|   2.827E+00|                 Infinity|   2.7565892320998563E-02|       1316|
10|   2.984E+00|                 Infinity|   2.7863910628767641E-02|       1288|
# integrated result:   9.6755547407448913E-04
#
