#
# column #1=histogram, #2=x-axis bin, #3=binned cross-section, #4=error, #5=number of events 
# this can be easily plotted in gnuplot with the commands:
#    NHi=3
#    plot 'output.dat' using ($2):($1==NHi ? $3 : 1/0) w st
# where NHi selects the histogram
#
#
# run time =      -0.00min
# TotCS =      4.1266502580E-03           1.09363E-03
#
# Histogram 1: m_jj                                              
 1|   0.000E+00|                      NaN|   0.0000000000000000E+00|          0|
 1|   5.000E+01|                 Infinity|   3.8992652331991933E-03|      65771|
 1|   1.000E+02|                 Infinity|   2.4595948397164089E-02|       1653|
 1|   1.500E+02|                 Infinity|   5.9976014390406722E-02|        278|
 1|   2.000E+02|                 Infinity|   9.0909090909090912E-02|        121|
 1|   2.500E+02|                 Infinity|   1.7677669529663687E-01|         32|
 1|   3.000E+02|                 Infinity|   2.7735009811261457E-01|         13|
 1|   3.500E+02|                 Infinity|   3.3333333333333331E-01|          9|
 1|   4.000E+02|                 Infinity|   4.4721359549995793E-01|          5|
 1|   4.500E+02|                 Infinity|   1.0000000000000000E+00|          1|
 1|   5.000E+02|                      NaN|   0.0000000000000000E+00|          0|
 1|   5.500E+02|                      NaN|   0.0000000000000000E+00|          0|
 1|   6.000E+02|                 Infinity|   1.0000000000000000E+00|          1|
 1|   6.500E+02|                      NaN|   0.0000000000000000E+00|          0|
 1|   7.000E+02|                      NaN|   0.0000000000000000E+00|          0|
 1|   7.500E+02|                      NaN|   0.0000000000000000E+00|          0|
 1|   8.000E+02|                      NaN|   0.0000000000000000E+00|          0|
 1|   8.500E+02|                      NaN|   0.0000000000000000E+00|          0|
 1|   9.000E+02|                      NaN|   0.0000000000000000E+00|          0|
 1|   9.500E+02|                      NaN|   0.0000000000000000E+00|          0|
 1|   1.000E+03|                      NaN|   0.0000000000000000E+00|          0|
 1|   1.050E+03|                      NaN|   0.0000000000000000E+00|          0|
 1|   1.100E+03|                      NaN|   0.0000000000000000E+00|          0|
 1|   1.150E+03|                      NaN|   0.0000000000000000E+00|          0|
 1|   1.200E+03|                      NaN|   0.0000000000000000E+00|          0|
 1|   1.250E+03|                      NaN|   0.0000000000000000E+00|          0|
 1|   1.300E+03|                      NaN|   0.0000000000000000E+00|          0|
 1|   1.350E+03|                      NaN|   0.0000000000000000E+00|          0|
 1|   1.400E+03|                      NaN|   0.0000000000000000E+00|          0|
 1|   1.450E+03|                      NaN|   0.0000000000000000E+00|          0|
 1|   1.500E+03|                      NaN|   0.0000000000000000E+00|          0|
 1|   1.550E+03|                      NaN|   0.0000000000000000E+00|          0|
 1|   1.600E+03|                      NaN|   0.0000000000000000E+00|          0|
 1|   1.650E+03|                      NaN|   0.0000000000000000E+00|          0|
 1|   1.700E+03|                      NaN|   0.0000000000000000E+00|          0|
 1|   1.750E+03|                      NaN|   0.0000000000000000E+00|          0|
 1|   1.800E+03|                      NaN|   0.0000000000000000E+00|          0|
 1|   1.850E+03|                      NaN|   0.0000000000000000E+00|          0|
 1|   1.900E+03|                      NaN|   0.0000000000000000E+00|          0|
 1|   1.950E+03|                      NaN|   0.0000000000000000E+00|          0|
 1|   2.000E+03|                      NaN|   0.0000000000000000E+00|          0|
 1|   2.050E+03|                      NaN|   0.0000000000000000E+00|          0|
 1|   2.100E+03|                      NaN|   0.0000000000000000E+00|          0|
 1|   2.150E+03|                      NaN|   0.0000000000000000E+00|          0|
 1|   2.200E+03|                      NaN|   0.0000000000000000E+00|          0|
 1|   2.250E+03|                      NaN|   0.0000000000000000E+00|          0|
 1|   2.300E+03|                      NaN|   0.0000000000000000E+00|          0|
 1|   2.350E+03|                      NaN|   0.0000000000000000E+00|          0|
 1|   2.400E+03|                      NaN|   0.0000000000000000E+00|          0|
 1|   2.450E+03|                      NaN|   0.0000000000000000E+00|          0|
 1|   2.500E+03|                      NaN|   0.0000000000000000E+00|          0|
 1|   2.550E+03|                      NaN|   0.0000000000000000E+00|          0|
 1|   2.600E+03|                      NaN|   0.0000000000000000E+00|          0|
 1|   2.650E+03|                      NaN|   0.0000000000000000E+00|          0|
 1|   2.700E+03|                      NaN|   0.0000000000000000E+00|          0|
 1|   2.750E+03|                      NaN|   0.0000000000000000E+00|          0|
 1|   2.800E+03|                      NaN|   0.0000000000000000E+00|          0|
 1|   2.850E+03|                      NaN|   0.0000000000000000E+00|          0|
 1|   2.900E+03|                      NaN|   0.0000000000000000E+00|          0|
 1|   2.950E+03|                      NaN|   0.0000000000000000E+00|          0|
 1|   3.000E+03|                      NaN|   0.0000000000000000E+00|          0|
 1|   3.050E+03|                      NaN|   0.0000000000000000E+00|          0|
 1|   3.100E+03|                      NaN|   0.0000000000000000E+00|          0|
 1|   3.150E+03|                      NaN|   0.0000000000000000E+00|          0|
 1|   3.200E+03|                      NaN|   0.0000000000000000E+00|          0|
 1|   3.250E+03|                      NaN|   0.0000000000000000E+00|          0|
 1|   3.300E+03|                      NaN|   0.0000000000000000E+00|          0|
 1|   3.350E+03|                      NaN|   0.0000000000000000E+00|          0|
 1|   3.400E+03|                      NaN|   0.0000000000000000E+00|          0|
 1|   3.450E+03|                      NaN|   0.0000000000000000E+00|          0|
 1|   3.500E+03|                      NaN|   0.0000000000000000E+00|          0|
 1|   3.550E+03|                      NaN|   0.0000000000000000E+00|          0|
 1|   3.600E+03|                      NaN|   0.0000000000000000E+00|          0|
 1|   3.650E+03|                      NaN|   0.0000000000000000E+00|          0|
 1|   3.700E+03|                      NaN|   0.0000000000000000E+00|          0|
 1|   3.750E+03|                      NaN|   0.0000000000000000E+00|          0|
 1|   3.800E+03|                      NaN|   0.0000000000000000E+00|          0|
 1|   3.850E+03|                      NaN|   0.0000000000000000E+00|          0|
 1|   3.900E+03|                      NaN|   0.0000000000000000E+00|          0|
 1|   3.950E+03|                      NaN|   0.0000000000000000E+00|          0|
 1|   4.000E+03|                      NaN|   0.0000000000000000E+00|          0|
 1|   4.050E+03|                      NaN|   0.0000000000000000E+00|          0|
 1|   4.100E+03|                      NaN|   0.0000000000000000E+00|          0|
 1|   4.150E+03|                      NaN|   0.0000000000000000E+00|          0|
 1|   4.200E+03|                      NaN|   0.0000000000000000E+00|          0|
 1|   4.250E+03|                      NaN|   0.0000000000000000E+00|          0|
 1|   4.300E+03|                      NaN|   0.0000000000000000E+00|          0|
 1|   4.350E+03|                      NaN|   0.0000000000000000E+00|          0|
 1|   4.400E+03|                      NaN|   0.0000000000000000E+00|          0|
 1|   4.450E+03|                      NaN|   0.0000000000000000E+00|          0|
 1|   4.500E+03|                      NaN|   0.0000000000000000E+00|          0|
 1|   4.550E+03|                      NaN|   0.0000000000000000E+00|          0|
 1|   4.600E+03|                      NaN|   0.0000000000000000E+00|          0|
 1|   4.650E+03|                      NaN|   0.0000000000000000E+00|          0|
 1|   4.700E+03|                      NaN|   0.0000000000000000E+00|          0|
 1|   4.750E+03|                      NaN|   0.0000000000000000E+00|          0|
 1|   4.800E+03|                      NaN|   0.0000000000000000E+00|          0|
 1|   4.850E+03|                      NaN|   0.0000000000000000E+00|          0|
 1|   4.900E+03|                      NaN|   0.0000000000000000E+00|          0|
 1|   4.950E+03|                      NaN|   0.0000000000000000E+00|          0|
# integrated result:   4.1266502580156851E-03
#
# Histogram 2: m_jj                                              
 2|   0.000E+00|                      NaN|   0.0000000000000000E+00|          0|
 2|   2.000E+00|                      NaN|   0.0000000000000000E+00|          0|
 2|   4.000E+00|                      NaN|   0.0000000000000000E+00|          0|
 2|   6.000E+00|                      NaN|   0.0000000000000000E+00|          0|
 2|   8.000E+00|                      NaN|   0.0000000000000000E+00|          0|
 2|   1.000E+01|                      NaN|   0.0000000000000000E+00|          0|
 2|   1.200E+01|                      NaN|   0.0000000000000000E+00|          0|
 2|   1.400E+01|                      NaN|   0.0000000000000000E+00|          0|
 2|   1.600E+01|                      NaN|   0.0000000000000000E+00|          0|
 2|   1.800E+01|                      NaN|   0.0000000000000000E+00|          0|
 2|   2.000E+01|                      NaN|   0.0000000000000000E+00|          0|
 2|   2.200E+01|                      NaN|   0.0000000000000000E+00|          0|
 2|   2.400E+01|                      NaN|   0.0000000000000000E+00|          0|
 2|   2.600E+01|                      NaN|   0.0000000000000000E+00|          0|
 2|   2.800E+01|                      NaN|   0.0000000000000000E+00|          0|
 2|   3.000E+01|                      NaN|   0.0000000000000000E+00|          0|
 2|   3.200E+01|                      NaN|   0.0000000000000000E+00|          0|
 2|   3.400E+01|                      NaN|   0.0000000000000000E+00|          0|
 2|   3.600E+01|                      NaN|   0.0000000000000000E+00|          0|
 2|   3.800E+01|                      NaN|   0.0000000000000000E+00|          0|
 2|   4.000E+01|                      NaN|   0.0000000000000000E+00|          0|
 2|   4.200E+01|                      NaN|   0.0000000000000000E+00|          0|
 2|   4.400E+01|                      NaN|   0.0000000000000000E+00|          0|
 2|   4.600E+01|                      NaN|   0.0000000000000000E+00|          0|
 2|   4.800E+01|                      NaN|   0.0000000000000000E+00|          0|
 2|   5.000E+01|                      NaN|   0.0000000000000000E+00|          0|
 2|   5.200E+01|                      NaN|   0.0000000000000000E+00|          0|
 2|   5.400E+01|                      NaN|   0.0000000000000000E+00|          0|
 2|   5.600E+01|                      NaN|   0.0000000000000000E+00|          0|
 2|   5.800E+01|                      NaN|   0.0000000000000000E+00|          0|
 2|   6.000E+01|                      NaN|   0.0000000000000000E+00|          0|
 2|   6.200E+01|                      NaN|   0.0000000000000000E+00|          0|
 2|   6.400E+01|                      NaN|   0.0000000000000000E+00|          0|
 2|   6.600E+01|                      NaN|   0.0000000000000000E+00|          0|
 2|   6.800E+01|                      NaN|   0.0000000000000000E+00|          0|
 2|   7.000E+01|                 Infinity|   3.4119559696747022E-02|        859|
 2|   7.200E+01|                 Infinity|   3.6860489038724284E-02|        736|
 2|   7.400E+01|                 Infinity|   3.8895492079220696E-02|        661|
 2|   7.600E+01|                 Infinity|   3.7850558205223227E-02|        698|
 2|   7.800E+01|                 Infinity|   3.7635496474749071E-02|        706|
 2|   8.000E+01|                 Infinity|   3.2738530223582557E-02|        933|
 2|   8.200E+01|                 Infinity|   2.9012942659282972E-02|       1188|
 2|   8.400E+01|                 Infinity|   2.8239124736245250E-02|       1254|
 2|   8.600E+01|                 Infinity|   1.5881020420107101E-02|       3965|
 2|   8.800E+01|                 Infinity|   1.0722974296455570E-02|       8697|
 2|   9.000E+01|                 Infinity|   6.5344126170115337E-03|      23420|
 2|   9.200E+01|                 Infinity|   1.0428554934441463E-02|       9195|
 2|   9.400E+01|                 Infinity|   1.1562432251572007E-02|       7480|
 2|   9.600E+01|                 Infinity|   1.3925199771478561E-02|       5157|
 2|   9.800E+01|                 Infinity|   3.4879005320757793E-02|        822|
 2|   1.000E+02|                 Infinity|   6.2017367294604234E-02|        260|
 2|   1.020E+02|                 Infinity|   7.1981575074869450E-02|        193|
 2|   1.040E+02|                 Infinity|   8.1378845877115941E-02|        151|
 2|   1.060E+02|                 Infinity|   8.5435765771676095E-02|        137|
 2|   1.080E+02|                 Infinity|   8.8045090632562384E-02|        129|
 2|   1.100E+02|                 Infinity|   9.2057461789832346E-02|        118|
 2|   1.120E+02|                 Infinity|   1.1111111111111110E-01|         81|
 2|   1.140E+02|                 Infinity|   1.1470786693528087E-01|         76|
 2|   1.160E+02|                 Infinity|   1.3608276348795434E-01|         54|
 2|   1.180E+02|                 Infinity|   1.3245323570650439E-01|         57|
 2|   1.200E+02|                 Infinity|   1.6666666666666666E-01|         36|
 2|   1.220E+02|                 Infinity|   1.5811388300841897E-01|         40|
 2|   1.240E+02|                 Infinity|   1.5811388300841897E-01|         40|
 2|   1.260E+02|                 Infinity|   1.7960530202677491E-01|         31|
 2|   1.280E+02|                 Infinity|   1.6012815380508713E-01|         39|
 2|   1.300E+02|                 Infinity|   2.0000000000000001E-01|         25|
 2|   1.320E+02|                 Infinity|   2.2360679774997896E-01|         20|
 2|   1.340E+02|                 Infinity|   2.0851441405707477E-01|         23|
 2|   1.360E+02|                 Infinity|   2.4253562503633297E-01|         17|
 2|   1.380E+02|                 Infinity|   2.2360679774997896E-01|         20|
 2|   1.400E+02|                 Infinity|   2.2360679774997896E-01|         20|
 2|   1.420E+02|                 Infinity|   2.3570226039551587E-01|         18|
 2|   1.440E+02|                 Infinity|   1.9611613513818404E-01|         26|
 2|   1.460E+02|                 Infinity|   1.9245008972987526E-01|         27|
 2|   1.480E+02|                 Infinity|   2.5819888974716110E-01|         15|
 2|   1.500E+02|                 Infinity|   2.2360679774997896E-01|         20|
 2|   1.520E+02|                 Infinity|   2.2941573387056174E-01|         19|
 2|   1.540E+02|                 Infinity|   2.2360679774997896E-01|         20|
 2|   1.560E+02|                 Infinity|   2.5819888974716110E-01|         15|
 2|   1.580E+02|                 Infinity|   2.6726124191242440E-01|         14|
 2|   1.600E+02|                 Infinity|   3.0151134457776363E-01|         11|
 2|   1.620E+02|                 Infinity|   2.5819888974716110E-01|         15|
 2|   1.640E+02|                 Infinity|   2.4253562503633297E-01|         17|
 2|   1.660E+02|                 Infinity|   4.0824829046386307E-01|          6|
 2|   1.680E+02|                 Infinity|   3.5355339059327373E-01|          8|
 2|   1.700E+02|                 Infinity|   2.6726124191242440E-01|         14|
 2|   1.720E+02|                 Infinity|   3.5355339059327373E-01|          8|
 2|   1.740E+02|                 Infinity|   2.8867513459481292E-01|         12|
 2|   1.760E+02|                 Infinity|   3.0151134457776363E-01|         11|
 2|   1.780E+02|                 Infinity|   4.4721359549995793E-01|          5|
 2|   1.800E+02|                 Infinity|   3.1622776601683794E-01|         10|
 2|   1.820E+02|                 Infinity|   3.1622776601683794E-01|         10|
 2|   1.840E+02|                 Infinity|   3.7796447300922720E-01|          7|
 2|   1.860E+02|                 Infinity|   3.0151134457776363E-01|         11|
 2|   1.880E+02|                 Infinity|   3.1622776601683794E-01|         10|
 2|   1.900E+02|                 Infinity|   3.5355339059327373E-01|          8|
 2|   1.920E+02|                 Infinity|   3.7796447300922720E-01|          7|
 2|   1.940E+02|                 Infinity|   4.4721359549995793E-01|          5|
 2|   1.960E+02|                 Infinity|   7.0710678118654746E-01|          2|
 2|   1.980E+02|                 Infinity|   2.7735009811261457E-01|         13|
# integrated result:   4.1266502580156895E-03
#
# Histogram 3: pT(H)                                             
 3|   0.000E+00|                 Infinity|   1.9440394783993478E-02|       2646|
 3|   1.000E+01|                 Infinity|   1.4947031888898777E-02|       4476|
 3|   2.000E+01|                 Infinity|   1.5101330108226502E-02|       4385|
 3|   3.000E+01|                 Infinity|   1.6386838133611553E-02|       3724|
 3|   4.000E+01|                 Infinity|   1.6659726559488115E-02|       3603|
 3|   5.000E+01|                 Infinity|   1.6442120788899669E-02|       3699|
 3|   6.000E+01|                 Infinity|   1.6511454667095662E-02|       3668|
 3|   7.000E+01|                 Infinity|   1.6862183682891940E-02|       3517|
 3|   8.000E+01|                 Infinity|   1.6903085094570332E-02|       3500|
 3|   9.000E+01|                 Infinity|   1.7573634021564907E-02|       3238|
 3|   1.000E+02|                 Infinity|   1.8449054095122742E-02|       2938|
 3|   1.100E+02|                 Infinity|   1.9145989526687088E-02|       2728|
 3|   1.200E+02|                 Infinity|   1.9566512004870806E-02|       2612|
 3|   1.300E+02|                 Infinity|   2.0681295814776020E-02|       2338|
 3|   1.400E+02|                 Infinity|   2.1995293510729184E-02|       2067|
 3|   1.500E+02|                 Infinity|   2.2304986837273527E-02|       2010|
 3|   1.600E+02|                 Infinity|   2.4499797877501263E-02|       1666|
 3|   1.700E+02|                 Infinity|   2.5742776142551403E-02|       1509|
 3|   1.800E+02|                 Infinity|   2.6822089039291005E-02|       1390|
 3|   1.900E+02|                 Infinity|   2.8513297425610054E-02|       1230|
 3|   2.000E+02|                 Infinity|   3.0485538042484616E-02|       1076|
 3|   2.100E+02|                 Infinity|   3.2773676267223106E-02|        931|
 3|   2.200E+02|                 Infinity|   3.3786868919974296E-02|        876|
 3|   2.300E+02|                 Infinity|   3.7190400165280094E-02|        723|
 3|   2.400E+02|                 Infinity|   3.8575837490522978E-02|        672|
 3|   2.500E+02|                 Infinity|   4.0824829046386304E-02|        600|
 3|   2.600E+02|                 Infinity|   4.1380294430118397E-02|        584|
 3|   2.700E+02|                 Infinity|   4.4022545316281192E-02|        516|
 3|   2.800E+02|                 Infinity|   4.8911598804451853E-02|        418|
 3|   2.900E+02|                 Infinity|   4.9875466805381644E-02|        402|
 3|   3.000E+02|                 Infinity|   5.4964970992931267E-02|        331|
 3|   3.100E+02|                 Infinity|   5.6888012398857428E-02|        309|
 3|   3.200E+02|                 Infinity|   5.6343616981901101E-02|        315|
 3|   3.300E+02|                 Infinity|   6.4820372355216441E-02|        238|
 3|   3.400E+02|                 Infinity|   6.3245553203367583E-02|        250|
 3|   3.500E+02|                 Infinity|   6.2994078834871195E-02|        252|
 3|   3.600E+02|                 Infinity|   6.9673301429161769E-02|        206|
 3|   3.700E+02|                 Infinity|   7.4124931666110117E-02|        182|
 3|   3.800E+02|                 Infinity|   7.8086880944303036E-02|        164|
 3|   3.900E+02|                 Infinity|   7.9555728417572996E-02|        158|
 3|   4.000E+02|                 Infinity|   7.7615052570633281E-02|        166|
 3|   4.100E+02|                 Infinity|   8.9087080637474794E-02|        126|
 3|   4.200E+02|                 Infinity|   8.8045090632562384E-02|        129|
 3|   4.300E+02|                 Infinity|   9.5346258924559238E-02|        110|
 3|   4.400E+02|                 Infinity|   9.5782628522115137E-02|        109|
 3|   4.500E+02|                 Infinity|   1.0721125348377948E-01|         87|
 3|   4.600E+02|                 Infinity|   1.0482848367219183E-01|         91|
 3|   4.700E+02|                 Infinity|   1.0783277320343841E-01|         86|
 3|   4.800E+02|                 Infinity|   1.1867816581938533E-01|         71|
 3|   4.900E+02|                 Infinity|   1.1043152607484653E-01|         82|
# integrated result:   4.1266502580156886E-03
#
# Histogram 4: pT(j1)                                            
 4|   0.000E+00|                      NaN|   0.0000000000000000E+00|          0|
 4|   1.000E+01|                 Infinity|   3.8433122101204392E-02|        677|
 4|   2.000E+01|                 Infinity|   2.3925088201495553E-02|       1747|
 4|   3.000E+01|                 Infinity|   1.5783790793679277E-02|       4014|
 4|   4.000E+01|                 Infinity|   1.1809742331947865E-02|       7170|
 4|   5.000E+01|                 Infinity|   1.1661857142355327E-02|       7353|
 4|   6.000E+01|                 Infinity|   1.2487323995335366E-02|       6413|
 4|   7.000E+01|                 Infinity|   1.3234879103074857E-02|       5709|
 4|   8.000E+01|                 Infinity|   1.4240738076707171E-02|       4931|
 4|   9.000E+01|                 Infinity|   1.5212754852621890E-02|       4321|
 4|   1.000E+02|                 Infinity|   1.6680572940814539E-02|       3594|
 4|   1.100E+02|                 Infinity|   1.8251335818524617E-02|       3002|
 4|   1.200E+02|                 Infinity|   1.9202384316064216E-02|       2712|
 4|   1.300E+02|                 Infinity|   2.1407828990149706E-02|       2182|
 4|   1.400E+02|                 Infinity|   2.3218173010628604E-02|       1855|
 4|   1.500E+02|                 Infinity|   2.4685714930565622E-02|       1641|
 4|   1.600E+02|                 Infinity|   2.6745234757997019E-02|       1398|
 4|   1.700E+02|                 Infinity|   2.9539809563369560E-02|       1146|
 4|   1.800E+02|                 Infinity|   3.0993786368687184E-02|       1041|
 4|   1.900E+02|                 Infinity|   3.3844872171120637E-02|        873|
 4|   2.000E+02|                 Infinity|   3.7267799624996496E-02|        720|
 4|   2.100E+02|                 Infinity|   3.9193090083481028E-02|        651|
 4|   2.200E+02|                 Infinity|   4.4766148103584522E-02|        499|
 4|   2.300E+02|                 Infinity|   4.4901325506693728E-02|        496|
 4|   2.400E+02|                 Infinity|   4.6932325446393211E-02|        454|
 4|   2.500E+02|                 Infinity|   5.2558833122763673E-02|        362|
 4|   2.600E+02|                 Infinity|   5.6254395046301198E-02|        316|
 4|   2.700E+02|                 Infinity|   5.9234887775909233E-02|        285|
 4|   2.800E+02|                 Infinity|   6.1545745489666362E-02|        264|
 4|   2.900E+02|                 Infinity|   6.8041381743977170E-02|        216|
 4|   3.000E+02|                 Infinity|   7.3720978077448568E-02|        184|
 4|   3.100E+02|                 Infinity|   7.1981575074869450E-02|        193|
 4|   3.200E+02|                 Infinity|   8.3918135829668908E-02|        142|
 4|   3.300E+02|                 Infinity|   8.7705801930702931E-02|        130|
 4|   3.400E+02|                 Infinity|   8.3333333333333329E-02|        144|
 4|   3.500E+02|                 Infinity|   9.2847669088525930E-02|        116|
 4|   3.600E+02|                 Infinity|   9.5346258924559238E-02|        110|
 4|   3.700E+02|                 Infinity|   1.0660035817780521E-01|         88|
 4|   3.800E+02|                 Infinity|   1.0721125348377948E-01|         87|
 4|   3.900E+02|                 Infinity|   1.1785113019775793E-01|         72|
 4|   4.000E+02|                 Infinity|   1.3736056394868904E-01|         53|
 4|   4.100E+02|                 Infinity|   1.3867504905630729E-01|         52|
 4|   4.200E+02|                 Infinity|   1.5811388300841897E-01|         40|
 4|   4.300E+02|                 Infinity|   1.6903085094570330E-01|         35|
 4|   4.400E+02|                 Infinity|   1.7149858514250882E-01|         34|
 4|   4.500E+02|                 Infinity|   1.3363062095621220E-01|         56|
 4|   4.600E+02|                 Infinity|   1.7960530202677491E-01|         31|
 4|   4.700E+02|                 Infinity|   2.0851441405707477E-01|         23|
 4|   4.800E+02|                 Infinity|   2.0851441405707477E-01|         23|
 4|   4.900E+02|                 Infinity|   2.3570226039551587E-01|         18|
# integrated result:   4.1266502580156895E-03
#
# Histogram 5: dy(j1,j2)                                         
 5|  -5.000E+00|                      NaN|   0.0000000000000000E+00|          0|
 5|  -4.800E+00|                      NaN|   0.0000000000000000E+00|          0|
 5|  -4.600E+00|                      NaN|   0.0000000000000000E+00|          0|
 5|  -4.400E+00|                      NaN|   0.0000000000000000E+00|          0|
 5|  -4.200E+00|                 Infinity|   3.3333333333333331E-01|          9|
 5|  -4.000E+00|                 Infinity|   3.5355339059327373E-01|          8|
 5|  -3.800E+00|                 Infinity|   1.4744195615489714E-01|         46|
 5|  -3.600E+00|                 Infinity|   1.0910894511799619E-01|         84|
 5|  -3.400E+00|                 Infinity|   6.8358592702466331E-02|        214|
 5|  -3.200E+00|                 Infinity|   5.0898659855928764E-02|        386|
 5|  -3.000E+00|                 Infinity|   5.3149400345273393E-02|        354|
 5|  -2.800E+00|                 Infinity|   5.0251890762960605E-02|        396|
 5|  -2.600E+00|                 Infinity|   4.7036043419179864E-02|        452|
 5|  -2.400E+00|                 Infinity|   4.1169348479630913E-02|        590|
 5|  -2.200E+00|                 Infinity|   3.3922676577637915E-02|        869|
 5|  -2.000E+00|                 Infinity|   2.7809983907757470E-02|       1293|
 5|  -1.800E+00|                 Infinity|   2.3925088201495553E-02|       1747|
 5|  -1.600E+00|                 Infinity|   2.0412414523193152E-02|       2400|
 5|  -1.400E+00|                 Infinity|   1.8540785919782470E-02|       2909|
 5|  -1.200E+00|                 Infinity|   1.4920388317111346E-02|       4492|
 5|  -1.000E+00|                 Infinity|   1.4150628549503205E-02|       4994|
 5|  -8.000E-01|                 Infinity|   1.4420244082001089E-02|       4809|
 5|  -6.000E-01|                 Infinity|   1.4418745018211811E-02|       4810|
 5|  -4.000E-01|                 Infinity|   1.5422992461890894E-02|       4204|
 5|  -2.000E-01|                 Infinity|   1.6920013576624343E-02|       3493|
 5|   0.000E+00|                 Infinity|   1.4940357616679920E-02|       4480|
 5|   2.000E-01|                 Infinity|   1.4243626957572003E-02|       4929|
 5|   4.000E-01|                 Infinity|   1.6004609991611997E-02|       3904|
 5|   6.000E-01|                 Infinity|   1.8455336763139055E-02|       2936|
 5|   8.000E-01|                 Infinity|   1.9121472563060887E-02|       2735|
 5|   1.000E+00|                 Infinity|   2.0721216851891204E-02|       2329|
 5|   1.200E+00|                 Infinity|   2.4049303512194094E-02|       1729|
 5|   1.400E+00|                 Infinity|   2.6126497213658208E-02|       1465|
 5|   1.600E+00|                 Infinity|   2.9272820655593355E-02|       1167|
 5|   1.800E+00|                 Infinity|   3.6131468676496206E-02|        766|
 5|   2.000E+00|                 Infinity|   4.1522739926869986E-02|        580|
 5|   2.200E+00|                 Infinity|   4.5548751867427691E-02|        482|
 5|   2.400E+00|                 Infinity|   4.8507125007266595E-02|        425|
 5|   2.600E+00|                 Infinity|   5.1778037307849772E-02|        373|
 5|   2.800E+00|                 Infinity|   5.3838190205816552E-02|        345|
 5|   3.000E+00|                 Infinity|   5.3605626741889741E-02|        348|
 5|   3.200E+00|                 Infinity|   7.8086880944303036E-02|        164|
 5|   3.400E+00|                 Infinity|   1.0660035817780521E-01|         88|
 5|   3.600E+00|                 Infinity|   1.5430334996209191E-01|         42|
 5|   3.800E+00|                 Infinity|   2.1821789023599239E-01|         21|
 5|   4.000E+00|                 Infinity|   2.7735009811261457E-01|         13|
 5|   4.200E+00|                 Infinity|   7.0710678118654746E-01|          2|
 5|   4.400E+00|                 Infinity|   1.0000000000000000E+00|          1|
 5|   4.600E+00|                 Infinity|   1.0000000000000000E+00|          1|
 5|   4.800E+00|                      NaN|   0.0000000000000000E+00|          0|
# integrated result:   4.1266502580156843E-03
#
# Histogram 6: mz1                                               
 6|   0.000E+00|                      NaN|   0.0000000000000000E+00|          0|
 6|   2.000E+00|                      NaN|   0.0000000000000000E+00|          0|
 6|   4.000E+00|                 Infinity|   1.8178813667514959E-02|       3026|
 6|   6.000E+00|                 Infinity|   2.7126281959038646E-02|       1359|
 6|   8.000E+00|                 Infinity|   3.6860489038724284E-02|        736|
 6|   1.000E+01|                 Infinity|   4.1099746826339323E-02|        592|
 6|   1.200E+01|                 Infinity|   4.8737017882857933E-02|        421|
 6|   1.400E+01|                 Infinity|   5.0188561322849559E-02|        397|
 6|   1.600E+01|                 Infinity|   5.1298917604257706E-02|        380|
 6|   1.800E+01|                 Infinity|   7.2932495748947279E-02|        188|
 6|   2.000E+01|                 Infinity|   6.4415662640083082E-02|        241|
 6|   2.200E+01|                 Infinity|   3.9652579285907208E-02|        636|
 6|   2.400E+01|                 Infinity|   3.4040395878489879E-02|        863|
 6|   2.600E+01|                 Infinity|   3.8778336716474064E-02|        665|
 6|   2.800E+01|                 Infinity|   9.0535746042518531E-02|        122|
 6|   3.000E+01|                 Infinity|   1.0846522890932808E-01|         85|
 6|   3.200E+01|                 Infinity|   1.0206207261596577E-01|         96|
 6|   3.400E+01|                 Infinity|   9.9503719020998915E-02|        101|
 6|   3.600E+01|                 Infinity|   1.2309149097933272E-01|         66|
 6|   3.800E+01|                 Infinity|   1.1867816581938533E-01|         71|
 6|   4.000E+01|                 Infinity|   1.1547005383792514E-01|         75|
 6|   4.200E+01|                 Infinity|   1.1322770341445956E-01|         78|
 6|   4.400E+01|                 Infinity|   1.1547005383792514E-01|         75|
 6|   4.600E+01|                 Infinity|   1.1322770341445956E-01|         78|
 6|   4.800E+01|                 Infinity|   1.0482848367219183E-01|         91|
 6|   5.000E+01|                 Infinity|   1.0369516947304253E-01|         93|
 6|   5.200E+01|                 Infinity|   1.0153461651336192E-01|         97|
 6|   5.400E+01|                 Infinity|   9.8058067569092022E-02|        104|
 6|   5.600E+01|                 Infinity|   9.6225044864937631E-02|        108|
 6|   5.800E+01|                 Infinity|   9.2847669088525930E-02|        116|
 6|   6.000E+01|                 Infinity|   9.2450032704204849E-02|        117|
 6|   6.200E+01|                 Infinity|   7.5592894601845442E-02|        175|
 6|   6.400E+01|                 Infinity|   7.3720978077448568E-02|        184|
 6|   6.600E+01|                 Infinity|   6.7884423330213065E-02|        217|
 6|   6.800E+01|                 Infinity|   5.4392829322042119E-02|        338|
 6|   7.000E+01|                 Infinity|   6.6372331159997203E-02|        227|
 6|   7.200E+01|                 Infinity|   6.4415662640083082E-02|        241|
 6|   7.400E+01|                 Infinity|   5.7448498962142602E-02|        303|
 6|   7.600E+01|                 Infinity|   5.0315460542662761E-02|        395|
 6|   7.800E+01|                 Infinity|   4.1630544712181333E-02|        577|
 6|   8.000E+01|                 Infinity|   5.2777981396925952E-02|        359|
 6|   8.200E+01|                 Infinity|   3.5578403348241000E-02|        790|
 6|   8.400E+01|                 Infinity|   2.5015639663712997E-02|       1598|
 6|   8.600E+01|                 Infinity|   2.2905435417568808E-02|       1906|
 6|   8.800E+01|                 Infinity|   1.0454167469786333E-02|       9150|
 6|   9.000E+01|                 Infinity|   7.4063915111662717E-03|      18230|
 6|   9.200E+01|                 Infinity|   9.4800571611249884E-03|      11127|
 6|   9.400E+01|                 Infinity|   1.2691827064170240E-02|       6208|
 6|   9.600E+01|                 Infinity|   3.0743773095067282E-02|       1058|
 6|   9.800E+01|                 Infinity|   4.0961596025952028E-02|        596|
 6|   1.000E+02|                 Infinity|   4.4676705160877031E-02|        501|
 6|   1.020E+02|                 Infinity|   3.1846487764924103E-02|        986|
 6|   1.040E+02|                 Infinity|   3.5466345106595430E-02|        795|
 6|   1.060E+02|                 Infinity|   6.7728546147859642E-02|        218|
 6|   1.080E+02|                 Infinity|   8.5435765771676095E-02|        137|
 6|   1.100E+02|                 Infinity|   1.0599978800063600E-01|         89|
 6|   1.120E+02|                 Infinity|   1.3483997249264842E-01|         55|
 6|   1.140E+02|                 Infinity|   1.5075567228888181E-01|         44|
 6|   1.160E+02|                 Infinity|   1.7677669529663687E-01|         32|
 6|   1.180E+02|                 Infinity|   1.7960530202677491E-01|         31|
 6|   1.200E+02|                 Infinity|   2.2360679774997896E-01|         20|
 6|   1.220E+02|                 Infinity|   1.8898223650461360E-01|         28|
 6|   1.240E+02|                 Infinity|   3.1622776601683794E-01|         10|
 6|   1.260E+02|                 Infinity|   3.3333333333333331E-01|          9|
 6|   1.280E+02|                 Infinity|   2.2360679774997896E-01|         20|
 6|   1.300E+02|                 Infinity|   2.5000000000000000E-01|         16|
 6|   1.320E+02|                 Infinity|   2.5819888974716110E-01|         15|
 6|   1.340E+02|                 Infinity|   3.3333333333333331E-01|          9|
 6|   1.360E+02|                 Infinity|   3.5355339059327373E-01|          8|
 6|   1.380E+02|                 Infinity|   2.6726124191242440E-01|         14|
 6|   1.400E+02|                 Infinity|   7.0710678118654746E-01|          2|
 6|   1.420E+02|                 Infinity|   3.7796447300922720E-01|          7|
 6|   1.440E+02|                 Infinity|   4.4721359549995793E-01|          5|
 6|   1.460E+02|                 Infinity|   1.0000000000000000E+00|          1|
 6|   1.480E+02|                 Infinity|   3.5355339059327373E-01|          8|
 6|   1.500E+02|                 Infinity|   4.0824829046386307E-01|          6|
 6|   1.520E+02|                 Infinity|   5.7735026918962584E-01|          3|
 6|   1.540E+02|                 Infinity|   7.0710678118654746E-01|          2|
 6|   1.560E+02|                 Infinity|   5.0000000000000000E-01|          4|
 6|   1.580E+02|                 Infinity|   5.0000000000000000E-01|          4|
 6|   1.600E+02|                 Infinity|   4.4721359549995793E-01|          5|
 6|   1.620E+02|                 Infinity|   5.0000000000000000E-01|          4|
 6|   1.640E+02|                 Infinity|   1.0000000000000000E+00|          1|
 6|   1.660E+02|                 Infinity|   7.0710678118654746E-01|          2|
 6|   1.680E+02|                 Infinity|   7.0710678118654746E-01|          2|
 6|   1.700E+02|                 Infinity|   1.0000000000000000E+00|          1|
 6|   1.720E+02|                 Infinity|   5.0000000000000000E-01|          4|
 6|   1.740E+02|                 Infinity|   1.0000000000000000E+00|          1|
 6|   1.760E+02|                 Infinity|   1.0000000000000000E+00|          1|
 6|   1.780E+02|                      NaN|   0.0000000000000000E+00|          0|
 6|   1.800E+02|                 Infinity|   1.0000000000000000E+00|          1|
 6|   1.820E+02|                      NaN|   0.0000000000000000E+00|          0|
 6|   1.840E+02|                 Infinity|   7.0710678118654746E-01|          2|
 6|   1.860E+02|                 Infinity|   7.0710678118654746E-01|          2|
 6|   1.880E+02|                      NaN|   0.0000000000000000E+00|          0|
 6|   1.900E+02|                 Infinity|   7.0710678118654746E-01|          2|
 6|   1.920E+02|                 Infinity|   1.0000000000000000E+00|          1|
 6|   1.940E+02|                 Infinity|   5.7735026918962584E-01|          3|
 6|   1.960E+02|                      NaN|   0.0000000000000000E+00|          0|
 6|   1.980E+02|                 Infinity|   1.0000000000000000E+00|          1|
# integrated result:   4.1266502580156869E-03
#
# Histogram 7: mz2                                               
 7|   0.000E+00|                      NaN|   0.0000000000000000E+00|          0|
 7|   2.000E+00|                      NaN|   0.0000000000000000E+00|          0|
 7|   4.000E+00|                 Infinity|   2.6919095102908276E-02|       1380|
 7|   6.000E+00|                 Infinity|   3.1113569564352756E-02|       1033|
 7|   8.000E+00|                 Infinity|   3.1311214554257477E-02|       1020|
 7|   1.000E+01|                 Infinity|   3.1575448897533630E-02|       1003|
 7|   1.200E+01|                 Infinity|   3.1189143077590267E-02|       1028|
 7|   1.400E+01|                 Infinity|   3.2141217326661253E-02|        968|
 7|   1.600E+01|                 Infinity|   3.1960138605029657E-02|        979|
 7|   1.800E+01|                 Infinity|   3.2274861218395137E-02|        960|
 7|   2.000E+01|                 Infinity|   3.3520076157699544E-02|        890|
 7|   2.200E+01|                 Infinity|   3.3825504574586919E-02|        874|
 7|   2.400E+01|                 Infinity|   3.3825504574586919E-02|        874|
 7|   2.600E+01|                 Infinity|   3.4199278402838471E-02|        855|
 7|   2.800E+01|                 Infinity|   3.6226177800110920E-02|        762|
 7|   3.000E+01|                 Infinity|   3.6060922298730945E-02|        769|
 7|   3.200E+01|                 Infinity|   3.5897907930886909E-02|        776|
 7|   3.400E+01|                 Infinity|   3.5289233662029275E-02|        803|
 7|   3.600E+01|                 Infinity|   3.7715714320235710E-02|        703|
 7|   3.800E+01|                 Infinity|   3.7959480900056165E-02|        694|
 7|   4.000E+01|                 Infinity|   3.8096965887972963E-02|        689|
 7|   4.200E+01|                 Infinity|   3.7371754637596795E-02|        716|
 7|   4.400E+01|                 Infinity|   3.9590379123244791E-02|        638|
 7|   4.600E+01|                 Infinity|   4.0689422938557970E-02|        604|
 7|   4.800E+01|                 Infinity|   4.2796049251091289E-02|        546|
 7|   5.000E+01|                 Infinity|   4.1739193556484110E-02|        574|
 7|   5.200E+01|                 Infinity|   4.2524325556256230E-02|        553|
 7|   5.400E+01|                 Infinity|   4.2796049251091289E-02|        546|
 7|   5.600E+01|                 Infinity|   4.4901325506693728E-02|        496|
 7|   5.800E+01|                 Infinity|   4.6473941234017310E-02|        463|
 7|   6.000E+01|                 Infinity|   4.5786854649563009E-02|        477|
 7|   6.200E+01|                 Infinity|   4.7036043419179864E-02|        452|
 7|   6.400E+01|                 Infinity|   4.6880723093849538E-02|        455|
 7|   6.600E+01|                 Infinity|   4.5931521217462537E-02|        474|
 7|   6.800E+01|                 Infinity|   4.7298376984040214E-02|        447|
 7|   7.000E+01|                 Infinity|   4.3033148291193521E-02|        540|
 7|   7.200E+01|                 Infinity|   4.7727395990334764E-02|        439|
 7|   7.400E+01|                 Infinity|   4.7351372381037843E-02|        446|
 7|   7.600E+01|                 Infinity|   4.7781848256749658E-02|        438|
 7|   7.800E+01|                 Infinity|   4.4992127066584751E-02|        494|
 7|   8.000E+01|                 Infinity|   4.2257712736425826E-02|        560|
 7|   8.200E+01|                 Infinity|   2.8363801389869981E-02|       1243|
 7|   8.400E+01|                 Infinity|   1.8959262392869290E-02|       2782|
 7|   8.600E+01|                 Infinity|   2.4536645240595824E-02|       1661|
 7|   8.800E+01|                 Infinity|   1.1991752510433927E-02|       6954|
 7|   9.000E+01|                 Infinity|   7.4255605952944096E-03|      18136|
 7|   9.200E+01|                 Infinity|   1.2304489188965245E-02|       6605|
 7|   9.400E+01|                 Infinity|   2.3816275411477048E-02|       1763|
 7|   9.600E+01|                 Infinity|   6.6666666666666666E-02|        225|
 7|   9.800E+01|                 Infinity|   8.4818892967997092E-02|        139|
 7|   1.000E+02|                 Infinity|   8.3918135829668908E-02|        142|
 7|   1.020E+02|                 Infinity|   1.0206207261596577E-01|         96|
 7|   1.040E+02|                 Infinity|   1.0425720702853739E-01|         92|
 7|   1.060E+02|                 Infinity|   1.1111111111111110E-01|         81|
 7|   1.080E+02|                 Infinity|   1.3608276348795434E-01|         54|
 7|   1.100E+02|                 Infinity|   1.2803687993289598E-01|         61|
 7|   1.120E+02|                 Infinity|   1.3363062095621220E-01|         56|
 7|   1.140E+02|                 Infinity|   1.7149858514250882E-01|         34|
 7|   1.160E+02|                 Infinity|   1.8898223650461360E-01|         28|
 7|   1.180E+02|                 Infinity|   2.1821789023599239E-01|         21|
 7|   1.200E+02|                 Infinity|   2.0412414523193154E-01|         24|
 7|   1.220E+02|                 Infinity|   1.7960530202677491E-01|         31|
 7|   1.240E+02|                 Infinity|   2.6726124191242440E-01|         14|
 7|   1.260E+02|                 Infinity|   3.1622776601683794E-01|         10|
 7|   1.280E+02|                 Infinity|   3.0151134457776363E-01|         11|
 7|   1.300E+02|                 Infinity|   3.1622776601683794E-01|         10|
 7|   1.320E+02|                 Infinity|   3.1622776601683794E-01|         10|
 7|   1.340E+02|                 Infinity|   3.3333333333333331E-01|          9|
 7|   1.360E+02|                 Infinity|   2.8867513459481292E-01|         12|
 7|   1.380E+02|                 Infinity|   3.5355339059327373E-01|          8|
 7|   1.400E+02|                 Infinity|   3.3333333333333331E-01|          9|
 7|   1.420E+02|                 Infinity|   4.0824829046386307E-01|          6|
 7|   1.440E+02|                 Infinity|   3.1622776601683794E-01|         10|
 7|   1.460E+02|                 Infinity|   2.7735009811261457E-01|         13|
 7|   1.480E+02|                 Infinity|   2.5819888974716110E-01|         15|
 7|   1.500E+02|                 Infinity|   3.3333333333333331E-01|          9|
 7|   1.520E+02|                 Infinity|   4.0824829046386307E-01|          6|
 7|   1.540E+02|                 Infinity|   4.0824829046386307E-01|          6|
 7|   1.560E+02|                 Infinity|   7.0710678118654746E-01|          2|
 7|   1.580E+02|                 Infinity|   7.0710678118654746E-01|          2|
 7|   1.600E+02|                 Infinity|   4.0824829046386307E-01|          6|
 7|   1.620E+02|                 Infinity|   5.7735026918962584E-01|          3|
 7|   1.640E+02|                 Infinity|   5.7735026918962584E-01|          3|
 7|   1.660E+02|                 Infinity|   4.4721359549995793E-01|          5|
 7|   1.680E+02|                 Infinity|   4.4721359549995793E-01|          5|
 7|   1.700E+02|                 Infinity|   5.0000000000000000E-01|          4|
 7|   1.720E+02|                 Infinity|   4.4721359549995793E-01|          5|
 7|   1.740E+02|                 Infinity|   5.7735026918962584E-01|          3|
 7|   1.760E+02|                 Infinity|   7.0710678118654746E-01|          2|
 7|   1.780E+02|                 Infinity|   5.7735026918962584E-01|          3|
 7|   1.800E+02|                 Infinity|   7.0710678118654746E-01|          2|
 7|   1.820E+02|                 Infinity|   5.7735026918962584E-01|          3|
 7|   1.840E+02|                 Infinity|   1.0000000000000000E+00|          1|
 7|   1.860E+02|                 Infinity|   1.0000000000000000E+00|          1|
 7|   1.880E+02|                 Infinity|   1.0000000000000000E+00|          1|
 7|   1.900E+02|                      NaN|   0.0000000000000000E+00|          0|
 7|   1.920E+02|                      NaN|   0.0000000000000000E+00|          0|
 7|   1.940E+02|                 Infinity|   1.0000000000000000E+00|          1|
 7|   1.960E+02|                 Infinity|   7.0710678118654746E-01|          2|
 7|   1.980E+02|                 Infinity|   5.0000000000000000E-01|          4|
# integrated result:   4.1266502580156929E-03
#
# Histogram 8: m_4l                                              
 8|   1.000E+02|                 Infinity|   9.0328671691240515E-03|      12256|
 8|   1.400E+02|                 Infinity|   8.5302002543461795E-03|      13743|
 8|   1.800E+02|                 Infinity|   9.3474274161934410E-03|      11445|
 8|   2.200E+02|                 Infinity|   1.1094686695464057E-02|       8124|
 8|   2.600E+02|                 Infinity|   1.3468089810155320E-02|       5513|
 8|   3.000E+02|                 Infinity|   1.6232825118589134E-02|       3795|
 8|   3.400E+02|                 Infinity|   1.8918504347032943E-02|       2794|
 8|   3.800E+02|                 Infinity|   2.2821773229381920E-02|       1920|
 8|   4.200E+02|                 Infinity|   2.7066598098038335E-02|       1365|
 8|   4.600E+02|                 Infinity|   3.0542361089076306E-02|       1072|
 8|   5.000E+02|                 Infinity|   3.6612601296910623E-02|        746|
 8|   5.400E+02|                 Infinity|   4.0128617695256406E-02|        621|
 8|   5.800E+02|                 Infinity|   4.7351372381037843E-02|        446|
 8|   6.200E+02|                 Infinity|   5.0572173742417362E-02|        391|
 8|   6.600E+02|                 Infinity|   5.9549133417541367E-02|        282|
 8|   7.000E+02|                 Infinity|   6.3245553203367583E-02|        250|
 8|   7.400E+02|                 Infinity|   7.3127242412713067E-02|        187|
 8|   7.800E+02|                 Infinity|   8.1923192051904056E-02|        149|
 8|   8.200E+02|                 Infinity|   8.4515425472851652E-02|        140|
 8|   8.600E+02|                 Infinity|   9.6673648904566353E-02|        107|
 8|   9.000E+02|                 Infinity|   1.0153461651336192E-01|         97|
 8|   9.400E+02|                 Infinity|   1.2598815766974239E-01|         63|
 8|   9.800E+02|                 Infinity|   1.4744195615489714E-01|         46|
 8|   1.020E+03|                 Infinity|   1.3867504905630729E-01|         52|
 8|   1.060E+03|                 Infinity|   1.6666666666666666E-01|         36|
 8|   1.100E+03|                 Infinity|   2.1821789023599239E-01|         21|
 8|   1.140E+03|                 Infinity|   2.1821789023599239E-01|         21|
 8|   1.180E+03|                 Infinity|   2.4253562503633297E-01|         17|
 8|   1.220E+03|                 Infinity|   2.5819888974716110E-01|         15|
 8|   1.260E+03|                 Infinity|   3.0151134457776363E-01|         11|
 8|   1.300E+03|                 Infinity|   3.3333333333333331E-01|          9|
 8|   1.340E+03|                 Infinity|   3.7796447300922720E-01|          7|
 8|   1.380E+03|                 Infinity|   5.0000000000000000E-01|          4|
 8|   1.420E+03|                 Infinity|   4.0824829046386307E-01|          6|
 8|   1.460E+03|                 Infinity|   5.7735026918962584E-01|          3|
 8|   1.500E+03|                 Infinity|   5.0000000000000000E-01|          4|
 8|   1.540E+03|                 Infinity|   7.0710678118654746E-01|          2|
 8|   1.580E+03|                 Infinity|   5.7735026918962584E-01|          3|
 8|   1.620E+03|                      NaN|   0.0000000000000000E+00|          0|
 8|   1.660E+03|                 Infinity|   1.0000000000000000E+00|          1|
 8|   1.700E+03|                 Infinity|   1.0000000000000000E+00|          1|
 8|   1.740E+03|                 Infinity|   1.0000000000000000E+00|          1|
 8|   1.780E+03|                 Infinity|   5.7735026918962584E-01|          3|
 8|   1.820E+03|                      NaN|   0.0000000000000000E+00|          0|
 8|   1.860E+03|                 Infinity|   1.0000000000000000E+00|          1|
 8|   1.900E+03|                      NaN|   0.0000000000000000E+00|          0|
 8|   1.940E+03|                 Infinity|   1.0000000000000000E+00|          1|
 8|   1.980E+03|                      NaN|   0.0000000000000000E+00|          0|
 8|   2.020E+03|                 Infinity|   1.0000000000000000E+00|          1|
 8|   2.060E+03|                 Infinity|   7.0710678118654746E-01|          2|
 8|   2.100E+03|                      NaN|   0.0000000000000000E+00|          0|
 8|   2.140E+03|                 Infinity|   7.0710678118654746E-01|          2|
 8|   2.180E+03|                 Infinity|   1.0000000000000000E+00|          1|
 8|   2.220E+03|                 Infinity|   1.0000000000000000E+00|          1|
 8|   2.260E+03|                 Infinity|   7.0710678118654746E-01|          2|
 8|   2.300E+03|                      NaN|   0.0000000000000000E+00|          0|
 8|   2.340E+03|                      NaN|   0.0000000000000000E+00|          0|
 8|   2.380E+03|                      NaN|   0.0000000000000000E+00|          0|
 8|   2.420E+03|                      NaN|   0.0000000000000000E+00|          0|
 8|   2.460E+03|                      NaN|   0.0000000000000000E+00|          0|
 8|   2.500E+03|                 Infinity|   1.0000000000000000E+00|          1|
 8|   2.540E+03|                      NaN|   0.0000000000000000E+00|          0|
 8|   2.580E+03|                      NaN|   0.0000000000000000E+00|          0|
 8|   2.620E+03|                      NaN|   0.0000000000000000E+00|          0|
 8|   2.660E+03|                      NaN|   0.0000000000000000E+00|          0|
 8|   2.700E+03|                      NaN|   0.0000000000000000E+00|          0|
 8|   2.740E+03|                      NaN|   0.0000000000000000E+00|          0|
 8|   2.780E+03|                 Infinity|   1.0000000000000000E+00|          1|
 8|   2.820E+03|                      NaN|   0.0000000000000000E+00|          0|
 8|   2.860E+03|                      NaN|   0.0000000000000000E+00|          0|
 8|   2.900E+03|                      NaN|   0.0000000000000000E+00|          0|
 8|   2.940E+03|                      NaN|   0.0000000000000000E+00|          0|
 8|   2.980E+03|                      NaN|   0.0000000000000000E+00|          0|
 8|   3.020E+03|                      NaN|   0.0000000000000000E+00|          0|
 8|   3.060E+03|                      NaN|   0.0000000000000000E+00|          0|
 8|   3.100E+03|                      NaN|   0.0000000000000000E+00|          0|
 8|   3.140E+03|                      NaN|   0.0000000000000000E+00|          0|
 8|   3.180E+03|                      NaN|   0.0000000000000000E+00|          0|
 8|   3.220E+03|                      NaN|   0.0000000000000000E+00|          0|
 8|   3.260E+03|                      NaN|   0.0000000000000000E+00|          0|
 8|   3.300E+03|                      NaN|   0.0000000000000000E+00|          0|
 8|   3.340E+03|                      NaN|   0.0000000000000000E+00|          0|
 8|   3.380E+03|                      NaN|   0.0000000000000000E+00|          0|
 8|   3.420E+03|                      NaN|   0.0000000000000000E+00|          0|
 8|   3.460E+03|                 Infinity|   1.0000000000000000E+00|          1|
 8|   3.500E+03|                      NaN|   0.0000000000000000E+00|          0|
 8|   3.540E+03|                      NaN|   0.0000000000000000E+00|          0|
 8|   3.580E+03|                      NaN|   0.0000000000000000E+00|          0|
 8|   3.620E+03|                      NaN|   0.0000000000000000E+00|          0|
 8|   3.660E+03|                      NaN|   0.0000000000000000E+00|          0|
 8|   3.700E+03|                      NaN|   0.0000000000000000E+00|          0|
 8|   3.740E+03|                      NaN|   0.0000000000000000E+00|          0|
 8|   3.780E+03|                      NaN|   0.0000000000000000E+00|          0|
 8|   3.820E+03|                      NaN|   0.0000000000000000E+00|          0|
 8|   3.860E+03|                      NaN|   0.0000000000000000E+00|          0|
 8|   3.900E+03|                 Infinity|   1.0000000000000000E+00|          1|
 8|   3.940E+03|                      NaN|   0.0000000000000000E+00|          0|
 8|   3.980E+03|                      NaN|   0.0000000000000000E+00|          0|
 8|   4.020E+03|                      NaN|   0.0000000000000000E+00|          0|
 8|   4.060E+03|                      NaN|   0.0000000000000000E+00|          0|
# integrated result:   4.1266502580156886E-03
#
# Histogram 9: m_4l                                              
 9|   8.500E+01|                 Infinity|   1.1180339887498948E-01|         80|
 9|   8.600E+01|                 Infinity|   1.0540925533894598E-01|         90|
 9|   8.700E+01|                 Infinity|   1.0660035817780521E-01|         88|
 9|   8.800E+01|                 Infinity|   1.1470786693528087E-01|         76|
 9|   8.900E+01|                 Infinity|   1.2909944487358055E-01|         60|
 9|   9.000E+01|                 Infinity|   1.2216944435630522E-01|         67|
 9|   9.100E+01|                 Infinity|   1.4744195615489714E-01|         46|
 9|   9.200E+01|                 Infinity|   1.4433756729740646E-01|         48|
 9|   9.300E+01|                 Infinity|   1.3736056394868904E-01|         53|
 9|   9.400E+01|                 Infinity|   1.3608276348795434E-01|         54|
 9|   9.500E+01|                 Infinity|   1.2403473458920847E-01|         65|
 9|   9.600E+01|                 Infinity|   1.0783277320343841E-01|         86|
 9|   9.700E+01|                 Infinity|   1.0259783520851541E-01|         95|
 9|   9.800E+01|                 Infinity|   8.9442719099991588E-02|        125|
 9|   9.900E+01|                 Infinity|   8.0321932890249886E-02|        155|
 9|   1.000E+02|                 Infinity|   7.9305158571814416E-02|        159|
 9|   1.010E+02|                 Infinity|   7.1981575074869450E-02|        193|
 9|   1.020E+02|                 Infinity|   7.1066905451870152E-02|        198|
 9|   1.030E+02|                 Infinity|   7.2168783648703230E-02|        192|
 9|   1.040E+02|                 Infinity|   6.4018439966447988E-02|        244|
 9|   1.050E+02|                 Infinity|   6.1662641597820735E-02|        263|
 9|   1.060E+02|                 Infinity|   6.5372045046061339E-02|        234|
 9|   1.070E+02|                 Infinity|   6.2622429108514954E-02|        255|
 9|   1.080E+02|                 Infinity|   5.9339082909692663E-02|        284|
 9|   1.090E+02|                 Infinity|   5.8823529411764705E-02|        289|
 9|   1.100E+02|                 Infinity|   5.8520573598065284E-02|        292|
 9|   1.110E+02|                 Infinity|   5.9339082909692663E-02|        284|
 9|   1.120E+02|                 Infinity|   5.6796183424706478E-02|        310|
 9|   1.130E+02|                 Infinity|   5.5300126360933101E-02|        327|
 9|   1.140E+02|                 Infinity|   5.7353933467640436E-02|        304|
 9|   1.150E+02|                 Infinity|   6.0412209333017698E-02|        274|
 9|   1.160E+02|                 Infinity|   5.5048188256318034E-02|        330|
 9|   1.170E+02|                 Infinity|   5.6796183424706478E-02|        310|
 9|   1.180E+02|                 Infinity|   5.6980288229818973E-02|        308|
 9|   1.190E+02|                 Infinity|   5.5470019622522911E-02|        325|
 9|   1.200E+02|                 Infinity|   5.2631578947368418E-02|        361|
 9|   1.210E+02|                 Infinity|   5.2128603514268693E-02|        368|
 9|   1.220E+02|                 Infinity|   5.4312544659356844E-02|        339|
 9|   1.230E+02|                 Infinity|   5.3149400345273393E-02|        354|
 9|   1.240E+02|                 Infinity|   5.5384877562171128E-02|        326|
 9|   1.250E+02|                 Infinity|   5.5727821257535282E-02|        322|
 9|   1.260E+02|                 Infinity|   5.5814557218594761E-02|        321|
 9|   1.270E+02|                 Infinity|   5.5384877562171128E-02|        326|
 9|   1.280E+02|                 Infinity|   5.2558833122763673E-02|        362|
 9|   1.290E+02|                 Infinity|   5.7831493196624020E-02|        299|
 9|   1.300E+02|                 Infinity|   5.7543533764843599E-02|        302|
 9|   1.310E+02|                 Infinity|   5.4473471070284329E-02|        337|
 9|   1.320E+02|                 Infinity|   5.2414241836095915E-02|        364|
 9|   1.330E+02|                 Infinity|   5.3605626741889741E-02|        348|
 9|   1.340E+02|                 Infinity|   5.5048188256318034E-02|        330|
# integrated result:   4.1266502580156817E-03
#
# Histogram10: Phi1                                              
10|  -3.142E+00|                 Infinity|   2.5700233102171361E-02|       1514|
10|  -2.985E+00|                 Infinity|   2.4723408821707437E-02|       1636|
10|  -2.827E+00|                 Infinity|   2.3973165074269207E-02|       1740|
10|  -2.670E+00|                 Infinity|   2.2827718722052640E-02|       1919|
10|  -2.513E+00|                 Infinity|   2.1657404091210499E-02|       2132|
10|  -2.356E+00|                 Infinity|   2.2194838080923766E-02|       2030|
10|  -2.199E+00|                 Infinity|   2.2189373390928115E-02|       2031|
10|  -2.042E+00|                 Infinity|   2.2467655814505692E-02|       1981|
10|  -1.885E+00|                 Infinity|   2.3325300446383042E-02|       1838|
10|  -1.728E+00|                 Infinity|   2.3616191143045320E-02|       1793|
10|  -1.571E+00|                 Infinity|   2.3749016662636548E-02|       1773|
10|  -1.414E+00|                 Infinity|   2.3180714250535184E-02|       1861|
10|  -1.257E+00|                 Infinity|   2.3557142371577276E-02|       1802|
10|  -1.100E+00|                 Infinity|   2.5490637096729083E-02|       1539|
10|  -9.425E-01|                 Infinity|   2.5408222923375631E-02|       1549|
10|  -7.854E-01|                 Infinity|   2.6425821129084495E-02|       1432|
10|  -6.283E-01|                 Infinity|   2.6764386378609461E-02|       1396|
10|  -4.713E-01|                 Infinity|   2.6899609689495087E-02|       1382|
10|  -3.142E-01|                 Infinity|   2.7863910628767641E-02|       1288|
10|  -1.571E-01|                 Infinity|   2.8432506701809173E-02|       1237|
10|  -3.000E-05|                 Infinity|   2.7809983907757470E-02|       1293|
10|   1.570E-01|                 Infinity|   2.7379283909669677E-02|       1334|
10|   3.141E-01|                 Infinity|   2.7451402562301407E-02|       1327|
10|   4.712E-01|                 Infinity|   2.6444294267397254E-02|       1430|
10|   6.283E-01|                 Infinity|   2.6481357066618805E-02|       1426|
10|   7.854E-01|                 Infinity|   2.5751310131230238E-02|       1508|
10|   9.424E-01|                 Infinity|   2.4906774069335894E-02|       1612|
10|   1.100E+00|                 Infinity|   2.3993858358289818E-02|       1737|
10|   1.257E+00|                 Infinity|   2.3669053416557544E-02|       1785|
10|   1.414E+00|                 Infinity|   2.3755716907278995E-02|       1772|
10|   1.571E+00|                 Infinity|   2.3708933905523488E-02|       1779|
10|   1.728E+00|                 Infinity|   2.2343928108437591E-02|       2003|
10|   1.885E+00|                 Infinity|   2.1963439339763070E-02|       2073|
10|   2.042E+00|                 Infinity|   2.2200306810360192E-02|       2029|
10|   2.199E+00|                 Infinity|   2.1816595214404266E-02|       2101|
10|   2.356E+00|                 Infinity|   2.1417646843905968E-02|       2180|
10|   2.513E+00|                 Infinity|   2.3511520528619944E-02|       1809|
10|   2.670E+00|                 Infinity|   2.4433888871261047E-02|       1675|
10|   2.827E+00|                 Infinity|   2.5540472211939846E-02|       1533|
10|   2.984E+00|                 Infinity|   2.4968808471946116E-02|       1604|
# integrated result:   4.1266502580156886E-03
#
