#
# column #1=histogram, #2=x-axis bin, #3=binned cross-section, #4=error, #5=number of events 
# this can be easily plotted in gnuplot with the commands:
#    NHi=3
#    plot 'output.dat' using ($2):($1==NHi ? $3 : 1/0) w st
# where NHi selects the histogram
#
#
# run time =      -0.00min
# TotCS =      3.1449122125E-04           1.11325E-04
#
# Histogram 1: m_jj                                              
 1|   0.000E+00|                      NaN|   0.0000000000000000E+00|          0|
 1|   5.000E+01|                 Infinity|   4.1068887381682049E-03|      59289|
 1|   1.000E+02|                 Infinity|   1.2832118438741325E-02|       6073|
 1|   1.500E+02|                 Infinity|   3.3652679406803228E-02|        883|
 1|   2.000E+02|                 Infinity|   8.6386842558136015E-02|        134|
 1|   2.500E+02|                 Infinity|   1.7960530202677491E-01|         31|
 1|   3.000E+02|                 Infinity|   2.5819888974716110E-01|         15|
 1|   3.500E+02|                 Infinity|   3.5355339059327373E-01|          8|
 1|   4.000E+02|                 Infinity|   5.7735026918962584E-01|          3|
 1|   4.500E+02|                      NaN|   0.0000000000000000E+00|          0|
 1|   5.000E+02|                 Infinity|   1.0000000000000000E+00|          1|
 1|   5.500E+02|                      NaN|   0.0000000000000000E+00|          0|
 1|   6.000E+02|                      NaN|   0.0000000000000000E+00|          0|
 1|   6.500E+02|                      NaN|   0.0000000000000000E+00|          0|
 1|   7.000E+02|                      NaN|   0.0000000000000000E+00|          0|
 1|   7.500E+02|                      NaN|   0.0000000000000000E+00|          0|
 1|   8.000E+02|                      NaN|   0.0000000000000000E+00|          0|
 1|   8.500E+02|                      NaN|   0.0000000000000000E+00|          0|
 1|   9.000E+02|                      NaN|   0.0000000000000000E+00|          0|
 1|   9.500E+02|                      NaN|   0.0000000000000000E+00|          0|
 1|   1.000E+03|                      NaN|   0.0000000000000000E+00|          0|
 1|   1.050E+03|                      NaN|   0.0000000000000000E+00|          0|
 1|   1.100E+03|                      NaN|   0.0000000000000000E+00|          0|
 1|   1.150E+03|                      NaN|   0.0000000000000000E+00|          0|
 1|   1.200E+03|                      NaN|   0.0000000000000000E+00|          0|
 1|   1.250E+03|                      NaN|   0.0000000000000000E+00|          0|
 1|   1.300E+03|                      NaN|   0.0000000000000000E+00|          0|
 1|   1.350E+03|                      NaN|   0.0000000000000000E+00|          0|
 1|   1.400E+03|                      NaN|   0.0000000000000000E+00|          0|
 1|   1.450E+03|                      NaN|   0.0000000000000000E+00|          0|
 1|   1.500E+03|                      NaN|   0.0000000000000000E+00|          0|
 1|   1.550E+03|                      NaN|   0.0000000000000000E+00|          0|
 1|   1.600E+03|                      NaN|   0.0000000000000000E+00|          0|
 1|   1.650E+03|                      NaN|   0.0000000000000000E+00|          0|
 1|   1.700E+03|                      NaN|   0.0000000000000000E+00|          0|
 1|   1.750E+03|                      NaN|   0.0000000000000000E+00|          0|
 1|   1.800E+03|                      NaN|   0.0000000000000000E+00|          0|
 1|   1.850E+03|                      NaN|   0.0000000000000000E+00|          0|
 1|   1.900E+03|                      NaN|   0.0000000000000000E+00|          0|
 1|   1.950E+03|                      NaN|   0.0000000000000000E+00|          0|
 1|   2.000E+03|                      NaN|   0.0000000000000000E+00|          0|
 1|   2.050E+03|                      NaN|   0.0000000000000000E+00|          0|
 1|   2.100E+03|                      NaN|   0.0000000000000000E+00|          0|
 1|   2.150E+03|                      NaN|   0.0000000000000000E+00|          0|
 1|   2.200E+03|                      NaN|   0.0000000000000000E+00|          0|
 1|   2.250E+03|                      NaN|   0.0000000000000000E+00|          0|
 1|   2.300E+03|                      NaN|   0.0000000000000000E+00|          0|
 1|   2.350E+03|                      NaN|   0.0000000000000000E+00|          0|
 1|   2.400E+03|                      NaN|   0.0000000000000000E+00|          0|
 1|   2.450E+03|                      NaN|   0.0000000000000000E+00|          0|
 1|   2.500E+03|                      NaN|   0.0000000000000000E+00|          0|
 1|   2.550E+03|                      NaN|   0.0000000000000000E+00|          0|
 1|   2.600E+03|                      NaN|   0.0000000000000000E+00|          0|
 1|   2.650E+03|                      NaN|   0.0000000000000000E+00|          0|
 1|   2.700E+03|                      NaN|   0.0000000000000000E+00|          0|
 1|   2.750E+03|                      NaN|   0.0000000000000000E+00|          0|
 1|   2.800E+03|                      NaN|   0.0000000000000000E+00|          0|
 1|   2.850E+03|                      NaN|   0.0000000000000000E+00|          0|
 1|   2.900E+03|                      NaN|   0.0000000000000000E+00|          0|
 1|   2.950E+03|                      NaN|   0.0000000000000000E+00|          0|
 1|   3.000E+03|                      NaN|   0.0000000000000000E+00|          0|
 1|   3.050E+03|                      NaN|   0.0000000000000000E+00|          0|
 1|   3.100E+03|                      NaN|   0.0000000000000000E+00|          0|
 1|   3.150E+03|                      NaN|   0.0000000000000000E+00|          0|
 1|   3.200E+03|                      NaN|   0.0000000000000000E+00|          0|
 1|   3.250E+03|                      NaN|   0.0000000000000000E+00|          0|
 1|   3.300E+03|                      NaN|   0.0000000000000000E+00|          0|
 1|   3.350E+03|                      NaN|   0.0000000000000000E+00|          0|
 1|   3.400E+03|                      NaN|   0.0000000000000000E+00|          0|
 1|   3.450E+03|                      NaN|   0.0000000000000000E+00|          0|
 1|   3.500E+03|                      NaN|   0.0000000000000000E+00|          0|
 1|   3.550E+03|                      NaN|   0.0000000000000000E+00|          0|
 1|   3.600E+03|                      NaN|   0.0000000000000000E+00|          0|
 1|   3.650E+03|                      NaN|   0.0000000000000000E+00|          0|
 1|   3.700E+03|                      NaN|   0.0000000000000000E+00|          0|
 1|   3.750E+03|                      NaN|   0.0000000000000000E+00|          0|
 1|   3.800E+03|                      NaN|   0.0000000000000000E+00|          0|
 1|   3.850E+03|                      NaN|   0.0000000000000000E+00|          0|
 1|   3.900E+03|                      NaN|   0.0000000000000000E+00|          0|
 1|   3.950E+03|                      NaN|   0.0000000000000000E+00|          0|
 1|   4.000E+03|                      NaN|   0.0000000000000000E+00|          0|
 1|   4.050E+03|                      NaN|   0.0000000000000000E+00|          0|
 1|   4.100E+03|                      NaN|   0.0000000000000000E+00|          0|
 1|   4.150E+03|                      NaN|   0.0000000000000000E+00|          0|
 1|   4.200E+03|                      NaN|   0.0000000000000000E+00|          0|
 1|   4.250E+03|                      NaN|   0.0000000000000000E+00|          0|
 1|   4.300E+03|                      NaN|   0.0000000000000000E+00|          0|
 1|   4.350E+03|                      NaN|   0.0000000000000000E+00|          0|
 1|   4.400E+03|                      NaN|   0.0000000000000000E+00|          0|
 1|   4.450E+03|                      NaN|   0.0000000000000000E+00|          0|
 1|   4.500E+03|                      NaN|   0.0000000000000000E+00|          0|
 1|   4.550E+03|                      NaN|   0.0000000000000000E+00|          0|
 1|   4.600E+03|                      NaN|   0.0000000000000000E+00|          0|
 1|   4.650E+03|                      NaN|   0.0000000000000000E+00|          0|
 1|   4.700E+03|                      NaN|   0.0000000000000000E+00|          0|
 1|   4.750E+03|                      NaN|   0.0000000000000000E+00|          0|
 1|   4.800E+03|                      NaN|   0.0000000000000000E+00|          0|
 1|   4.850E+03|                      NaN|   0.0000000000000000E+00|          0|
 1|   4.900E+03|                      NaN|   0.0000000000000000E+00|          0|
 1|   4.950E+03|                      NaN|   0.0000000000000000E+00|          0|
# integrated result:   3.1449122125028184E-04
#
# Histogram 2: m_jj                                              
 2|   0.000E+00|                      NaN|   0.0000000000000000E+00|          0|
 2|   2.000E+00|                      NaN|   0.0000000000000000E+00|          0|
 2|   4.000E+00|                      NaN|   0.0000000000000000E+00|          0|
 2|   6.000E+00|                      NaN|   0.0000000000000000E+00|          0|
 2|   8.000E+00|                      NaN|   0.0000000000000000E+00|          0|
 2|   1.000E+01|                      NaN|   0.0000000000000000E+00|          0|
 2|   1.200E+01|                      NaN|   0.0000000000000000E+00|          0|
 2|   1.400E+01|                      NaN|   0.0000000000000000E+00|          0|
 2|   1.600E+01|                      NaN|   0.0000000000000000E+00|          0|
 2|   1.800E+01|                      NaN|   0.0000000000000000E+00|          0|
 2|   2.000E+01|                      NaN|   0.0000000000000000E+00|          0|
 2|   2.200E+01|                      NaN|   0.0000000000000000E+00|          0|
 2|   2.400E+01|                      NaN|   0.0000000000000000E+00|          0|
 2|   2.600E+01|                      NaN|   0.0000000000000000E+00|          0|
 2|   2.800E+01|                      NaN|   0.0000000000000000E+00|          0|
 2|   3.000E+01|                      NaN|   0.0000000000000000E+00|          0|
 2|   3.200E+01|                      NaN|   0.0000000000000000E+00|          0|
 2|   3.400E+01|                      NaN|   0.0000000000000000E+00|          0|
 2|   3.600E+01|                      NaN|   0.0000000000000000E+00|          0|
 2|   3.800E+01|                      NaN|   0.0000000000000000E+00|          0|
 2|   4.000E+01|                      NaN|   0.0000000000000000E+00|          0|
 2|   4.200E+01|                      NaN|   0.0000000000000000E+00|          0|
 2|   4.400E+01|                      NaN|   0.0000000000000000E+00|          0|
 2|   4.600E+01|                      NaN|   0.0000000000000000E+00|          0|
 2|   4.800E+01|                      NaN|   0.0000000000000000E+00|          0|
 2|   5.000E+01|                      NaN|   0.0000000000000000E+00|          0|
 2|   5.200E+01|                      NaN|   0.0000000000000000E+00|          0|
 2|   5.400E+01|                      NaN|   0.0000000000000000E+00|          0|
 2|   5.600E+01|                      NaN|   0.0000000000000000E+00|          0|
 2|   5.800E+01|                      NaN|   0.0000000000000000E+00|          0|
 2|   6.000E+01|                      NaN|   0.0000000000000000E+00|          0|
 2|   6.200E+01|                      NaN|   0.0000000000000000E+00|          0|
 2|   6.400E+01|                      NaN|   0.0000000000000000E+00|          0|
 2|   6.600E+01|                      NaN|   0.0000000000000000E+00|          0|
 2|   6.800E+01|                      NaN|   0.0000000000000000E+00|          0|
 2|   7.000E+01|                 Infinity|   3.5267280792929914E-02|        804|
 2|   7.200E+01|                 Infinity|   3.8404768632128432E-02|        678|
 2|   7.400E+01|                 Infinity|   4.0356715613563091E-02|        614|
 2|   7.600E+01|                 Infinity|   4.1134503489486357E-02|        591|
 2|   7.800E+01|                 Infinity|   4.0555355282690636E-02|        608|
 2|   8.000E+01|                 Infinity|   3.9683789506627251E-02|        635|
 2|   8.200E+01|                 Infinity|   3.3040930022754489E-02|        916|
 2|   8.400E+01|                 Infinity|   2.4361276856704795E-02|       1685|
 2|   8.600E+01|                 Infinity|   2.1228599753607712E-02|       2219|
 2|   8.800E+01|                 Infinity|   1.3527106736158256E-02|       5465|
 2|   9.000E+01|                 Infinity|   6.6567628537756857E-03|      22567|
 2|   9.200E+01|                 Infinity|   7.8543182148805620E-03|      16210|
 2|   9.400E+01|                 Infinity|   1.6511454667095662E-02|       3668|
 2|   9.600E+01|                 Infinity|   2.5094280661424780E-02|       1588|
 2|   9.800E+01|                 Infinity|   3.0993786368687184E-02|       1041|
 2|   1.000E+02|                 Infinity|   2.8976379389987237E-02|       1191|
 2|   1.020E+02|                 Infinity|   3.0219894260774972E-02|       1095|
 2|   1.040E+02|                 Infinity|   3.5311227577322434E-02|        802|
 2|   1.060E+02|                 Infinity|   4.1344911529736156E-02|        585|
 2|   1.080E+02|                 Infinity|   5.3224629541234948E-02|        353|
 2|   1.100E+02|                 Infinity|   6.9673301429161769E-02|        206|
 2|   1.120E+02|                 Infinity|   7.9305158571814416E-02|        159|
 2|   1.140E+02|                 Infinity|   7.7382323253413682E-02|        167|
 2|   1.160E+02|                 Infinity|   8.1378845877115941E-02|        151|
 2|   1.180E+02|                 Infinity|   8.4515425472851652E-02|        140|
 2|   1.200E+02|                 Infinity|   8.4215192106651904E-02|        141|
 2|   1.220E+02|                 Infinity|   8.3045479853739973E-02|        145|
 2|   1.240E+02|                 Infinity|   9.3250480824031381E-02|        115|
 2|   1.260E+02|                 Infinity|   9.7590007294853329E-02|        105|
 2|   1.280E+02|                 Infinity|   1.1396057645963795E-01|         77|
 2|   1.300E+02|                 Infinity|   1.2309149097933272E-01|         66|
 2|   1.320E+02|                 Infinity|   1.0540925533894598E-01|         90|
 2|   1.340E+02|                 Infinity|   1.2126781251816648E-01|         68|
 2|   1.360E+02|                 Infinity|   1.2216944435630522E-01|         67|
 2|   1.380E+02|                 Infinity|   1.4285714285714285E-01|         49|
 2|   1.400E+02|                 Infinity|   1.3867504905630729E-01|         52|
 2|   1.420E+02|                 Infinity|   1.2216944435630522E-01|         67|
 2|   1.440E+02|                 Infinity|   1.2909944487358055E-01|         60|
 2|   1.460E+02|                 Infinity|   1.3736056394868904E-01|         53|
 2|   1.480E+02|                 Infinity|   1.2038585308576920E-01|         69|
 2|   1.500E+02|                 Infinity|   1.2500000000000000E-01|         64|
 2|   1.520E+02|                 Infinity|   1.2403473458920847E-01|         65|
 2|   1.540E+02|                 Infinity|   1.1785113019775793E-01|         72|
 2|   1.560E+02|                 Infinity|   1.2909944487358055E-01|         60|
 2|   1.580E+02|                 Infinity|   1.4433756729740646E-01|         48|
 2|   1.600E+02|                 Infinity|   1.3608276348795434E-01|         54|
 2|   1.620E+02|                 Infinity|   1.4586499149789456E-01|         47|
 2|   1.640E+02|                 Infinity|   1.4907119849998599E-01|         45|
 2|   1.660E+02|                 Infinity|   1.6012815380508713E-01|         39|
 2|   1.680E+02|                 Infinity|   1.6439898730535729E-01|         37|
 2|   1.700E+02|                 Infinity|   1.6222142113076254E-01|         38|
 2|   1.720E+02|                 Infinity|   1.7149858514250882E-01|         34|
 2|   1.740E+02|                 Infinity|   1.7149858514250882E-01|         34|
 2|   1.760E+02|                 Infinity|   2.0000000000000001E-01|         25|
 2|   1.780E+02|                 Infinity|   1.8569533817705186E-01|         29|
 2|   1.800E+02|                 Infinity|   2.0000000000000001E-01|         25|
 2|   1.820E+02|                 Infinity|   2.2360679774997896E-01|         20|
 2|   1.840E+02|                 Infinity|   2.0412414523193154E-01|         24|
 2|   1.860E+02|                 Infinity|   2.4253562503633297E-01|         17|
 2|   1.880E+02|                 Infinity|   2.4253562503633297E-01|         17|
 2|   1.900E+02|                 Infinity|   2.2941573387056174E-01|         19|
 2|   1.920E+02|                 Infinity|   2.2941573387056174E-01|         19|
 2|   1.940E+02|                 Infinity|   2.5819888974716110E-01|         15|
 2|   1.960E+02|                 Infinity|   2.5000000000000000E-01|         16|
 2|   1.980E+02|                 Infinity|   2.2360679774997896E-01|         20|
# integrated result:   3.1449122125028347E-04
#
# Histogram 3: pT(H)                                             
 3|   0.000E+00|                 Infinity|   1.6971105832553266E-02|       3472|
 3|   1.000E+01|                 Infinity|   1.3815792463598068E-02|       5239|
 3|   2.000E+01|                 Infinity|   1.3763350473379593E-02|       5279|
 3|   3.000E+01|                 Infinity|   1.4439774556447694E-02|       4796|
 3|   4.000E+01|                 Infinity|   1.4715432661786062E-02|       4618|
 3|   5.000E+01|                 Infinity|   1.5448737310436523E-02|       4190|
 3|   6.000E+01|                 Infinity|   1.6087236302194670E-02|       3864|
 3|   7.000E+01|                 Infinity|   1.6613679687123583E-02|       3623|
 3|   8.000E+01|                 Infinity|   1.7272213396336670E-02|       3352|
 3|   9.000E+01|                 Infinity|   1.8122009407318746E-02|       3045|
 3|   1.000E+02|                 Infinity|   1.9284331963501929E-02|       2689|
 3|   1.100E+02|                 Infinity|   1.9834087593950483E-02|       2542|
 3|   1.200E+02|                 Infinity|   2.0467923754178649E-02|       2387|
 3|   1.300E+02|                 Infinity|   2.1739130434782608E-02|       2116|
 3|   1.400E+02|                 Infinity|   2.2633936510629633E-02|       1952|
 3|   1.500E+02|                 Infinity|   2.4544034683690801E-02|       1660|
 3|   1.600E+02|                 Infinity|   2.5229689602299696E-02|       1571|
 3|   1.700E+02|                 Infinity|   2.7885569326658022E-02|       1286|
 3|   1.800E+02|                 Infinity|   2.8513297425610054E-02|       1230|
 3|   1.900E+02|                 Infinity|   3.1960138605029657E-02|        979|
 3|   2.000E+02|                 Infinity|   3.4179296351233165E-02|        856|
 3|   2.100E+02|                 Infinity|   3.5578403348241000E-02|        790|
 3|   2.200E+02|                 Infinity|   3.9193090083481028E-02|        651|
 3|   2.300E+02|                 Infinity|   4.1775599314435682E-02|        573|
 3|   2.400E+02|                 Infinity|   4.5360921162651446E-02|        486|
 3|   2.500E+02|                 Infinity|   5.1298917604257706E-02|        380|
 3|   2.600E+02|                 Infinity|   5.1298917604257706E-02|        380|
 3|   2.700E+02|                 Infinity|   6.0302268915552716E-02|        275|
 3|   2.800E+02|                 Infinity|   6.0633906259083242E-02|        272|
 3|   2.900E+02|                 Infinity|   6.0745673923078697E-02|        271|
 3|   3.000E+02|                 Infinity|   7.1428571428571425E-02|        196|
 3|   3.100E+02|                 Infinity|   7.2932495748947279E-02|        188|
 3|   3.200E+02|                 Infinity|   8.1378845877115941E-02|        151|
 3|   3.300E+02|                 Infinity|   8.1649658092772609E-02|        150|
 3|   3.400E+02|                 Infinity|   9.5782628522115137E-02|        109|
 3|   3.500E+02|                 Infinity|   9.2057461789832346E-02|        118|
 3|   3.600E+02|                 Infinity|   1.0050378152592121E-01|         99|
 3|   3.700E+02|                 Infinity|   1.0976425998969035E-01|         83|
 3|   3.800E+02|                 Infinity|   1.2500000000000000E-01|         64|
 3|   3.900E+02|                 Infinity|   1.3363062095621220E-01|         56|
 3|   4.000E+02|                 Infinity|   1.2700012700019050E-01|         62|
 3|   4.100E+02|                 Infinity|   1.3736056394868904E-01|         53|
 3|   4.200E+02|                 Infinity|   1.4907119849998599E-01|         45|
 3|   4.300E+02|                 Infinity|   1.7407765595569785E-01|         33|
 3|   4.400E+02|                 Infinity|   1.8898223650461360E-01|         28|
 3|   4.500E+02|                 Infinity|   1.7677669529663687E-01|         32|
 3|   4.600E+02|                 Infinity|   2.5000000000000000E-01|         16|
 3|   4.700E+02|                 Infinity|   2.4253562503633297E-01|         17|
 3|   4.800E+02|                 Infinity|   2.2360679774997896E-01|         20|
 3|   4.900E+02|                 Infinity|   2.4253562503633297E-01|         17|
# integrated result:   3.1449122125028401E-04
#
# Histogram 4: pT(j1)                                            
 4|   0.000E+00|                      NaN|   0.0000000000000000E+00|          0|
 4|   1.000E+01|                 Infinity|   6.8680281974344518E-02|        212|
 4|   2.000E+01|                 Infinity|   2.6697534996903839E-02|       1403|
 4|   3.000E+01|                 Infinity|   1.5415660399455184E-02|       4208|
 4|   4.000E+01|                 Infinity|   1.1315519126906889E-02|       7810|
 4|   5.000E+01|                 Infinity|   1.0518160820563628E-02|       9039|
 4|   6.000E+01|                 Infinity|   1.1602833293707725E-02|       7428|
 4|   7.000E+01|                 Infinity|   1.2862866793895970E-02|       6044|
 4|   8.000E+01|                 Infinity|   1.4146380174561475E-02|       4997|
 4|   9.000E+01|                 Infinity|   1.5160218417872197E-02|       4351|
 4|   1.000E+02|                 Infinity|   1.7175134664318158E-02|       3390|
 4|   1.100E+02|                 Infinity|   1.8245259129220669E-02|       3004|
 4|   1.200E+02|                 Infinity|   2.0076435961970611E-02|       2481|
 4|   1.300E+02|                 Infinity|   2.2293898103385491E-02|       2012|
 4|   1.400E+02|                 Infinity|   2.3576776053861586E-02|       1799|
 4|   1.500E+02|                 Infinity|   2.6334032657486166E-02|       1442|
 4|   1.600E+02|                 Infinity|   2.9488391230979426E-02|       1150|
 4|   1.700E+02|                 Infinity|   3.2291684186031330E-02|        959|
 4|   1.800E+02|                 Infinity|   3.5245368842512066E-02|        805|
 4|   1.900E+02|                 Infinity|   3.8490017945975050E-02|        675|
 4|   2.000E+02|                 Infinity|   4.3726946944662608E-02|        523|
 4|   2.100E+02|                 Infinity|   4.6676002800933661E-02|        459|
 4|   2.200E+02|                 Infinity|   5.1708768999501914E-02|        374|
 4|   2.300E+02|                 Infinity|   5.6077215409204434E-02|        318|
 4|   2.400E+02|                 Infinity|   6.6226617853252193E-02|        228|
 4|   2.500E+02|                 Infinity|   7.1795815861773818E-02|        194|
 4|   2.600E+02|                 Infinity|   7.2547625011001163E-02|        190|
 4|   2.700E+02|                 Infinity|   8.6386842558136015E-02|        134|
 4|   2.800E+02|                 Infinity|   8.6066296582387042E-02|        135|
 4|   2.900E+02|                 Infinity|   1.0050378152592121E-01|         99|
 4|   3.000E+02|                 Infinity|   1.0976425998969035E-01|         83|
 4|   3.100E+02|                 Infinity|   1.1470786693528087E-01|         76|
 4|   3.200E+02|                 Infinity|   1.2500000000000000E-01|         64|
 4|   3.300E+02|                 Infinity|   1.2500000000000000E-01|         64|
 4|   3.400E+02|                 Infinity|   1.4433756729740646E-01|         48|
 4|   3.500E+02|                 Infinity|   1.6012815380508713E-01|         39|
 4|   3.600E+02|                 Infinity|   1.8569533817705186E-01|         29|
 4|   3.700E+02|                 Infinity|   1.7960530202677491E-01|         31|
 4|   3.800E+02|                 Infinity|   1.8569533817705186E-01|         29|
 4|   3.900E+02|                 Infinity|   2.5000000000000000E-01|         16|
 4|   4.000E+02|                 Infinity|   2.5819888974716110E-01|         15|
 4|   4.100E+02|                 Infinity|   2.8867513459481292E-01|         12|
 4|   4.200E+02|                 Infinity|   4.4721359549995793E-01|          5|
 4|   4.300E+02|                 Infinity|   3.7796447300922720E-01|          7|
 4|   4.400E+02|                 Infinity|   2.8867513459481292E-01|         12|
 4|   4.500E+02|                 Infinity|   3.5355339059327373E-01|          8|
 4|   4.600E+02|                 Infinity|   7.0710678118654746E-01|          2|
 4|   4.700E+02|                 Infinity|   5.7735026918962584E-01|          3|
 4|   4.800E+02|                 Infinity|   7.0710678118654746E-01|          2|
 4|   4.900E+02|                 Infinity|   7.0710678118654746E-01|          2|
# integrated result:   3.1449122125028380E-04
#
# Histogram 5: dy(j1,j2)                                         
 5|  -5.000E+00|                      NaN|   0.0000000000000000E+00|          0|
 5|  -4.800E+00|                      NaN|   0.0000000000000000E+00|          0|
 5|  -4.600E+00|                      NaN|   0.0000000000000000E+00|          0|
 5|  -4.400E+00|                 Infinity|   5.7735026918962584E-01|          3|
 5|  -4.200E+00|                 Infinity|   5.7735026918962584E-01|          3|
 5|  -4.000E+00|                 Infinity|   2.3570226039551587E-01|         18|
 5|  -3.800E+00|                 Infinity|   1.6903085094570330E-01|         35|
 5|  -3.600E+00|                 Infinity|   1.6012815380508713E-01|         39|
 5|  -3.400E+00|                 Infinity|   9.7128586235726413E-02|        106|
 5|  -3.200E+00|                 Infinity|   7.0710678118654752E-02|        200|
 5|  -3.000E+00|                 Infinity|   5.7073014553534959E-02|        307|
 5|  -2.800E+00|                 Infinity|   4.6274481338274755E-02|        467|
 5|  -2.600E+00|                 Infinity|   3.6760731104690386E-02|        740|
 5|  -2.400E+00|                 Infinity|   3.2915400933831662E-02|        923|
 5|  -2.200E+00|                 Infinity|   2.9437240470473185E-02|       1154|
 5|  -2.000E+00|                 Infinity|   2.6171196129510688E-02|       1460|
 5|  -1.800E+00|                 Infinity|   2.2113289104342324E-02|       2045|
 5|  -1.600E+00|                 Infinity|   1.9976043113781049E-02|       2506|
 5|  -1.400E+00|                 Infinity|   1.8119034440639038E-02|       3046|
 5|  -1.200E+00|                 Infinity|   1.6577115836060096E-02|       3639|
 5|  -1.000E+00|                 Infinity|   1.5498754337678151E-02|       4163|
 5|  -8.000E-01|                 Infinity|   1.4106912317171965E-02|       5025|
 5|  -6.000E-01|                 Infinity|   1.3389388562092392E-02|       5578|
 5|  -4.000E-01|                 Infinity|   1.3528344518723522E-02|       5464|
 5|  -2.000E-01|                 Infinity|   1.2905643322991683E-02|       6004|
 5|   0.000E+00|                 Infinity|   1.3593181195675921E-02|       5412|
 5|   2.000E-01|                 Infinity|   1.5421158465515792E-02|       4205|
 5|   4.000E-01|                 Infinity|   1.6310370902867074E-02|       3759|
 5|   6.000E-01|                 Infinity|   2.0654809619300690E-02|       2344|
 5|   8.000E-01|                 Infinity|   2.3421066418221823E-02|       1823|
 5|   1.000E+00|                 Infinity|   2.5408222923375631E-02|       1549|
 5|   1.200E+00|                 Infinity|   2.8843487226888051E-02|       1202|
 5|   1.400E+00|                 Infinity|   3.2547227745205971E-02|        944|
 5|   1.600E+00|                 Infinity|   3.6563621206356534E-02|        748|
 5|   1.800E+00|                 Infinity|   4.2220033092074907E-02|        561|
 5|   2.000E+00|                 Infinity|   4.8336824452283177E-02|        428|
 5|   2.200E+00|                 Infinity|   6.0192926542884599E-02|        276|
 5|   2.400E+00|                 Infinity|   8.6066296582387042E-02|        135|
 5|   2.600E+00|                 Infinity|   1.3245323570650439E-01|         57|
 5|   2.800E+00|                 Infinity|   1.8569533817705186E-01|         29|
 5|   3.000E+00|                 Infinity|   2.2941573387056174E-01|         19|
 5|   3.200E+00|                 Infinity|   3.1622776601683794E-01|         10|
 5|   3.400E+00|                 Infinity|   3.5355339059327373E-01|          8|
 5|   3.600E+00|                 Infinity|   7.0710678118654746E-01|          2|
 5|   3.800E+00|                 Infinity|   1.0000000000000000E+00|          1|
 5|   4.000E+00|                      NaN|   0.0000000000000000E+00|          0|
 5|   4.200E+00|                      NaN|   0.0000000000000000E+00|          0|
 5|   4.400E+00|                      NaN|   0.0000000000000000E+00|          0|
 5|   4.600E+00|                      NaN|   0.0000000000000000E+00|          0|
 5|   4.800E+00|                      NaN|   0.0000000000000000E+00|          0|
# integrated result:   3.1449122125028412E-04
#
# Histogram 6: mz1                                               
 6|   0.000E+00|                      NaN|   0.0000000000000000E+00|          0|
 6|   2.000E+00|                      NaN|   0.0000000000000000E+00|          0|
 6|   4.000E+00|                 Infinity|   1.6164816125656171E-02|       3827|
 6|   6.000E+00|                 Infinity|   1.7389332134659659E-02|       3307|
 6|   8.000E+00|                 Infinity|   2.8641657506310241E-02|       1219|
 6|   1.000E+01|                 Infinity|   2.4822226837318159E-02|       1623|
 6|   1.200E+01|                 Infinity|   2.8284271247461901E-02|       1250|
 6|   1.400E+01|                 Infinity|   2.2249707974499239E-02|       2020|
 6|   1.600E+01|                 Infinity|   2.7036903521793759E-02|       1368|
 6|   1.800E+01|                 Infinity|   4.3193421279068007E-02|        536|
 6|   2.000E+01|                 Infinity|   4.9446817643414874E-02|        409|
 6|   2.200E+01|                 Infinity|   3.0358837035945812E-02|       1085|
 6|   2.400E+01|                 Infinity|   2.0248557974359569E-02|       2439|
 6|   2.600E+01|                 Infinity|   2.4225079155575459E-02|       1704|
 6|   2.800E+01|                 Infinity|   4.8737017882857933E-02|        421|
 6|   3.000E+01|                 Infinity|   5.8722021951470346E-02|        290|
 6|   3.200E+01|                 Infinity|   8.2760588860236795E-02|        146|
 6|   3.400E+01|                 Infinity|   8.2760588860236795E-02|        146|
 6|   3.600E+01|                 Infinity|   9.4491118252306799E-02|        112|
 6|   3.800E+01|                 Infinity|   8.6710996952411995E-02|        133|
 6|   4.000E+01|                 Infinity|   8.6386842558136015E-02|        134|
 6|   4.200E+01|                 Infinity|   7.9808688446762213E-02|        157|
 6|   4.400E+01|                 Infinity|   9.5346258924559238E-02|        110|
 6|   4.600E+01|                 Infinity|   1.0425720702853739E-01|         92|
 6|   4.800E+01|                 Infinity|   9.5346258924559238E-02|        110|
 6|   5.000E+01|                 Infinity|   9.6673648904566353E-02|        107|
 6|   5.200E+01|                 Infinity|   1.2500000000000000E-01|         64|
 6|   5.400E+01|                 Infinity|   1.1547005383792514E-01|         75|
 6|   5.600E+01|                 Infinity|   1.1180339887498948E-01|         80|
 6|   5.800E+01|                 Infinity|   1.0050378152592121E-01|         99|
 6|   6.000E+01|                 Infinity|   9.0535746042518531E-02|        122|
 6|   6.200E+01|                 Infinity|   7.9056941504209485E-02|        160|
 6|   6.400E+01|                 Infinity|   7.3720978077448568E-02|        184|
 6|   6.600E+01|                 Infinity|   5.9976014390406722E-02|        278|
 6|   6.800E+01|                 Infinity|   4.5548751867427691E-02|        482|
 6|   7.000E+01|                 Infinity|   4.3478260869565216E-02|        529|
 6|   7.200E+01|                 Infinity|   4.4676705160877031E-02|        501|
 6|   7.400E+01|                 Infinity|   3.7371754637596795E-02|        716|
 6|   7.600E+01|                 Infinity|   2.6117584882778509E-02|       1466|
 6|   7.800E+01|                 Infinity|   5.1987524491003641E-02|        370|
 6|   8.000E+01|                 Infinity|   4.1959067914834454E-02|        568|
 6|   8.200E+01|                 Infinity|   4.1775599314435682E-02|        573|
 6|   8.400E+01|                 Infinity|   4.7891314261057569E-02|        436|
 6|   8.600E+01|                 Infinity|   3.1158847642487789E-02|       1030|
 6|   8.800E+01|                 Infinity|   1.1144872044926164E-02|       8051|
 6|   9.000E+01|                 Infinity|   8.3959534539034212E-03|      14186|
 6|   9.200E+01|                 Infinity|   1.4990633779917228E-02|       4450|
 6|   9.400E+01|                 Infinity|   2.7565892320998563E-02|       1316|
 6|   9.600E+01|                 Infinity|   3.2058528181875073E-02|        973|
 6|   9.800E+01|                 Infinity|   2.6997462357801941E-02|       1372|
 6|   1.000E+02|                 Infinity|   3.8376477822666816E-02|        679|
 6|   1.020E+02|                 Infinity|   4.6473941234017310E-02|        463|
 6|   1.040E+02|                 Infinity|   5.1434449987363969E-02|        378|
 6|   1.060E+02|                 Infinity|   5.2270837348931669E-02|        366|
 6|   1.080E+02|                 Infinity|   5.0572173742417362E-02|        391|
 6|   1.100E+02|                 Infinity|   4.6932325446393211E-02|        454|
 6|   1.120E+02|                 Infinity|   5.1639777949432225E-02|        375|
 6|   1.140E+02|                 Infinity|   5.3838190205816552E-02|        345|
 6|   1.160E+02|                 Infinity|   6.0633906259083242E-02|        272|
 6|   1.180E+02|                 Infinity|   6.5653216429861272E-02|        232|
 6|   1.200E+02|                 Infinity|   6.3372425052447792E-02|        249|
 6|   1.220E+02|                 Infinity|   7.2357460529242162E-02|        191|
 6|   1.240E+02|                 Infinity|   8.2199493652678646E-02|        148|
 6|   1.260E+02|                 Infinity|   9.2057461789832346E-02|        118|
 6|   1.280E+02|                 Infinity|   1.0206207261596577E-01|         96|
 6|   1.300E+02|                 Infinity|   1.0259783520851541E-01|         95|
 6|   1.320E+02|                 Infinity|   1.3130643285972254E-01|         58|
 6|   1.340E+02|                 Infinity|   1.4744195615489714E-01|         46|
 6|   1.360E+02|                 Infinity|   1.3483997249264842E-01|         55|
 6|   1.380E+02|                 Infinity|   1.4907119849998599E-01|         45|
 6|   1.400E+02|                 Infinity|   1.7407765595569785E-01|         33|
 6|   1.420E+02|                 Infinity|   1.5430334996209191E-01|         42|
 6|   1.440E+02|                 Infinity|   1.7407765595569785E-01|         33|
 6|   1.460E+02|                 Infinity|   2.0000000000000001E-01|         25|
 6|   1.480E+02|                 Infinity|   1.8569533817705186E-01|         29|
 6|   1.500E+02|                 Infinity|   1.7960530202677491E-01|         31|
 6|   1.520E+02|                 Infinity|   2.3570226039551587E-01|         18|
 6|   1.540E+02|                 Infinity|   2.2941573387056174E-01|         19|
 6|   1.560E+02|                 Infinity|   2.1320071635561041E-01|         22|
 6|   1.580E+02|                 Infinity|   2.3570226039551587E-01|         18|
 6|   1.600E+02|                 Infinity|   2.1821789023599239E-01|         21|
 6|   1.620E+02|                 Infinity|   2.3570226039551587E-01|         18|
 6|   1.640E+02|                 Infinity|   3.3333333333333331E-01|          9|
 6|   1.660E+02|                 Infinity|   2.6726124191242440E-01|         14|
 6|   1.680E+02|                 Infinity|   2.3570226039551587E-01|         18|
 6|   1.700E+02|                 Infinity|   3.7796447300922720E-01|          7|
 6|   1.720E+02|                 Infinity|   2.8867513459481292E-01|         12|
 6|   1.740E+02|                 Infinity|   3.7796447300922720E-01|          7|
 6|   1.760E+02|                 Infinity|   2.7735009811261457E-01|         13|
 6|   1.780E+02|                 Infinity|   2.5000000000000000E-01|         16|
 6|   1.800E+02|                 Infinity|   4.4721359549995793E-01|          5|
 6|   1.820E+02|                 Infinity|   3.7796447300922720E-01|          7|
 6|   1.840E+02|                 Infinity|   2.8867513459481292E-01|         12|
 6|   1.860E+02|                 Infinity|   4.4721359549995793E-01|          5|
 6|   1.880E+02|                 Infinity|   4.0824829046386307E-01|          6|
 6|   1.900E+02|                 Infinity|   7.0710678118654746E-01|          2|
 6|   1.920E+02|                 Infinity|   3.3333333333333331E-01|          9|
 6|   1.940E+02|                 Infinity|   5.0000000000000000E-01|          4|
 6|   1.960E+02|                 Infinity|   3.7796447300922720E-01|          7|
 6|   1.980E+02|                 Infinity|   5.7735026918962584E-01|          3|
# integrated result:   3.1449122125028461E-04
#
# Histogram 7: mz2                                               
 7|   0.000E+00|                      NaN|   0.0000000000000000E+00|          0|
 7|   2.000E+00|                      NaN|   0.0000000000000000E+00|          0|
 7|   4.000E+00|                 Infinity|   2.4126172032669039E-02|       1718|
 7|   6.000E+00|                 Infinity|   3.0978910540439487E-02|       1042|
 7|   8.000E+00|                 Infinity|   3.0429030972509229E-02|       1080|
 7|   1.000E+01|                 Infinity|   3.3040930022754489E-02|        916|
 7|   1.200E+01|                 Infinity|   3.2686022523030669E-02|        936|
 7|   1.400E+01|                 Infinity|   3.5071531191594722E-02|        813|
 7|   1.600E+01|                 Infinity|   3.5897907930886909E-02|        776|
 7|   1.800E+01|                 Infinity|   3.6612601296910623E-02|        746|
 7|   2.000E+01|                 Infinity|   3.6735917918532250E-02|        741|
 7|   2.200E+01|                 Infinity|   3.8433122101204392E-02|        677|
 7|   2.400E+01|                 Infinity|   3.7087947077614203E-02|        727|
 7|   2.600E+01|                 Infinity|   3.8954469356580992E-02|        659|
 7|   2.800E+01|                 Infinity|   3.9559388606461778E-02|        639|
 7|   3.000E+01|                 Infinity|   3.9746431675858215E-02|        633|
 7|   3.200E+01|                 Infinity|   4.0655781409087086E-02|        605|
 7|   3.400E+01|                 Infinity|   4.0858892322271849E-02|        599|
 7|   3.600E+01|                 Infinity|   4.1309619238601381E-02|        586|
 7|   3.800E+01|                 Infinity|   3.8895492079220696E-02|        661|
 7|   4.000E+01|                 Infinity|   4.2640143271122082E-02|        550|
 7|   4.200E+01|                 Infinity|   4.4901325506693728E-02|        496|
 7|   4.400E+01|                 Infinity|   4.6676002800933661E-02|        459|
 7|   4.600E+01|                 Infinity|   4.6473941234017310E-02|        463|
 7|   4.800E+01|                 Infinity|   4.7836487323493986E-02|        437|
 7|   5.000E+01|                 Infinity|   4.6829290579084699E-02|        456|
 7|   5.200E+01|                 Infinity|   4.7404546313997722E-02|        445|
 7|   5.400E+01|                 Infinity|   4.4108109139123088E-02|        514|
 7|   5.600E+01|                 Infinity|   4.4632184267745179E-02|        502|
 7|   5.800E+01|                 Infinity|   4.3810795433832352E-02|        521|
 7|   6.000E+01|                 Infinity|   4.3233770116711694E-02|        535|
 7|   6.200E+01|                 Infinity|   4.1099746826339323E-02|        592|
 7|   6.400E+01|                 Infinity|   4.2993358039234778E-02|        541|
 7|   6.600E+01|                 Infinity|   4.5221563164613454E-02|        489|
 7|   6.800E+01|                 Infinity|   4.7727395990334764E-02|        439|
 7|   7.000E+01|                 Infinity|   4.2295493443781355E-02|        559|
 7|   7.200E+01|                 Infinity|   4.0756957296961119E-02|        602|
 7|   7.400E+01|                 Infinity|   4.0193393552907040E-02|        619|
 7|   7.600E+01|                 Infinity|   3.6249971679720688E-02|        761|
 7|   7.800E+01|                 Infinity|   3.7216146378239341E-02|        722|
 7|   8.000E+01|                 Infinity|   3.2241294010958051E-02|        962|
 7|   8.200E+01|                 Infinity|   2.4937733402690822E-02|       1608|
 7|   8.400E+01|                 Infinity|   3.5028472205202936E-02|        815|
 7|   8.600E+01|                 Infinity|   1.6303866268150616E-02|       3762|
 7|   8.800E+01|                 Infinity|   1.5380975347800065E-02|       4227|
 7|   9.000E+01|                 Infinity|   7.1136999150549895E-03|      19761|
 7|   9.200E+01|                 Infinity|   1.5573754796680717E-02|       4123|
 7|   9.400E+01|                 Infinity|   2.3143436208321693E-02|       1867|
 7|   9.600E+01|                 Infinity|   2.7788500718836422E-02|       1295|
 7|   9.800E+01|                 Infinity|   6.1662641597820735E-02|        263|
 7|   1.000E+02|                 Infinity|   6.6519010523773930E-02|        226|
 7|   1.020E+02|                 Infinity|   6.5795169495976899E-02|        231|
 7|   1.040E+02|                 Infinity|   6.9171446386607466E-02|        209|
 7|   1.060E+02|                 Infinity|   7.1795815861773818E-02|        194|
 7|   1.080E+02|                 Infinity|   9.3250480824031381E-02|        115|
 7|   1.100E+02|                 Infinity|   9.9503719020998915E-02|        101|
 7|   1.120E+02|                 Infinity|   1.1867816581938533E-01|         71|
 7|   1.140E+02|                 Infinity|   1.0660035817780521E-01|         88|
 7|   1.160E+02|                 Infinity|   1.0153461651336192E-01|         97|
 7|   1.180E+02|                 Infinity|   1.0482848367219183E-01|         91|
 7|   1.200E+02|                 Infinity|   1.0369516947304253E-01|         93|
 7|   1.220E+02|                 Infinity|   1.1704114719613057E-01|         73|
 7|   1.240E+02|                 Infinity|   1.1396057645963795E-01|         77|
 7|   1.260E+02|                 Infinity|   1.3736056394868904E-01|         53|
 7|   1.280E+02|                 Infinity|   1.2909944487358055E-01|         60|
 7|   1.300E+02|                 Infinity|   1.3245323570650439E-01|         57|
 7|   1.320E+02|                 Infinity|   1.3483997249264842E-01|         55|
 7|   1.340E+02|                 Infinity|   1.3483997249264842E-01|         55|
 7|   1.360E+02|                 Infinity|   1.4285714285714285E-01|         49|
 7|   1.380E+02|                 Infinity|   1.6439898730535729E-01|         37|
 7|   1.400E+02|                 Infinity|   1.7149858514250882E-01|         34|
 7|   1.420E+02|                 Infinity|   1.7407765595569785E-01|         33|
 7|   1.440E+02|                 Infinity|   2.0000000000000001E-01|         25|
 7|   1.460E+02|                 Infinity|   2.1320071635561041E-01|         22|
 7|   1.480E+02|                 Infinity|   2.3570226039551587E-01|         18|
 7|   1.500E+02|                 Infinity|   2.2941573387056174E-01|         19|
 7|   1.520E+02|                 Infinity|   2.0412414523193154E-01|         24|
 7|   1.540E+02|                 Infinity|   2.1320071635561041E-01|         22|
 7|   1.560E+02|                 Infinity|   2.3570226039551587E-01|         18|
 7|   1.580E+02|                 Infinity|   2.0851441405707477E-01|         23|
 7|   1.600E+02|                 Infinity|   2.8867513459481292E-01|         12|
 7|   1.620E+02|                 Infinity|   2.7735009811261457E-01|         13|
 7|   1.640E+02|                 Infinity|   3.0151134457776363E-01|         11|
 7|   1.660E+02|                 Infinity|   2.8867513459481292E-01|         12|
 7|   1.680E+02|                 Infinity|   2.8867513459481292E-01|         12|
 7|   1.700E+02|                 Infinity|   5.7735026918962584E-01|          3|
 7|   1.720E+02|                 Infinity|   3.3333333333333331E-01|          9|
 7|   1.740E+02|                 Infinity|   4.4721359549995793E-01|          5|
 7|   1.760E+02|                 Infinity|   4.0824829046386307E-01|          6|
 7|   1.780E+02|                 Infinity|   4.0824829046386307E-01|          6|
 7|   1.800E+02|                 Infinity|   3.0151134457776363E-01|         11|
 7|   1.820E+02|                 Infinity|   3.7796447300922720E-01|          7|
 7|   1.840E+02|                 Infinity|   3.5355339059327373E-01|          8|
 7|   1.860E+02|                 Infinity|   4.0824829046386307E-01|          6|
 7|   1.880E+02|                 Infinity|   3.7796447300922720E-01|          7|
 7|   1.900E+02|                 Infinity|   4.0824829046386307E-01|          6|
 7|   1.920E+02|                 Infinity|   7.0710678118654746E-01|          2|
 7|   1.940E+02|                 Infinity|   4.0824829046386307E-01|          6|
 7|   1.960E+02|                 Infinity|   5.0000000000000000E-01|          4|
 7|   1.980E+02|                 Infinity|   1.0000000000000000E+00|          1|
# integrated result:   3.1449122125028396E-04
#
# Histogram 8: m_4l                                              
 8|   1.000E+02|                 Infinity|   8.9009407901507950E-03|      12622|
 8|   1.400E+02|                 Infinity|   8.7651878899518507E-03|      13016|
 8|   1.800E+02|                 Infinity|   9.7706393749206304E-03|      10475|
 8|   2.200E+02|                 Infinity|   1.1208395991555507E-02|       7960|
 8|   2.600E+02|                 Infinity|   1.3251136747832066E-02|       5695|
 8|   3.000E+02|                 Infinity|   1.5613568465729805E-02|       4102|
 8|   3.400E+02|                 Infinity|   1.8569533817705187E-02|       2900|
 8|   3.800E+02|                 Infinity|   2.1984660059051055E-02|       2069|
 8|   4.200E+02|                 Infinity|   2.7126281959038646E-02|       1359|
 8|   4.600E+02|                 Infinity|   3.1702131247412065E-02|        995|
 8|   5.000E+02|                 Infinity|   3.7062465833055058E-02|        728|
 8|   5.400E+02|                 Infinity|   4.2914107542287451E-02|        543|
 8|   5.800E+02|                 Infinity|   5.2486388108147798E-02|        363|
 8|   6.200E+02|                 Infinity|   6.7419986246324212E-02|        220|
 8|   6.600E+02|                 Infinity|   7.3521462209380772E-02|        185|
 8|   7.000E+02|                 Infinity|   9.0909090909090912E-02|        121|
 8|   7.400E+02|                 Infinity|   1.0314212462587934E-01|         94|
 8|   7.800E+02|                 Infinity|   1.1547005383792514E-01|         75|
 8|   8.200E+02|                 Infinity|   1.3483997249264842E-01|         55|
 8|   8.600E+02|                 Infinity|   1.7960530202677491E-01|         31|
 8|   9.000E+02|                 Infinity|   2.3570226039551587E-01|         18|
 8|   9.400E+02|                 Infinity|   1.8257418583505536E-01|         30|
 8|   9.800E+02|                 Infinity|   2.5819888974716110E-01|         15|
 8|   1.020E+03|                 Infinity|   3.3333333333333331E-01|          9|
 8|   1.060E+03|                 Infinity|   3.3333333333333331E-01|          9|
 8|   1.100E+03|                 Infinity|   5.0000000000000000E-01|          4|
 8|   1.140E+03|                      NaN|   0.0000000000000000E+00|          0|
 8|   1.180E+03|                 Infinity|   7.0710678118654746E-01|          2|
 8|   1.220E+03|                 Infinity|   1.0000000000000000E+00|          1|
 8|   1.260E+03|                 Infinity|   1.0000000000000000E+00|          1|
 8|   1.300E+03|                 Infinity|   1.0000000000000000E+00|          1|
 8|   1.340E+03|                 Infinity|   7.0710678118654746E-01|          2|
 8|   1.380E+03|                 Infinity|   7.0710678118654746E-01|          2|
 8|   1.420E+03|                 Infinity|   5.0000000000000000E-01|          4|
 8|   1.460E+03|                 Infinity|   1.0000000000000000E+00|          1|
 8|   1.500E+03|                 Infinity|   1.0000000000000000E+00|          1|
 8|   1.540E+03|                      NaN|   0.0000000000000000E+00|          0|
 8|   1.580E+03|                 Infinity|   1.0000000000000000E+00|          1|
 8|   1.620E+03|                 Infinity|   7.0710678118654746E-01|          2|
 8|   1.660E+03|                 Infinity|   5.7735026918962584E-01|          3|
 8|   1.700E+03|                 Infinity|   7.0710678118654746E-01|          2|
 8|   1.740E+03|                 Infinity|   7.0710678118654746E-01|          2|
 8|   1.780E+03|                 Infinity|   1.0000000000000000E+00|          1|
 8|   1.820E+03|                 Infinity|   1.0000000000000000E+00|          1|
 8|   1.860E+03|                      NaN|   0.0000000000000000E+00|          0|
 8|   1.900E+03|                      NaN|   0.0000000000000000E+00|          0|
 8|   1.940E+03|                      NaN|   0.0000000000000000E+00|          0|
 8|   1.980E+03|                      NaN|   0.0000000000000000E+00|          0|
 8|   2.020E+03|                 Infinity|   7.0710678118654746E-01|          2|
 8|   2.060E+03|                 Infinity|   1.0000000000000000E+00|          1|
 8|   2.100E+03|                      NaN|   0.0000000000000000E+00|          0|
 8|   2.140E+03|                      NaN|   0.0000000000000000E+00|          0|
 8|   2.180E+03|                 Infinity|   7.0710678118654746E-01|          2|
 8|   2.220E+03|                      NaN|   0.0000000000000000E+00|          0|
 8|   2.260E+03|                      NaN|   0.0000000000000000E+00|          0|
 8|   2.300E+03|                      NaN|   0.0000000000000000E+00|          0|
 8|   2.340E+03|                      NaN|   0.0000000000000000E+00|          0|
 8|   2.380E+03|                      NaN|   0.0000000000000000E+00|          0|
 8|   2.420E+03|                      NaN|   0.0000000000000000E+00|          0|
 8|   2.460E+03|                 Infinity|   5.7735026918962584E-01|          3|
 8|   2.500E+03|                      NaN|   0.0000000000000000E+00|          0|
 8|   2.540E+03|                      NaN|   0.0000000000000000E+00|          0|
 8|   2.580E+03|                      NaN|   0.0000000000000000E+00|          0|
 8|   2.620E+03|                 Infinity|   1.0000000000000000E+00|          1|
 8|   2.660E+03|                      NaN|   0.0000000000000000E+00|          0|
 8|   2.700E+03|                 Infinity|   1.0000000000000000E+00|          1|
 8|   2.740E+03|                      NaN|   0.0000000000000000E+00|          0|
 8|   2.780E+03|                      NaN|   0.0000000000000000E+00|          0|
 8|   2.820E+03|                      NaN|   0.0000000000000000E+00|          0|
 8|   2.860E+03|                      NaN|   0.0000000000000000E+00|          0|
 8|   2.900E+03|                      NaN|   0.0000000000000000E+00|          0|
 8|   2.940E+03|                 Infinity|   7.0710678118654746E-01|          2|
 8|   2.980E+03|                      NaN|   0.0000000000000000E+00|          0|
 8|   3.020E+03|                 Infinity|   1.0000000000000000E+00|          1|
 8|   3.060E+03|                      NaN|   0.0000000000000000E+00|          0|
 8|   3.100E+03|                 Infinity|   1.0000000000000000E+00|          1|
 8|   3.140E+03|                      NaN|   0.0000000000000000E+00|          0|
 8|   3.180E+03|                      NaN|   0.0000000000000000E+00|          0|
 8|   3.220E+03|                      NaN|   0.0000000000000000E+00|          0|
 8|   3.260E+03|                      NaN|   0.0000000000000000E+00|          0|
 8|   3.300E+03|                      NaN|   0.0000000000000000E+00|          0|
 8|   3.340E+03|                      NaN|   0.0000000000000000E+00|          0|
 8|   3.380E+03|                      NaN|   0.0000000000000000E+00|          0|
 8|   3.420E+03|                      NaN|   0.0000000000000000E+00|          0|
 8|   3.460E+03|                 Infinity|   1.0000000000000000E+00|          1|
 8|   3.500E+03|                      NaN|   0.0000000000000000E+00|          0|
 8|   3.540E+03|                      NaN|   0.0000000000000000E+00|          0|
 8|   3.580E+03|                      NaN|   0.0000000000000000E+00|          0|
 8|   3.620E+03|                      NaN|   0.0000000000000000E+00|          0|
 8|   3.660E+03|                      NaN|   0.0000000000000000E+00|          0|
 8|   3.700E+03|                      NaN|   0.0000000000000000E+00|          0|
 8|   3.740E+03|                      NaN|   0.0000000000000000E+00|          0|
 8|   3.780E+03|                      NaN|   0.0000000000000000E+00|          0|
 8|   3.820E+03|                      NaN|   0.0000000000000000E+00|          0|
 8|   3.860E+03|                      NaN|   0.0000000000000000E+00|          0|
 8|   3.900E+03|                      NaN|   0.0000000000000000E+00|          0|
 8|   3.940E+03|                      NaN|   0.0000000000000000E+00|          0|
 8|   3.980E+03|                      NaN|   0.0000000000000000E+00|          0|
 8|   4.020E+03|                      NaN|   0.0000000000000000E+00|          0|
 8|   4.060E+03|                      NaN|   0.0000000000000000E+00|          0|
# integrated result:   3.1449122125028358E-04
#
# Histogram 9: m_4l                                              
 9|   8.500E+01|                 Infinity|   9.2847669088525930E-02|        116|
 9|   8.600E+01|                 Infinity|   8.6066296582387042E-02|        135|
 9|   8.700E+01|                 Infinity|   9.7590007294853329E-02|        105|
 9|   8.800E+01|                 Infinity|   9.2847669088525930E-02|        116|
 9|   8.900E+01|                 Infinity|   1.0314212462587934E-01|         94|
 9|   9.000E+01|                 Infinity|   9.7590007294853329E-02|        105|
 9|   9.100E+01|                 Infinity|   9.4491118252306799E-02|        112|
 9|   9.200E+01|                 Infinity|   9.6673648904566353E-02|        107|
 9|   9.300E+01|                 Infinity|   9.3658581158169399E-02|        114|
 9|   9.400E+01|                 Infinity|   9.5782628522115137E-02|        109|
 9|   9.500E+01|                 Infinity|   8.7370405666103795E-02|        131|
 9|   9.600E+01|                 Infinity|   8.5749292571254410E-02|        136|
 9|   9.700E+01|                 Infinity|   7.6923076923076927E-02|        169|
 9|   9.800E+01|                 Infinity|   7.9305158571814416E-02|        159|
 9|   9.900E+01|                 Infinity|   7.6923076923076927E-02|        169|
 9|   1.000E+02|                 Infinity|   7.3922127095457285E-02|        183|
 9|   1.010E+02|                 Infinity|   6.7884423330213065E-02|        217|
 9|   1.020E+02|                 Infinity|   6.4956980246163087E-02|        237|
 9|   1.030E+02|                 Infinity|   6.5938047339578698E-02|        230|
 9|   1.040E+02|                 Infinity|   6.4415662640083082E-02|        241|
 9|   1.050E+02|                 Infinity|   6.1199006136210460E-02|        267|
 9|   1.060E+02|                 Infinity|   6.0633906259083242E-02|        272|
 9|   1.070E+02|                 Infinity|   5.9654998627189357E-02|        281|
 9|   1.080E+02|                 Infinity|   6.0858061945018457E-02|        270|
 9|   1.090E+02|                 Infinity|   5.6077215409204434E-02|        318|
 9|   1.100E+02|                 Infinity|   5.9443829827776400E-02|        283|
 9|   1.110E+02|                 Infinity|   5.6796183424706478E-02|        310|
 9|   1.120E+02|                 Infinity|   5.6613851707229781E-02|        312|
 9|   1.130E+02|                 Infinity|   5.9654998627189357E-02|        281|
 9|   1.140E+02|                 Infinity|   5.6523341894422152E-02|        313|
 9|   1.150E+02|                 Infinity|   5.6613851707229781E-02|        312|
 9|   1.160E+02|                 Infinity|   5.5300126360933101E-02|        327|
 9|   1.170E+02|                 Infinity|   5.4717565516458275E-02|        334|
 9|   1.180E+02|                 Infinity|   5.6165595630173037E-02|        317|
 9|   1.190E+02|                 Infinity|   5.4473471070284329E-02|        337|
 9|   1.200E+02|                 Infinity|   5.4717565516458275E-02|        334|
 9|   1.210E+02|                 Infinity|   5.2342392259021375E-02|        365|
 9|   1.220E+02|                 Infinity|   5.5555555555555552E-02|        324|
 9|   1.230E+02|                 Infinity|   5.3376051268362382E-02|        351|
 9|   1.240E+02|                 Infinity|   5.2414241836095915E-02|        364|
 9|   1.250E+02|                 Infinity|   5.4153036107388232E-02|        341|
 9|   1.260E+02|                 Infinity|   5.2486388108147798E-02|        363|
 9|   1.270E+02|                 Infinity|   5.5131784641997125E-02|        329|
 9|   1.280E+02|                 Infinity|   5.4554472558998097E-02|        336|
 9|   1.290E+02|                 Infinity|   5.7448498962142602E-02|        303|
 9|   1.300E+02|                 Infinity|   5.5901699437494741E-02|        320|
 9|   1.310E+02|                 Infinity|   5.3838190205816552E-02|        345|
 9|   1.320E+02|                 Infinity|   5.4473471070284329E-02|        337|
 9|   1.330E+02|                 Infinity|   5.1917413165116499E-02|        371|
 9|   1.340E+02|                 Infinity|   5.0443327230531826E-02|        393|
# integrated result:   3.1449122125028520E-04
#
# Histogram10: Phi1                                              
10|  -3.142E+00|                 Infinity|   2.3890924128374829E-02|       1752|
10|  -2.985E+00|                 Infinity|   2.2857516044124723E-02|       1914|
10|  -2.827E+00|                 Infinity|   2.4021532944603168E-02|       1733|
10|  -2.670E+00|                 Infinity|   2.5498922693273831E-02|       1538|
10|  -2.513E+00|                 Infinity|   2.6822089039291005E-02|       1390|
10|  -2.356E+00|                 Infinity|   2.7430739102420141E-02|       1329|
10|  -2.199E+00|                 Infinity|   2.7544969439561987E-02|       1318|
10|  -2.042E+00|                 Infinity|   2.5498922693273831E-02|       1538|
10|  -1.885E+00|                 Infinity|   2.4852871573478329E-02|       1619|
10|  -1.728E+00|                 Infinity|   2.4196695924791362E-02|       1708|
10|  -1.571E+00|                 Infinity|   2.3557142371577276E-02|       1802|
10|  -1.414E+00|                 Infinity|   2.4232190583632820E-02|       1703|
10|  -1.257E+00|                 Infinity|   2.3576776053861586E-02|       1799|
10|  -1.100E+00|                 Infinity|   2.3728949893812475E-02|       1776|
10|  -9.425E-01|                 Infinity|   2.3829795864119579E-02|       1761|
10|  -7.854E-01|                 Infinity|   2.3742322084163121E-02|       1774|
10|  -6.283E-01|                 Infinity|   2.4126172032669039E-02|       1718|
10|  -4.713E-01|                 Infinity|   2.5359156467048689E-02|       1555|
10|  -3.142E-01|                 Infinity|   2.7096390730170242E-02|       1362|
10|  -1.571E-01|                 Infinity|   2.6481357066618805E-02|       1426|
10|  -3.000E-05|                 Infinity|   2.6707054531881675E-02|       1402|
10|   1.570E-01|                 Infinity|   2.6126497213658208E-02|       1465|
10|   3.141E-01|                 Infinity|   2.5302269968462875E-02|       1562|
10|   4.712E-01|                 Infinity|   2.4098134635593994E-02|       1722|
10|   6.283E-01|                 Infinity|   2.3224433809720592E-02|       1854|
10|   7.854E-01|                 Infinity|   2.3038783879204570E-02|       1884|
10|   9.424E-01|                 Infinity|   2.3357091793352585E-02|       1833|
10|   1.100E+00|                 Infinity|   2.3218173010628604E-02|       1855|
10|   1.257E+00|                 Infinity|   2.3938794927456073E-02|       1745|
10|   1.414E+00|                 Infinity|   2.3931938620591269E-02|       1746|
10|   1.571E+00|                 Infinity|   2.3274703205786385E-02|       1846|
10|   1.728E+00|                 Infinity|   2.3945657130528784E-02|       1744|
10|   1.885E+00|                 Infinity|   2.4492448305451230E-02|       1667|
10|   2.042E+00|                 Infinity|   2.6261286571944511E-02|       1450|
10|   2.199E+00|                 Infinity|   2.7176321259932201E-02|       1354|
10|   2.356E+00|                 Infinity|   2.6046613053531162E-02|       1474|
10|   2.513E+00|                 Infinity|   2.5278006958277935E-02|       1565|
10|   2.670E+00|                 Infinity|   2.3708933905523488E-02|       1779|
10|   2.827E+00|                 Infinity|   2.1642182767490251E-02|       2135|
10|   2.984E+00|                 Infinity|   2.3325300446383042E-02|       1838|
# integrated result:   3.1449122125028374E-04
#
