#
# column #1=histogram, #2=x-axis bin, #3=binned cross-section, #4=error, #5=number of events 
# this can be easily plotted in gnuplot with the commands:
#    NHi=3
#    plot 'output.dat' using ($2):($1==NHi ? $3 : 1/0) w st
# where NHi selects the histogram
#
#
# run time =      -0.00min
# TotCS =      6.8866827885E-03           6.20116E-04
#
# Histogram 1: m_jj                                              
 1|   0.000E+00|                      NaN|   0.0000000000000000E+00|          0|
 1|   5.000E+01|                 Infinity|   4.1110859371310902E-03|      59168|
 1|   1.000E+02|                 Infinity|   3.5377456883861250E-02|        799|
 1|   1.500E+02|                 Infinity|   1.1547005383792514E-01|         75|
 1|   2.000E+02|                 Infinity|   2.0412414523193154E-01|         24|
 1|   2.500E+02|                 Infinity|   3.0151134457776363E-01|         11|
 1|   3.000E+02|                 Infinity|   5.0000000000000000E-01|          4|
 1|   3.500E+02|                 Infinity|   5.0000000000000000E-01|          4|
 1|   4.000E+02|                      NaN|   0.0000000000000000E+00|          0|
 1|   4.500E+02|                      NaN|   0.0000000000000000E+00|          0|
 1|   5.000E+02|                      NaN|   0.0000000000000000E+00|          0|
 1|   5.500E+02|                      NaN|   0.0000000000000000E+00|          0|
 1|   6.000E+02|                      NaN|   0.0000000000000000E+00|          0|
 1|   6.500E+02|                      NaN|   0.0000000000000000E+00|          0|
 1|   7.000E+02|                      NaN|   0.0000000000000000E+00|          0|
 1|   7.500E+02|                      NaN|   0.0000000000000000E+00|          0|
 1|   8.000E+02|                      NaN|   0.0000000000000000E+00|          0|
 1|   8.500E+02|                      NaN|   0.0000000000000000E+00|          0|
 1|   9.000E+02|                      NaN|   0.0000000000000000E+00|          0|
 1|   9.500E+02|                      NaN|   0.0000000000000000E+00|          0|
 1|   1.000E+03|                      NaN|   0.0000000000000000E+00|          0|
 1|   1.050E+03|                      NaN|   0.0000000000000000E+00|          0|
 1|   1.100E+03|                      NaN|   0.0000000000000000E+00|          0|
 1|   1.150E+03|                      NaN|   0.0000000000000000E+00|          0|
 1|   1.200E+03|                      NaN|   0.0000000000000000E+00|          0|
 1|   1.250E+03|                      NaN|   0.0000000000000000E+00|          0|
 1|   1.300E+03|                      NaN|   0.0000000000000000E+00|          0|
 1|   1.350E+03|                      NaN|   0.0000000000000000E+00|          0|
 1|   1.400E+03|                      NaN|   0.0000000000000000E+00|          0|
 1|   1.450E+03|                      NaN|   0.0000000000000000E+00|          0|
 1|   1.500E+03|                      NaN|   0.0000000000000000E+00|          0|
 1|   1.550E+03|                      NaN|   0.0000000000000000E+00|          0|
 1|   1.600E+03|                      NaN|   0.0000000000000000E+00|          0|
 1|   1.650E+03|                      NaN|   0.0000000000000000E+00|          0|
 1|   1.700E+03|                      NaN|   0.0000000000000000E+00|          0|
 1|   1.750E+03|                      NaN|   0.0000000000000000E+00|          0|
 1|   1.800E+03|                      NaN|   0.0000000000000000E+00|          0|
 1|   1.850E+03|                      NaN|   0.0000000000000000E+00|          0|
 1|   1.900E+03|                      NaN|   0.0000000000000000E+00|          0|
 1|   1.950E+03|                      NaN|   0.0000000000000000E+00|          0|
 1|   2.000E+03|                      NaN|   0.0000000000000000E+00|          0|
 1|   2.050E+03|                      NaN|   0.0000000000000000E+00|          0|
 1|   2.100E+03|                      NaN|   0.0000000000000000E+00|          0|
 1|   2.150E+03|                      NaN|   0.0000000000000000E+00|          0|
 1|   2.200E+03|                      NaN|   0.0000000000000000E+00|          0|
 1|   2.250E+03|                      NaN|   0.0000000000000000E+00|          0|
 1|   2.300E+03|                      NaN|   0.0000000000000000E+00|          0|
 1|   2.350E+03|                      NaN|   0.0000000000000000E+00|          0|
 1|   2.400E+03|                      NaN|   0.0000000000000000E+00|          0|
 1|   2.450E+03|                      NaN|   0.0000000000000000E+00|          0|
 1|   2.500E+03|                      NaN|   0.0000000000000000E+00|          0|
 1|   2.550E+03|                      NaN|   0.0000000000000000E+00|          0|
 1|   2.600E+03|                      NaN|   0.0000000000000000E+00|          0|
 1|   2.650E+03|                      NaN|   0.0000000000000000E+00|          0|
 1|   2.700E+03|                      NaN|   0.0000000000000000E+00|          0|
 1|   2.750E+03|                      NaN|   0.0000000000000000E+00|          0|
 1|   2.800E+03|                      NaN|   0.0000000000000000E+00|          0|
 1|   2.850E+03|                      NaN|   0.0000000000000000E+00|          0|
 1|   2.900E+03|                      NaN|   0.0000000000000000E+00|          0|
 1|   2.950E+03|                      NaN|   0.0000000000000000E+00|          0|
 1|   3.000E+03|                      NaN|   0.0000000000000000E+00|          0|
 1|   3.050E+03|                      NaN|   0.0000000000000000E+00|          0|
 1|   3.100E+03|                      NaN|   0.0000000000000000E+00|          0|
 1|   3.150E+03|                      NaN|   0.0000000000000000E+00|          0|
 1|   3.200E+03|                      NaN|   0.0000000000000000E+00|          0|
 1|   3.250E+03|                      NaN|   0.0000000000000000E+00|          0|
 1|   3.300E+03|                      NaN|   0.0000000000000000E+00|          0|
 1|   3.350E+03|                      NaN|   0.0000000000000000E+00|          0|
 1|   3.400E+03|                      NaN|   0.0000000000000000E+00|          0|
 1|   3.450E+03|                      NaN|   0.0000000000000000E+00|          0|
 1|   3.500E+03|                      NaN|   0.0000000000000000E+00|          0|
 1|   3.550E+03|                      NaN|   0.0000000000000000E+00|          0|
 1|   3.600E+03|                      NaN|   0.0000000000000000E+00|          0|
 1|   3.650E+03|                      NaN|   0.0000000000000000E+00|          0|
 1|   3.700E+03|                      NaN|   0.0000000000000000E+00|          0|
 1|   3.750E+03|                      NaN|   0.0000000000000000E+00|          0|
 1|   3.800E+03|                      NaN|   0.0000000000000000E+00|          0|
 1|   3.850E+03|                      NaN|   0.0000000000000000E+00|          0|
 1|   3.900E+03|                      NaN|   0.0000000000000000E+00|          0|
 1|   3.950E+03|                      NaN|   0.0000000000000000E+00|          0|
 1|   4.000E+03|                      NaN|   0.0000000000000000E+00|          0|
 1|   4.050E+03|                      NaN|   0.0000000000000000E+00|          0|
 1|   4.100E+03|                      NaN|   0.0000000000000000E+00|          0|
 1|   4.150E+03|                      NaN|   0.0000000000000000E+00|          0|
 1|   4.200E+03|                      NaN|   0.0000000000000000E+00|          0|
 1|   4.250E+03|                      NaN|   0.0000000000000000E+00|          0|
 1|   4.300E+03|                      NaN|   0.0000000000000000E+00|          0|
 1|   4.350E+03|                      NaN|   0.0000000000000000E+00|          0|
 1|   4.400E+03|                      NaN|   0.0000000000000000E+00|          0|
 1|   4.450E+03|                      NaN|   0.0000000000000000E+00|          0|
 1|   4.500E+03|                      NaN|   0.0000000000000000E+00|          0|
 1|   4.550E+03|                      NaN|   0.0000000000000000E+00|          0|
 1|   4.600E+03|                      NaN|   0.0000000000000000E+00|          0|
 1|   4.650E+03|                      NaN|   0.0000000000000000E+00|          0|
 1|   4.700E+03|                      NaN|   0.0000000000000000E+00|          0|
 1|   4.750E+03|                      NaN|   0.0000000000000000E+00|          0|
 1|   4.800E+03|                      NaN|   0.0000000000000000E+00|          0|
 1|   4.850E+03|                      NaN|   0.0000000000000000E+00|          0|
 1|   4.900E+03|                      NaN|   0.0000000000000000E+00|          0|
 1|   4.950E+03|                      NaN|   0.0000000000000000E+00|          0|
# integrated result:   6.8866827884706888E-03
#
# Histogram 2: m_jj                                              
 2|   0.000E+00|                      NaN|   0.0000000000000000E+00|          0|
 2|   2.000E+00|                      NaN|   0.0000000000000000E+00|          0|
 2|   4.000E+00|                      NaN|   0.0000000000000000E+00|          0|
 2|   6.000E+00|                      NaN|   0.0000000000000000E+00|          0|
 2|   8.000E+00|                      NaN|   0.0000000000000000E+00|          0|
 2|   1.000E+01|                      NaN|   0.0000000000000000E+00|          0|
 2|   1.200E+01|                      NaN|   0.0000000000000000E+00|          0|
 2|   1.400E+01|                      NaN|   0.0000000000000000E+00|          0|
 2|   1.600E+01|                      NaN|   0.0000000000000000E+00|          0|
 2|   1.800E+01|                      NaN|   0.0000000000000000E+00|          0|
 2|   2.000E+01|                      NaN|   0.0000000000000000E+00|          0|
 2|   2.200E+01|                      NaN|   0.0000000000000000E+00|          0|
 2|   2.400E+01|                      NaN|   0.0000000000000000E+00|          0|
 2|   2.600E+01|                      NaN|   0.0000000000000000E+00|          0|
 2|   2.800E+01|                      NaN|   0.0000000000000000E+00|          0|
 2|   3.000E+01|                      NaN|   0.0000000000000000E+00|          0|
 2|   3.200E+01|                      NaN|   0.0000000000000000E+00|          0|
 2|   3.400E+01|                      NaN|   0.0000000000000000E+00|          0|
 2|   3.600E+01|                      NaN|   0.0000000000000000E+00|          0|
 2|   3.800E+01|                      NaN|   0.0000000000000000E+00|          0|
 2|   4.000E+01|                      NaN|   0.0000000000000000E+00|          0|
 2|   4.200E+01|                      NaN|   0.0000000000000000E+00|          0|
 2|   4.400E+01|                      NaN|   0.0000000000000000E+00|          0|
 2|   4.600E+01|                      NaN|   0.0000000000000000E+00|          0|
 2|   4.800E+01|                      NaN|   0.0000000000000000E+00|          0|
 2|   5.000E+01|                      NaN|   0.0000000000000000E+00|          0|
 2|   5.200E+01|                      NaN|   0.0000000000000000E+00|          0|
 2|   5.400E+01|                      NaN|   0.0000000000000000E+00|          0|
 2|   5.600E+01|                      NaN|   0.0000000000000000E+00|          0|
 2|   5.800E+01|                      NaN|   0.0000000000000000E+00|          0|
 2|   6.000E+01|                      NaN|   0.0000000000000000E+00|          0|
 2|   6.200E+01|                      NaN|   0.0000000000000000E+00|          0|
 2|   6.400E+01|                      NaN|   0.0000000000000000E+00|          0|
 2|   6.600E+01|                      NaN|   0.0000000000000000E+00|          0|
 2|   6.800E+01|                      NaN|   0.0000000000000000E+00|          0|
 2|   7.000E+01|                 Infinity|   3.5179877236514591E-02|        808|
 2|   7.200E+01|                 Infinity|   3.2791291789197645E-02|        930|
 2|   7.400E+01|                 Infinity|   2.6716584257263240E-02|       1401|
 2|   7.600E+01|                 Infinity|   1.4359163172354760E-02|       4850|
 2|   7.800E+01|                 Infinity|   7.3883782076979397E-03|      18319|
 2|   8.000E+01|                 Infinity|   6.7945507811496657E-03|      21661|
 2|   8.200E+01|                 Infinity|   1.2278491144729287E-02|       6633|
 2|   8.400E+01|                 Infinity|   1.9433051858411793E-02|       2648|
 2|   8.600E+01|                 Infinity|   3.5267280792929914E-02|        804|
 2|   8.800E+01|                 Infinity|   6.1429511683395117E-02|        265|
 2|   9.000E+01|                 Infinity|   7.3323557510676651E-02|        186|
 2|   9.200E+01|                 Infinity|   7.6028592126970551E-02|        173|
 2|   9.400E+01|                 Infinity|   7.8086880944303036E-02|        164|
 2|   9.600E+01|                 Infinity|   7.1795815861773818E-02|        194|
 2|   9.800E+01|                 Infinity|   8.7038827977848926E-02|        132|
 2|   1.000E+02|                 Infinity|   8.7038827977848926E-02|        132|
 2|   1.020E+02|                 Infinity|   8.8388347648318433E-02|        128|
 2|   1.040E+02|                 Infinity|   1.2403473458920847E-01|         65|
 2|   1.060E+02|                 Infinity|   1.1250879009260240E-01|         79|
 2|   1.080E+02|                 Infinity|   1.2309149097933272E-01|         66|
 2|   1.100E+02|                 Infinity|   1.5811388300841897E-01|         40|
 2|   1.120E+02|                 Infinity|   1.5617376188860607E-01|         41|
 2|   1.140E+02|                 Infinity|   2.0412414523193154E-01|         24|
 2|   1.160E+02|                 Infinity|   2.0000000000000001E-01|         25|
 2|   1.180E+02|                 Infinity|   1.9611613513818404E-01|         26|
 2|   1.200E+02|                 Infinity|   2.5819888974716110E-01|         15|
 2|   1.220E+02|                 Infinity|   2.1821789023599239E-01|         21|
 2|   1.240E+02|                 Infinity|   2.6726124191242440E-01|         14|
 2|   1.260E+02|                 Infinity|   2.5819888974716110E-01|         15|
 2|   1.280E+02|                 Infinity|   3.3333333333333331E-01|          9|
 2|   1.300E+02|                 Infinity|   3.0151134457776363E-01|         11|
 2|   1.320E+02|                 Infinity|   3.1622776601683794E-01|         10|
 2|   1.340E+02|                 Infinity|   3.7796447300922720E-01|          7|
 2|   1.360E+02|                 Infinity|   3.7796447300922720E-01|          7|
 2|   1.380E+02|                 Infinity|   3.3333333333333331E-01|          9|
 2|   1.400E+02|                 Infinity|   2.7735009811261457E-01|         13|
 2|   1.420E+02|                 Infinity|   3.5355339059327373E-01|          8|
 2|   1.440E+02|                 Infinity|   3.1622776601683794E-01|         10|
 2|   1.460E+02|                 Infinity|   2.8867513459481292E-01|         12|
 2|   1.480E+02|                 Infinity|   2.8867513459481292E-01|         12|
 2|   1.500E+02|                 Infinity|   5.7735026918962584E-01|          3|
 2|   1.520E+02|                 Infinity|   4.0824829046386307E-01|          6|
 2|   1.540E+02|                 Infinity|   1.0000000000000000E+00|          1|
 2|   1.560E+02|                 Infinity|   4.0824829046386307E-01|          6|
 2|   1.580E+02|                 Infinity|   5.0000000000000000E-01|          4|
 2|   1.600E+02|                 Infinity|   4.4721359549995793E-01|          5|
 2|   1.620E+02|                 Infinity|   5.0000000000000000E-01|          4|
 2|   1.640E+02|                 Infinity|   4.4721359549995793E-01|          5|
 2|   1.660E+02|                 Infinity|   4.0824829046386307E-01|          6|
 2|   1.680E+02|                 Infinity|   4.4721359549995793E-01|          5|
 2|   1.700E+02|                 Infinity|   7.0710678118654746E-01|          2|
 2|   1.720E+02|                 Infinity|   5.7735026918962584E-01|          3|
 2|   1.740E+02|                 Infinity|   7.0710678118654746E-01|          2|
 2|   1.760E+02|                 Infinity|   1.0000000000000000E+00|          1|
 2|   1.780E+02|                 Infinity|   5.7735026918962584E-01|          3|
 2|   1.800E+02|                 Infinity|   1.0000000000000000E+00|          1|
 2|   1.820E+02|                 Infinity|   5.7735026918962584E-01|          3|
 2|   1.840E+02|                 Infinity|   7.0710678118654746E-01|          2|
 2|   1.860E+02|                 Infinity|   5.0000000000000000E-01|          4|
 2|   1.880E+02|                 Infinity|   1.0000000000000000E+00|          1|
 2|   1.900E+02|                 Infinity|   7.0710678118654746E-01|          2|
 2|   1.920E+02|                 Infinity|   1.0000000000000000E+00|          1|
 2|   1.940E+02|                 Infinity|   5.7735026918962584E-01|          3|
 2|   1.960E+02|                      NaN|   0.0000000000000000E+00|          0|
 2|   1.980E+02|                 Infinity|   7.0710678118654746E-01|          2|
# integrated result:   6.8866827884706671E-03
#
# Histogram 3: pT(H)                                             
 3|   0.000E+00|                 Infinity|   1.2607824574537230E-02|       6291|
 3|   1.000E+01|                 Infinity|   1.4031719474382226E-02|       5079|
 3|   2.000E+01|                 Infinity|   1.5375520133814751E-02|       4230|
 3|   3.000E+01|                 Infinity|   1.5799543083820929E-02|       4006|
 3|   4.000E+01|                 Infinity|   1.6511454667095662E-02|       3668|
 3|   5.000E+01|                 Infinity|   1.6831105696898524E-02|       3530|
 3|   6.000E+01|                 Infinity|   1.7922989058224634E-02|       3113|
 3|   7.000E+01|                 Infinity|   1.8679356335414059E-02|       2866|
 3|   8.000E+01|                 Infinity|   1.9422053054479065E-02|       2651|
 3|   9.000E+01|                 Infinity|   2.0515248496555453E-02|       2376|
 3|   1.000E+02|                 Infinity|   2.1185679930351788E-02|       2228|
 3|   1.100E+02|                 Infinity|   2.2428065200812829E-02|       1988|
 3|   1.200E+02|                 Infinity|   2.3596458909150436E-02|       1796|
 3|   1.300E+02|                 Infinity|   2.4875929755249729E-02|       1616|
 3|   1.400E+02|                 Infinity|   2.6659558398736394E-02|       1407|
 3|   1.500E+02|                 Infinity|   2.7348549437220971E-02|       1337|
 3|   1.600E+02|                 Infinity|   2.9386354969211666E-02|       1158|
 3|   1.700E+02|                 Infinity|   3.1481427501027934E-02|       1009|
 3|   1.800E+02|                 Infinity|   3.3077060082781121E-02|        914|
 3|   1.900E+02|                 Infinity|   3.4159349284257755E-02|        857|
 3|   2.000E+02|                 Infinity|   3.7011660509880265E-02|        730|
 3|   2.100E+02|                 Infinity|   3.7932162090544078E-02|        695|
 3|   2.200E+02|                 Infinity|   4.0790850822400207E-02|        601|
 3|   2.300E+02|                 Infinity|   4.4022545316281192E-02|        516|
 3|   2.400E+02|                 Infinity|   4.5501575519329006E-02|        483|
 3|   2.500E+02|                 Infinity|   4.6373889576016833E-02|        465|
 3|   2.600E+02|                 Infinity|   4.9266463908214660E-02|        412|
 3|   2.700E+02|                 Infinity|   5.5300126360933101E-02|        327|
 3|   2.800E+02|                 Infinity|   5.5048188256318034E-02|        330|
 3|   2.900E+02|                 Infinity|   5.8025885318565944E-02|        297|
 3|   3.000E+02|                 Infinity|   5.8520573598065284E-02|        292|
 3|   3.100E+02|                 Infinity|   6.0302268915552716E-02|        275|
 3|   3.200E+02|                 Infinity|   6.8680281974344518E-02|        212|
 3|   3.300E+02|                 Infinity|   6.4549722436790274E-02|        240|
 3|   3.400E+02|                 Infinity|   6.9843029576957816E-02|        205|
 3|   3.500E+02|                 Infinity|   7.8811040623910061E-02|        161|
 3|   3.600E+02|                 Infinity|   8.2760588860236795E-02|        146|
 3|   3.700E+02|                 Infinity|   8.8045090632562384E-02|        129|
 3|   3.800E+02|                 Infinity|   8.9442719099991588E-02|        125|
 3|   3.900E+02|                 Infinity|   8.9802651013387455E-02|        124|
 3|   4.000E+02|                 Infinity|   9.6225044864937631E-02|        108|
 3|   4.100E+02|                 Infinity|   9.7590007294853329E-02|        105|
 3|   4.200E+02|                 Infinity|   1.0846522890932808E-01|         85|
 3|   4.300E+02|                 Infinity|   1.0660035817780521E-01|         88|
 3|   4.400E+02|                 Infinity|   1.0660035817780521E-01|         88|
 3|   4.500E+02|                 Infinity|   1.4142135623730950E-01|         50|
 3|   4.600E+02|                 Infinity|   1.2700012700019050E-01|         62|
 3|   4.700E+02|                 Infinity|   1.3867504905630729E-01|         52|
 3|   4.800E+02|                 Infinity|   1.3483997249264842E-01|         55|
 3|   4.900E+02|                 Infinity|   1.2803687993289598E-01|         61|
# integrated result:   6.8866827884706506E-03
#
# Histogram 4: pT(j1)                                            
 4|   0.000E+00|                      NaN|   0.0000000000000000E+00|          0|
 4|   1.000E+01|                 Infinity|   3.2410186177608220E-02|        952|
 4|   2.000E+01|                 Infinity|   1.8904976633935942E-02|       2798|
 4|   3.000E+01|                 Infinity|   1.2002977107529789E-02|       6941|
 4|   4.000E+01|                 Infinity|   1.0282538520967823E-02|       9458|
 4|   5.000E+01|                 Infinity|   1.2258179317513494E-02|       6655|
 4|   6.000E+01|                 Infinity|   1.4000056000336001E-02|       5102|
 4|   7.000E+01|                 Infinity|   1.5128956621341947E-02|       4369|
 4|   8.000E+01|                 Infinity|   1.6871780828622195E-02|       3513|
 4|   9.000E+01|                 Infinity|   1.8942247884916413E-02|       2787|
 4|   1.000E+02|                 Infinity|   2.0100756305184240E-02|       2475|
 4|   1.100E+02|                 Infinity|   2.2156669801466390E-02|       2037|
 4|   1.200E+02|                 Infinity|   2.3789303403490326E-02|       1767|
 4|   1.300E+02|                 Infinity|   2.5794107751137899E-02|       1503|
 4|   1.400E+02|                 Infinity|   2.7939937811355630E-02|       1281|
 4|   1.500E+02|                 Infinity|   3.0787453590353963E-02|       1055|
 4|   1.600E+02|                 Infinity|   3.2738530223582557E-02|        933|
 4|   1.700E+02|                 Infinity|   3.6490518258441337E-02|        751|
 4|   1.800E+02|                 Infinity|   3.7345684348663553E-02|        717|
 4|   1.900E+02|                 Infinity|   4.2107596053325952E-02|        564|
 4|   2.000E+02|                 Infinity|   4.2220033092074907E-02|        561|
 4|   2.100E+02|                 Infinity|   4.6077567758409141E-02|        471|
 4|   2.200E+02|                 Infinity|   5.0767308256680958E-02|        388|
 4|   2.300E+02|                 Infinity|   5.4073807043587517E-02|        342|
 4|   2.400E+02|                 Infinity|   5.6980288229818973E-02|        308|
 4|   2.500E+02|                 Infinity|   6.1084722178152612E-02|        268|
 4|   2.600E+02|                 Infinity|   6.6372331159997203E-02|        227|
 4|   2.700E+02|                 Infinity|   7.0534561585859828E-02|        201|
 4|   2.800E+02|                 Infinity|   7.2547625011001163E-02|        190|
 4|   2.900E+02|                 Infinity|   7.7615052570633281E-02|        166|
 4|   3.000E+02|                 Infinity|   8.6386842558136015E-02|        134|
 4|   3.100E+02|                 Infinity|   8.7038827977848926E-02|        132|
 4|   3.200E+02|                 Infinity|   8.9802651013387455E-02|        124|
 4|   3.300E+02|                 Infinity|   1.2038585308576920E-01|         69|
 4|   3.400E+02|                 Infinity|   1.0721125348377948E-01|         87|
 4|   3.500E+02|                 Infinity|   1.1250879009260240E-01|         79|
 4|   3.600E+02|                 Infinity|   1.2909944487358055E-01|         60|
 4|   3.700E+02|                 Infinity|   1.3245323570650439E-01|         57|
 4|   3.800E+02|                 Infinity|   1.2500000000000000E-01|         64|
 4|   3.900E+02|                 Infinity|   1.3363062095621220E-01|         56|
 4|   4.000E+02|                 Infinity|   1.7960530202677491E-01|         31|
 4|   4.100E+02|                 Infinity|   1.6903085094570330E-01|         35|
 4|   4.200E+02|                 Infinity|   1.8898223650461360E-01|         28|
 4|   4.300E+02|                 Infinity|   1.6222142113076254E-01|         38|
 4|   4.400E+02|                 Infinity|   1.9611613513818404E-01|         26|
 4|   4.500E+02|                 Infinity|   1.8569533817705186E-01|         29|
 4|   4.600E+02|                 Infinity|   2.6726124191242440E-01|         14|
 4|   4.700E+02|                 Infinity|   2.3570226039551587E-01|         18|
 4|   4.800E+02|                 Infinity|   2.5000000000000000E-01|         16|
 4|   4.900E+02|                 Infinity|   2.2941573387056174E-01|         19|
# integrated result:   6.8866827884706515E-03
#
# Histogram 5: dy(j1,j2)                                         
 5|  -5.000E+00|                      NaN|   0.0000000000000000E+00|          0|
 5|  -4.800E+00|                      NaN|   0.0000000000000000E+00|          0|
 5|  -4.600E+00|                      NaN|   0.0000000000000000E+00|          0|
 5|  -4.400E+00|                      NaN|   0.0000000000000000E+00|          0|
 5|  -4.200E+00|                 Infinity|   1.0000000000000000E+00|          1|
 5|  -4.000E+00|                 Infinity|   7.0710678118654746E-01|          2|
 5|  -3.800E+00|                 Infinity|   5.0000000000000000E-01|          4|
 5|  -3.600E+00|                 Infinity|   4.4721359549995793E-01|          5|
 5|  -3.400E+00|                 Infinity|   2.6726124191242440E-01|         14|
 5|  -3.200E+00|                 Infinity|   1.9245008972987526E-01|         27|
 5|  -3.000E+00|                 Infinity|   1.4907119849998599E-01|         45|
 5|  -2.800E+00|                 Infinity|   1.1785113019775793E-01|         72|
 5|  -2.600E+00|                 Infinity|   7.8326044998795738E-02|        163|
 5|  -2.400E+00|                 Infinity|   6.3757671306333821E-02|        246|
 5|  -2.200E+00|                 Infinity|   5.4473471070284329E-02|        337|
 5|  -2.000E+00|                 Infinity|   4.9266463908214660E-02|        412|
 5|  -1.800E+00|                 Infinity|   4.4022545316281192E-02|        516|
 5|  -1.600E+00|                 Infinity|   3.8662233651352955E-02|        669|
 5|  -1.400E+00|                 Infinity|   3.3333333333333333E-02|        900|
 5|  -1.200E+00|                 Infinity|   2.5086383169282252E-02|       1589|
 5|  -1.000E+00|                 Infinity|   2.1128856368212913E-02|       2240|
 5|  -8.000E-01|                 Infinity|   2.0121090914638342E-02|       2470|
 5|  -6.000E-01|                 Infinity|   1.8346307741382219E-02|       2971|
 5|  -4.000E-01|                 Infinity|   1.6802570317748740E-02|       3542|
 5|  -2.000E-01|                 Infinity|   1.6554385651454048E-02|       3649|
 5|   0.000E+00|                 Infinity|   1.5992325525180033E-02|       3910|
 5|   2.000E-01|                 Infinity|   1.4274066738497959E-02|       4908|
 5|   4.000E-01|                 Infinity|   1.3894250359418211E-02|       5180|
 5|   6.000E-01|                 Infinity|   1.4661558817695555E-02|       4652|
 5|   8.000E-01|                 Infinity|   1.5491313744672436E-02|       4167|
 5|   1.000E+00|                 Infinity|   1.6793090728662613E-02|       3546|
 5|   1.200E+00|                 Infinity|   1.8361765076453273E-02|       2966|
 5|   1.400E+00|                 Infinity|   2.0472212475808573E-02|       2386|
 5|   1.600E+00|                 Infinity|   2.2686296284646620E-02|       1943|
 5|   1.800E+00|                 Infinity|   2.5607375986579195E-02|       1525|
 5|   2.000E+00|                 Infinity|   2.9552706228277083E-02|       1145|
 5|   2.200E+00|                 Infinity|   3.1895046605474840E-02|        983|
 5|   2.400E+00|                 Infinity|   3.4710506725031162E-02|        830|
 5|   2.600E+00|                 Infinity|   3.9715073539476883E-02|        634|
 5|   2.800E+00|                 Infinity|   4.6126560401444250E-02|        470|
 5|   3.000E+00|                 Infinity|   4.6126560401444250E-02|        470|
 5|   3.200E+00|                 Infinity|   6.1780206321521543E-02|        262|
 5|   3.400E+00|                 Infinity|   8.4818892967997092E-02|        139|
 5|   3.600E+00|                 Infinity|   1.4002800840280097E-01|         51|
 5|   3.800E+00|                 Infinity|   1.5617376188860607E-01|         41|
 5|   4.000E+00|                 Infinity|   5.7735026918962584E-01|          3|
 5|   4.200E+00|                      NaN|   0.0000000000000000E+00|          0|
 5|   4.400E+00|                      NaN|   0.0000000000000000E+00|          0|
 5|   4.600E+00|                      NaN|   0.0000000000000000E+00|          0|
 5|   4.800E+00|                      NaN|   0.0000000000000000E+00|          0|
# integrated result:   6.8866827884706506E-03
#
# Histogram 6: mz1                                               
 6|   0.000E+00|                      NaN|   0.0000000000000000E+00|          0|
 6|   2.000E+00|                      NaN|   0.0000000000000000E+00|          0|
 6|   4.000E+00|                 Infinity|   1.7543859649122806E-02|       3249|
 6|   6.000E+00|                 Infinity|   2.6509256660379499E-02|       1423|
 6|   8.000E+00|                 Infinity|   1.3307335494778956E-02|       5647|
 6|   1.000E+01|                 Infinity|   1.5588885968378735E-02|       4115|
 6|   1.200E+01|                 Infinity|   3.6785594638885484E-02|        739|
 6|   1.400E+01|                 Infinity|   3.6563621206356534E-02|        748|
 6|   1.600E+01|                 Infinity|   5.0379272185987839E-02|        394|
 6|   1.800E+01|                 Infinity|   5.7353933467640436E-02|        304|
 6|   2.000E+01|                 Infinity|   5.7448498962142602E-02|        303|
 6|   2.200E+01|                 Infinity|   5.5300126360933101E-02|        327|
 6|   2.400E+01|                 Infinity|   5.6433264798310033E-02|        314|
 6|   2.600E+01|                 Infinity|   4.9568159709660962E-02|        407|
 6|   2.800E+01|                 Infinity|   4.6225016352102424E-02|        468|
 6|   3.000E+01|                 Infinity|   4.7781848256749658E-02|        438|
 6|   3.200E+01|                 Infinity|   5.8123819371909642E-02|        296|
 6|   3.400E+01|                 Infinity|   6.0633906259083242E-02|        272|
 6|   3.600E+01|                 Infinity|   6.8041381743977170E-02|        216|
 6|   3.800E+01|                 Infinity|   7.1247049987909650E-02|        197|
 6|   4.000E+01|                 Infinity|   9.0909090909090912E-02|        121|
 6|   4.200E+01|                 Infinity|   8.5125653075874858E-02|        138|
 6|   4.400E+01|                 Infinity|   7.6923076923076927E-02|        169|
 6|   4.600E+01|                 Infinity|   6.9006555934235422E-02|        210|
 6|   4.800E+01|                 Infinity|   5.5300126360933101E-02|        327|
 6|   5.000E+01|                 Infinity|   4.6175709653961020E-02|        469|
 6|   5.200E+01|                 Infinity|   5.5989251095585432E-02|        319|
 6|   5.400E+01|                 Infinity|   6.8680281974344518E-02|        212|
 6|   5.600E+01|                 Infinity|   7.0710678118654752E-02|        200|
 6|   5.800E+01|                 Infinity|   7.4329414624716636E-02|        181|
 6|   6.000E+01|                 Infinity|   7.6696498884737035E-02|        170|
 6|   6.200E+01|                 Infinity|   6.7267279399631244E-02|        221|
 6|   6.400E+01|                 Infinity|   5.7928444636349226E-02|        298|
 6|   6.600E+01|                 Infinity|   6.6519010523773930E-02|        226|
 6|   6.800E+01|                 Infinity|   6.9337524528153643E-02|        208|
 6|   7.000E+01|                 Infinity|   7.6923076923076927E-02|        169|
 6|   7.200E+01|                 Infinity|   7.0534561585859828E-02|        201|
 6|   7.400E+01|                 Infinity|   5.4635836470815310E-02|        335|
 6|   7.600E+01|                 Infinity|   4.4721359549995794E-02|        500|
 6|   7.800E+01|                 Infinity|   3.1083493608010462E-02|       1035|
 6|   8.000E+01|                 Infinity|   4.6778026972498797E-02|        457|
 6|   8.200E+01|                 Infinity|   2.7544969439561987E-02|       1318|
 6|   8.400E+01|                 Infinity|   3.1622776601683791E-02|       1000|
 6|   8.600E+01|                 Infinity|   3.0599503068105230E-02|       1068|
 6|   8.800E+01|                 Infinity|   1.6636655330361162E-02|       3613|
 6|   9.000E+01|                 Infinity|   7.5024856101057278E-03|      17766|
 6|   9.200E+01|                 Infinity|   1.4789275156935231E-02|       4572|
 6|   9.400E+01|                 Infinity|   2.2037982136062999E-02|       2059|
 6|   9.600E+01|                 Infinity|   4.5083481733371615E-02|        492|
 6|   9.800E+01|                 Infinity|   5.3838190205816552E-02|        345|
 6|   1.000E+02|                 Infinity|   5.0832856777534893E-02|        387|
 6|   1.020E+02|                 Infinity|   5.4554472558998097E-02|        336|
 6|   1.040E+02|                 Infinity|   7.0359754473029182E-02|        202|
 6|   1.060E+02|                 Infinity|   8.0582296402538028E-02|        154|
 6|   1.080E+02|                 Infinity|   9.6225044864937631E-02|        108|
 6|   1.100E+02|                 Infinity|   1.0721125348377948E-01|         87|
 6|   1.120E+02|                 Infinity|   1.1867816581938533E-01|         71|
 6|   1.140E+02|                 Infinity|   1.3130643285972254E-01|         58|
 6|   1.160E+02|                 Infinity|   1.4433756729740646E-01|         48|
 6|   1.180E+02|                 Infinity|   1.5811388300841897E-01|         40|
 6|   1.200E+02|                 Infinity|   1.7677669529663687E-01|         32|
 6|   1.220E+02|                 Infinity|   1.6666666666666666E-01|         36|
 6|   1.240E+02|                 Infinity|   2.0000000000000001E-01|         25|
 6|   1.260E+02|                 Infinity|   2.0000000000000001E-01|         25|
 6|   1.280E+02|                 Infinity|   2.5000000000000000E-01|         16|
 6|   1.300E+02|                 Infinity|   2.4253562503633297E-01|         17|
 6|   1.320E+02|                 Infinity|   2.4253562503633297E-01|         17|
 6|   1.340E+02|                 Infinity|   2.6726124191242440E-01|         14|
 6|   1.360E+02|                 Infinity|   2.4253562503633297E-01|         17|
 6|   1.380E+02|                 Infinity|   4.0824829046386307E-01|          6|
 6|   1.400E+02|                 Infinity|   3.7796447300922720E-01|          7|
 6|   1.420E+02|                 Infinity|   3.1622776601683794E-01|         10|
 6|   1.440E+02|                 Infinity|   3.1622776601683794E-01|         10|
 6|   1.460E+02|                 Infinity|   3.3333333333333331E-01|          9|
 6|   1.480E+02|                 Infinity|   3.7796447300922720E-01|          7|
 6|   1.500E+02|                 Infinity|   3.5355339059327373E-01|          8|
 6|   1.520E+02|                 Infinity|   7.0710678118654746E-01|          2|
 6|   1.540E+02|                 Infinity|   1.0000000000000000E+00|          1|
 6|   1.560E+02|                 Infinity|   4.0824829046386307E-01|          6|
 6|   1.580E+02|                 Infinity|   4.0824829046386307E-01|          6|
 6|   1.600E+02|                 Infinity|   7.0710678118654746E-01|          2|
 6|   1.620E+02|                 Infinity|   5.7735026918962584E-01|          3|
 6|   1.640E+02|                      NaN|   0.0000000000000000E+00|          0|
 6|   1.660E+02|                 Infinity|   1.0000000000000000E+00|          1|
 6|   1.680E+02|                 Infinity|   1.0000000000000000E+00|          1|
 6|   1.700E+02|                 Infinity|   5.0000000000000000E-01|          4|
 6|   1.720E+02|                 Infinity|   5.7735026918962584E-01|          3|
 6|   1.740E+02|                 Infinity|   3.5355339059327373E-01|          8|
 6|   1.760E+02|                 Infinity|   7.0710678118654746E-01|          2|
 6|   1.780E+02|                 Infinity|   7.0710678118654746E-01|          2|
 6|   1.800E+02|                 Infinity|   1.0000000000000000E+00|          1|
 6|   1.820E+02|                 Infinity|   7.0710678118654746E-01|          2|
 6|   1.840E+02|                 Infinity|   5.0000000000000000E-01|          4|
 6|   1.860E+02|                 Infinity|   7.0710678118654746E-01|          2|
 6|   1.880E+02|                      NaN|   0.0000000000000000E+00|          0|
 6|   1.900E+02|                      NaN|   0.0000000000000000E+00|          0|
 6|   1.920E+02|                 Infinity|   1.0000000000000000E+00|          1|
 6|   1.940E+02|                      NaN|   0.0000000000000000E+00|          0|
 6|   1.960E+02|                 Infinity|   1.0000000000000000E+00|          1|
 6|   1.980E+02|                 Infinity|   5.7735026918962584E-01|          3|
# integrated result:   6.8866827884706446E-03
#
# Histogram 7: mz2                                               
 7|   0.000E+00|                      NaN|   0.0000000000000000E+00|          0|
 7|   2.000E+00|                      NaN|   0.0000000000000000E+00|          0|
 7|   4.000E+00|                 Infinity|   1.9149499654047535E-02|       2727|
 7|   6.000E+00|                 Infinity|   2.1586644588817278E-02|       2146|
 7|   8.000E+00|                 Infinity|   2.5229689602299696E-02|       1571|
 7|   1.000E+01|                 Infinity|   3.1654446891645920E-02|        998|
 7|   1.200E+01|                 Infinity|   3.2393177419586847E-02|        953|
 7|   1.400E+01|                 Infinity|   3.4199278402838471E-02|        855|
 7|   1.600E+01|                 Infinity|   3.5874800166708763E-02|        777|
 7|   1.800E+01|                 Infinity|   3.6612601296910623E-02|        746|
 7|   2.000E+01|                 Infinity|   3.8014296063485276E-02|        692|
 7|   2.200E+01|                 Infinity|   3.7267799624996496E-02|        720|
 7|   2.400E+01|                 Infinity|   3.9436150336254951E-02|        643|
 7|   2.600E+01|                 Infinity|   3.9314056698537575E-02|        647|
 7|   2.800E+01|                 Infinity|   4.0927275453502901E-02|        597|
 7|   3.000E+01|                 Infinity|   4.2182454060959780E-02|        562|
 7|   3.200E+01|                 Infinity|   4.3478260869565216E-02|        529|
 7|   3.400E+01|                 Infinity|   4.4901325506693728E-02|        496|
 7|   3.600E+01|                 Infinity|   4.5314325442944378E-02|        487|
 7|   3.800E+01|                 Infinity|   4.7781848256749658E-02|        438|
 7|   4.000E+01|                 Infinity|   4.5407660918649985E-02|        485|
 7|   4.200E+01|                 Infinity|   4.8970210687439175E-02|        417|
 7|   4.400E+01|                 Infinity|   4.9206783130512292E-02|        413|
 7|   4.600E+01|                 Infinity|   4.8911598804451853E-02|        418|
 7|   4.800E+01|                 Infinity|   4.9568159709660962E-02|        407|
 7|   5.000E+01|                 Infinity|   5.1164451009665081E-02|        382|
 7|   5.200E+01|                 Infinity|   4.9206783130512292E-02|        413|
 7|   5.400E+01|                 Infinity|   4.7351372381037843E-02|        446|
 7|   5.600E+01|                 Infinity|   4.4676705160877031E-02|        501|
 7|   5.800E+01|                 Infinity|   4.4811071494822087E-02|        498|
 7|   6.000E+01|                 Infinity|   4.7619047619047616E-02|        441|
 7|   6.200E+01|                 Infinity|   5.0572173742417362E-02|        391|
 7|   6.400E+01|                 Infinity|   5.1231551957855996E-02|        381|
 7|   6.600E+01|                 Infinity|   4.6984098573493956E-02|        453|
 7|   6.800E+01|                 Infinity|   4.8393391849582724E-02|        427|
 7|   7.000E+01|                 Infinity|   5.0832856777534893E-02|        387|
 7|   7.200E+01|                 Infinity|   5.1571062312939668E-02|        376|
 7|   7.400E+01|                 Infinity|   4.5037734911104493E-02|        493|
 7|   7.600E+01|                 Infinity|   4.1666666666666664E-02|        576|
 7|   7.800E+01|                 Infinity|   3.8096965887972963E-02|        689|
 7|   8.000E+01|                 Infinity|   3.4689615656798012E-02|        831|
 7|   8.200E+01|                 Infinity|   2.0988774008055672E-02|       2270|
 7|   8.400E+01|                 Infinity|   2.2260730867409519E-02|       2018|
 7|   8.600E+01|                 Infinity|   2.1354071087949105E-02|       2193|
 7|   8.800E+01|                 Infinity|   1.1079014782589720E-02|       8147|
 7|   9.000E+01|                 Infinity|   9.4651824741495711E-03|      11162|
 7|   9.200E+01|                 Infinity|   1.4060818020319927E-02|       5058|
 7|   9.400E+01|                 Infinity|   3.8014296063485276E-02|        692|
 7|   9.600E+01|                 Infinity|   5.1571062312939668E-02|        376|
 7|   9.800E+01|                 Infinity|   6.9171446386607466E-02|        209|
 7|   1.000E+02|                 Infinity|   6.9171446386607466E-02|        209|
 7|   1.020E+02|                 Infinity|   6.8199433947047347E-02|        215|
 7|   1.040E+02|                 Infinity|   7.9808688446762213E-02|        157|
 7|   1.060E+02|                 Infinity|   1.0206207261596577E-01|         96|
 7|   1.080E+02|                 Infinity|   1.1396057645963795E-01|         77|
 7|   1.100E+02|                 Infinity|   1.1322770341445956E-01|         78|
 7|   1.120E+02|                 Infinity|   1.4433756729740646E-01|         48|
 7|   1.140E+02|                 Infinity|   1.6903085094570330E-01|         35|
 7|   1.160E+02|                 Infinity|   1.7960530202677491E-01|         31|
 7|   1.180E+02|                 Infinity|   1.9245008972987526E-01|         27|
 7|   1.200E+02|                 Infinity|   2.0851441405707477E-01|         23|
 7|   1.220E+02|                 Infinity|   2.0000000000000001E-01|         25|
 7|   1.240E+02|                 Infinity|   2.2941573387056174E-01|         19|
 7|   1.260E+02|                 Infinity|   2.0851441405707477E-01|         23|
 7|   1.280E+02|                 Infinity|   2.0412414523193154E-01|         24|
 7|   1.300E+02|                 Infinity|   2.2941573387056174E-01|         19|
 7|   1.320E+02|                 Infinity|   2.4253562503633297E-01|         17|
 7|   1.340E+02|                 Infinity|   3.1622776601683794E-01|         10|
 7|   1.360E+02|                 Infinity|   2.3570226039551587E-01|         18|
 7|   1.380E+02|                 Infinity|   2.8867513459481292E-01|         12|
 7|   1.400E+02|                 Infinity|   2.5000000000000000E-01|         16|
 7|   1.420E+02|                 Infinity|   2.5000000000000000E-01|         16|
 7|   1.440E+02|                 Infinity|   2.2941573387056174E-01|         19|
 7|   1.460E+02|                 Infinity|   2.5000000000000000E-01|         16|
 7|   1.480E+02|                 Infinity|   2.2360679774997896E-01|         20|
 7|   1.500E+02|                 Infinity|   3.3333333333333331E-01|          9|
 7|   1.520E+02|                 Infinity|   2.7735009811261457E-01|         13|
 7|   1.540E+02|                 Infinity|   2.5000000000000000E-01|         16|
 7|   1.560E+02|                 Infinity|   2.8867513459481292E-01|         12|
 7|   1.580E+02|                 Infinity|   3.5355339059327373E-01|          8|
 7|   1.600E+02|                 Infinity|   3.0151134457776363E-01|         11|
 7|   1.620E+02|                 Infinity|   3.7796447300922720E-01|          7|
 7|   1.640E+02|                 Infinity|   2.8867513459481292E-01|         12|
 7|   1.660E+02|                 Infinity|   4.4721359549995793E-01|          5|
 7|   1.680E+02|                 Infinity|   3.3333333333333331E-01|          9|
 7|   1.700E+02|                 Infinity|   5.0000000000000000E-01|          4|
 7|   1.720E+02|                 Infinity|   3.3333333333333331E-01|          9|
 7|   1.740E+02|                 Infinity|   3.0151134457776363E-01|         11|
 7|   1.760E+02|                 Infinity|   4.0824829046386307E-01|          6|
 7|   1.780E+02|                 Infinity|   3.7796447300922720E-01|          7|
 7|   1.800E+02|                 Infinity|   4.4721359549995793E-01|          5|
 7|   1.820E+02|                 Infinity|   4.0824829046386307E-01|          6|
 7|   1.840E+02|                 Infinity|   4.0824829046386307E-01|          6|
 7|   1.860E+02|                 Infinity|   4.4721359549995793E-01|          5|
 7|   1.880E+02|                 Infinity|   7.0710678118654746E-01|          2|
 7|   1.900E+02|                 Infinity|   5.7735026918962584E-01|          3|
 7|   1.920E+02|                 Infinity|   5.7735026918962584E-01|          3|
 7|   1.940E+02|                 Infinity|   3.7796447300922720E-01|          7|
 7|   1.960E+02|                 Infinity|   4.4721359549995793E-01|          5|
 7|   1.980E+02|                 Infinity|   4.4721359549995793E-01|          5|
# integrated result:   6.8866827884706550E-03
#
# Histogram 8: m_4l                                              
 8|   1.000E+02|                 Infinity|   8.9442719099991595E-03|      12500|
 8|   1.400E+02|                 Infinity|   9.7270926169484174E-03|      10569|
 8|   1.800E+02|                 Infinity|   1.0907648670730682E-02|       8405|
 8|   2.200E+02|                 Infinity|   1.2860739117627359E-02|       6046|
 8|   2.600E+02|                 Infinity|   1.5328483487124145E-02|       4256|
 8|   3.000E+02|                 Infinity|   1.7761120833134698E-02|       3170|
 8|   3.400E+02|                 Infinity|   2.0060271357125986E-02|       2485|
 8|   3.800E+02|                 Infinity|   2.3100171634912875E-02|       1874|
 8|   4.200E+02|                 Infinity|   2.6126497213658208E-02|       1465|
 8|   4.600E+02|                 Infinity|   2.9947637411773989E-02|       1115|
 8|   5.000E+02|                 Infinity|   3.4279558509553047E-02|        851|
 8|   5.400E+02|                 Infinity|   3.9103094350288754E-02|        654|
 8|   5.800E+02|                 Infinity|   4.2333375666730171E-02|        558|
 8|   6.200E+02|                 Infinity|   4.8911598804451853E-02|        418|
 8|   6.600E+02|                 Infinity|   5.2999894000318001E-02|        356|
 8|   7.000E+02|                 Infinity|   5.7543533764843599E-02|        302|
 8|   7.400E+02|                 Infinity|   6.5512178208041838E-02|        233|
 8|   7.800E+02|                 Infinity|   7.1428571428571425E-02|        196|
 8|   8.200E+02|                 Infinity|   8.5435765771676095E-02|        137|
 8|   8.600E+02|                 Infinity|   9.7128586235726413E-02|        106|
 8|   9.000E+02|                 Infinity|   1.0783277320343841E-01|         86|
 8|   9.400E+02|                 Infinity|   1.2126781251816648E-01|         68|
 8|   9.800E+02|                 Infinity|   1.1624763874381928E-01|         74|
 8|   1.020E+03|                 Infinity|   1.0846522890932808E-01|         85|
 8|   1.060E+03|                 Infinity|   1.3736056394868904E-01|         53|
 8|   1.100E+03|                 Infinity|   1.4907119849998599E-01|         45|
 8|   1.140E+03|                 Infinity|   1.6012815380508713E-01|         39|
 8|   1.180E+03|                 Infinity|   1.5811388300841897E-01|         40|
 8|   1.220E+03|                 Infinity|   1.7407765595569785E-01|         33|
 8|   1.260E+03|                 Infinity|   2.0851441405707477E-01|         23|
 8|   1.300E+03|                 Infinity|   2.1320071635561041E-01|         22|
 8|   1.340E+03|                 Infinity|   2.0412414523193154E-01|         24|
 8|   1.380E+03|                 Infinity|   2.0000000000000001E-01|         25|
 8|   1.420E+03|                 Infinity|   2.2360679774997896E-01|         20|
 8|   1.460E+03|                 Infinity|   4.0824829046386307E-01|          6|
 8|   1.500E+03|                 Infinity|   2.3570226039551587E-01|         18|
 8|   1.540E+03|                 Infinity|   3.0151134457776363E-01|         11|
 8|   1.580E+03|                 Infinity|   3.0151134457776363E-01|         11|
 8|   1.620E+03|                 Infinity|   3.1622776601683794E-01|         10|
 8|   1.660E+03|                 Infinity|   5.0000000000000000E-01|          4|
 8|   1.700E+03|                 Infinity|   3.5355339059327373E-01|          8|
 8|   1.740E+03|                 Infinity|   4.0824829046386307E-01|          6|
 8|   1.780E+03|                 Infinity|   4.0824829046386307E-01|          6|
 8|   1.820E+03|                 Infinity|   5.7735026918962584E-01|          3|
 8|   1.860E+03|                 Infinity|   4.4721359549995793E-01|          5|
 8|   1.900E+03|                 Infinity|   5.7735026918962584E-01|          3|
 8|   1.940E+03|                 Infinity|   5.0000000000000000E-01|          4|
 8|   1.980E+03|                 Infinity|   5.0000000000000000E-01|          4|
 8|   2.020E+03|                 Infinity|   7.0710678118654746E-01|          2|
 8|   2.060E+03|                 Infinity|   5.0000000000000000E-01|          4|
 8|   2.100E+03|                      NaN|   0.0000000000000000E+00|          0|
 8|   2.140E+03|                 Infinity|   7.0710678118654746E-01|          2|
 8|   2.180E+03|                      NaN|   0.0000000000000000E+00|          0|
 8|   2.220E+03|                      NaN|   0.0000000000000000E+00|          0|
 8|   2.260E+03|                      NaN|   0.0000000000000000E+00|          0|
 8|   2.300E+03|                      NaN|   0.0000000000000000E+00|          0|
 8|   2.340E+03|                 Infinity|   7.0710678118654746E-01|          2|
 8|   2.380E+03|                 Infinity|   7.0710678118654746E-01|          2|
 8|   2.420E+03|                      NaN|   0.0000000000000000E+00|          0|
 8|   2.460E+03|                 Infinity|   1.0000000000000000E+00|          1|
 8|   2.500E+03|                 Infinity|   1.0000000000000000E+00|          1|
 8|   2.540E+03|                      NaN|   0.0000000000000000E+00|          0|
 8|   2.580E+03|                      NaN|   0.0000000000000000E+00|          0|
 8|   2.620E+03|                 Infinity|   1.0000000000000000E+00|          1|
 8|   2.660E+03|                 Infinity|   7.0710678118654746E-01|          2|
 8|   2.700E+03|                      NaN|   0.0000000000000000E+00|          0|
 8|   2.740E+03|                 Infinity|   1.0000000000000000E+00|          1|
 8|   2.780E+03|                 Infinity|   1.0000000000000000E+00|          1|
 8|   2.820E+03|                      NaN|   0.0000000000000000E+00|          0|
 8|   2.860E+03|                 Infinity|   1.0000000000000000E+00|          1|
 8|   2.900E+03|                      NaN|   0.0000000000000000E+00|          0|
 8|   2.940E+03|                      NaN|   0.0000000000000000E+00|          0|
 8|   2.980E+03|                 Infinity|   1.0000000000000000E+00|          1|
 8|   3.020E+03|                      NaN|   0.0000000000000000E+00|          0|
 8|   3.060E+03|                      NaN|   0.0000000000000000E+00|          0|
 8|   3.100E+03|                      NaN|   0.0000000000000000E+00|          0|
 8|   3.140E+03|                      NaN|   0.0000000000000000E+00|          0|
 8|   3.180E+03|                 Infinity|   1.0000000000000000E+00|          1|
 8|   3.220E+03|                      NaN|   0.0000000000000000E+00|          0|
 8|   3.260E+03|                      NaN|   0.0000000000000000E+00|          0|
 8|   3.300E+03|                      NaN|   0.0000000000000000E+00|          0|
 8|   3.340E+03|                      NaN|   0.0000000000000000E+00|          0|
 8|   3.380E+03|                      NaN|   0.0000000000000000E+00|          0|
 8|   3.420E+03|                      NaN|   0.0000000000000000E+00|          0|
 8|   3.460E+03|                 Infinity|   1.0000000000000000E+00|          1|
 8|   3.500E+03|                      NaN|   0.0000000000000000E+00|          0|
 8|   3.540E+03|                      NaN|   0.0000000000000000E+00|          0|
 8|   3.580E+03|                      NaN|   0.0000000000000000E+00|          0|
 8|   3.620E+03|                      NaN|   0.0000000000000000E+00|          0|
 8|   3.660E+03|                      NaN|   0.0000000000000000E+00|          0|
 8|   3.700E+03|                      NaN|   0.0000000000000000E+00|          0|
 8|   3.740E+03|                      NaN|   0.0000000000000000E+00|          0|
 8|   3.780E+03|                      NaN|   0.0000000000000000E+00|          0|
 8|   3.820E+03|                      NaN|   0.0000000000000000E+00|          0|
 8|   3.860E+03|                      NaN|   0.0000000000000000E+00|          0|
 8|   3.900E+03|                      NaN|   0.0000000000000000E+00|          0|
 8|   3.940E+03|                      NaN|   0.0000000000000000E+00|          0|
 8|   3.980E+03|                      NaN|   0.0000000000000000E+00|          0|
 8|   4.020E+03|                      NaN|   0.0000000000000000E+00|          0|
 8|   4.060E+03|                      NaN|   0.0000000000000000E+00|          0|
# integrated result:   6.8866827884706584E-03
#
# Histogram 9: m_4l                                              
 9|   8.500E+01|                 Infinity|   8.7705801930702931E-02|        130|
 9|   8.600E+01|                 Infinity|   8.4215192106651904E-02|        141|
 9|   8.700E+01|                 Infinity|   8.6386842558136015E-02|        134|
 9|   8.800E+01|                 Infinity|   8.5749292571254410E-02|        136|
 9|   8.900E+01|                 Infinity|   8.7038827977848926E-02|        132|
 9|   9.000E+01|                 Infinity|   8.3045479853739973E-02|        145|
 9|   9.100E+01|                 Infinity|   7.6696498884737035E-02|        170|
 9|   9.200E+01|                 Infinity|   8.3918135829668908E-02|        142|
 9|   9.300E+01|                 Infinity|   7.6923076923076927E-02|        169|
 9|   9.400E+01|                 Infinity|   8.1649658092772609E-02|        150|
 9|   9.500E+01|                 Infinity|   7.8811040623910061E-02|        161|
 9|   9.600E+01|                 Infinity|   7.7849894416152296E-02|        165|
 9|   9.700E+01|                 Infinity|   7.1428571428571425E-02|        196|
 9|   9.800E+01|                 Infinity|   7.6696498884737035E-02|        170|
 9|   9.900E+01|                 Infinity|   6.4018439966447988E-02|        244|
 9|   1.000E+02|                 Infinity|   6.3628476297577771E-02|        247|
 9|   1.010E+02|                 Infinity|   6.1898446059017294E-02|        261|
 9|   1.020E+02|                 Infinity|   5.9549133417541367E-02|        282|
 9|   1.030E+02|                 Infinity|   5.8722021951470346E-02|        290|
 9|   1.040E+02|                 Infinity|   5.7639041770423498E-02|        301|
 9|   1.050E+02|                 Infinity|   5.5384877562171128E-02|        326|
 9|   1.060E+02|                 Infinity|   5.6343616981901101E-02|        315|
 9|   1.070E+02|                 Infinity|   5.6077215409204434E-02|        318|
 9|   1.080E+02|                 Infinity|   5.3149400345273393E-02|        354|
 9|   1.090E+02|                 Infinity|   5.6343616981901101E-02|        315|
 9|   1.100E+02|                 Infinity|   5.5470019622522911E-02|        325|
 9|   1.110E+02|                 Infinity|   5.4232614454664041E-02|        340|
 9|   1.120E+02|                 Infinity|   5.5131784641997125E-02|        329|
 9|   1.130E+02|                 Infinity|   5.3916386601719206E-02|        344|
 9|   1.140E+02|                 Infinity|   5.3376051268362382E-02|        351|
 9|   1.150E+02|                 Infinity|   5.5215763037423267E-02|        328|
 9|   1.160E+02|                 Infinity|   5.5814557218594761E-02|        321|
 9|   1.170E+02|                 Infinity|   5.4153036107388232E-02|        341|
 9|   1.180E+02|                 Infinity|   5.5131784641997125E-02|        329|
 9|   1.190E+02|                 Infinity|   5.4473471070284329E-02|        337|
 9|   1.200E+02|                 Infinity|   5.4635836470815310E-02|        335|
 9|   1.210E+02|                 Infinity|   5.5989251095585432E-02|        319|
 9|   1.220E+02|                 Infinity|   5.8520573598065284E-02|        292|
 9|   1.230E+02|                 Infinity|   5.5215763037423267E-02|        328|
 9|   1.240E+02|                 Infinity|   5.4312544659356844E-02|        339|
 9|   1.250E+02|                 Infinity|   5.5470019622522911E-02|        325|
 9|   1.260E+02|                 Infinity|   5.7928444636349226E-02|        298|
 9|   1.270E+02|                 Infinity|   5.9443829827776400E-02|        283|
 9|   1.280E+02|                 Infinity|   5.4717565516458275E-02|        334|
 9|   1.290E+02|                 Infinity|   5.6254395046301198E-02|        316|
 9|   1.300E+02|                 Infinity|   5.5641488407465724E-02|        323|
 9|   1.310E+02|                 Infinity|   5.9339082909692663E-02|        284|
 9|   1.320E+02|                 Infinity|   5.3994924715603881E-02|        343|
 9|   1.330E+02|                 Infinity|   5.6165595630173037E-02|        317|
 9|   1.340E+02|                 Infinity|   5.9654998627189357E-02|        281|
# integrated result:   6.8866827884706844E-03
#
# Histogram10: Phi1                                              
10|  -3.142E+00|                 Infinity|   2.8138330394167636E-02|       1263|
10|  -2.985E+00|                 Infinity|   2.7267094157460592E-02|       1345|
10|  -2.827E+00|                 Infinity|   2.6860765467512676E-02|       1386|
10|  -2.670E+00|                 Infinity|   2.4492448305451230E-02|       1667|
10|  -2.513E+00|                 Infinity|   2.4318019154289876E-02|       1691|
10|  -2.356E+00|                 Infinity|   2.5310373177627687E-02|       1561|
10|  -2.199E+00|                 Infinity|   2.5221663615265913E-02|       1572|
10|  -2.042E+00|                 Infinity|   2.5557148983035731E-02|       1531|
10|  -1.885E+00|                 Infinity|   2.5498922693273831E-02|       1538|
10|  -1.728E+00|                 Infinity|   2.4105134820094756E-02|       1721|
10|  -1.571E+00|                 Infinity|   2.3008272961461865E-02|       1889|
10|  -1.414E+00|                 Infinity|   2.3609608232494281E-02|       1794|
10|  -1.257E+00|                 Infinity|   2.3823032760289849E-02|       1762|
10|  -1.100E+00|                 Infinity|   2.5367314471592049E-02|       1554|
10|  -9.425E-01|                 Infinity|   2.5871684190211096E-02|       1494|
10|  -7.854E-01|                 Infinity|   2.6388990698462976E-02|       1436|
10|  -6.283E-01|                 Infinity|   2.7076518053694116E-02|       1364|
10|  -4.713E-01|                 Infinity|   2.7650063180466550E-02|       1308|
10|  -3.142E-01|                 Infinity|   2.8284271247461901E-02|       1250|
10|  -1.571E-01|                 Infinity|   2.8559773898876990E-02|       1226|
10|  -3.000E-05|                 Infinity|   2.9462782549439483E-02|       1152|
10|   1.570E-01|                 Infinity|   2.8606478384531155E-02|       1222|
10|   3.141E-01|                 Infinity|   2.8027592733560525E-02|       1273|
10|   4.712E-01|                 Infinity|   2.7534525848877750E-02|       1319|
10|   6.283E-01|                 Infinity|   2.6416599065942358E-02|       1433|
10|   7.854E-01|                 Infinity|   2.6518576139190998E-02|       1422|
10|   9.424E-01|                 Infinity|   2.4761275912089115E-02|       1631|
10|   1.100E+00|                 Infinity|   2.4791695181436636E-02|       1627|
10|   1.257E+00|                 Infinity|   2.3897745234617563E-02|       1751|
10|   1.414E+00|                 Infinity|   2.3325300446383042E-02|       1838|
10|   1.571E+00|                 Infinity|   2.4845199749997663E-02|       1620|
10|   1.728E+00|                 Infinity|   2.5286086871208681E-02|       1564|
10|   1.885E+00|                 Infinity|   2.5457575296697801E-02|       1543|
10|   2.042E+00|                 Infinity|   2.5457575296697801E-02|       1543|
10|   2.199E+00|                 Infinity|   2.5424641809046068E-02|       1547|
10|   2.356E+00|                 Infinity|   2.4253562503633298E-02|       1700|
10|   2.513E+00|                 Infinity|   2.5086383169282252E-02|       1589|
10|   2.670E+00|                 Infinity|   2.6928853702142336E-02|       1379|
10|   2.827E+00|                 Infinity|   2.7756369082668444E-02|       1298|
10|   2.984E+00|                 Infinity|   2.7939937811355630E-02|       1281|
# integrated result:   6.8866827884706524E-03
#
