#
# column #1=histogram, #2=x-axis bin, #3=binned cross-section, #4=error, #5=number of events 
# this can be easily plotted in gnuplot with the commands:
#    NHi=3
#    plot 'output.dat' using ($2):($1==NHi ? $3 : 1/0) w st
# where NHi selects the histogram
#
#
# run time =      -0.00min
# TotCS =      2.4852539035E-04           5.25866E-05
#
# Histogram 1: m_jj                                              
 1|   0.000E+00|                      NaN|   0.0000000000000000E+00|          0|
 1|   5.000E+01|                 Infinity|   4.6361428501070379E-03|      46525|
 1|   1.000E+02|                 Infinity|   9.0654715536736871E-03|      12168|
 1|   1.500E+02|                 Infinity|   1.4167660405476751E-02|       4982|
 1|   2.000E+02|                 Infinity|   2.0770324619863195E-02|       2318|
 1|   2.500E+02|                 Infinity|   3.0714755841697559E-02|       1060|
 1|   3.000E+02|                 Infinity|   4.4455422447438706E-02|        506|
 1|   3.500E+02|                 Infinity|   6.2745580513815860E-02|        254|
 1|   4.000E+02|                 Infinity|   7.6249285166302333E-02|        172|
 1|   4.500E+02|                 Infinity|   1.1250879009260240E-01|         79|
 1|   5.000E+02|                 Infinity|   1.4744195615489714E-01|         46|
 1|   5.500E+02|                 Infinity|   2.0000000000000001E-01|         25|
 1|   6.000E+02|                 Infinity|   2.0000000000000001E-01|         25|
 1|   6.500E+02|                 Infinity|   3.3333333333333331E-01|          9|
 1|   7.000E+02|                 Infinity|   3.5355339059327373E-01|          8|
 1|   7.500E+02|                 Infinity|   4.0824829046386307E-01|          6|
 1|   8.000E+02|                 Infinity|   4.0824829046386307E-01|          6|
 1|   8.500E+02|                 Infinity|   3.1622776601683794E-01|         10|
 1|   9.000E+02|                 Infinity|   5.7735026918962584E-01|          3|
 1|   9.500E+02|                 Infinity|   5.7735026918962584E-01|          3|
 1|   1.000E+03|                 Infinity|   1.0000000000000000E+00|          1|
 1|   1.050E+03|                 Infinity|   1.0000000000000000E+00|          1|
 1|   1.100E+03|                 Infinity|   7.0710678118654746E-01|          2|
 1|   1.150E+03|                      NaN|   0.0000000000000000E+00|          0|
 1|   1.200E+03|                 Infinity|   1.0000000000000000E+00|          1|
 1|   1.250E+03|                 Infinity|   7.0710678118654746E-01|          2|
 1|   1.300E+03|                      NaN|   0.0000000000000000E+00|          0|
 1|   1.350E+03|                 Infinity|   7.0710678118654746E-01|          2|
 1|   1.400E+03|                 Infinity|   1.0000000000000000E+00|          1|
 1|   1.450E+03|                      NaN|   0.0000000000000000E+00|          0|
 1|   1.500E+03|                 Infinity|   1.0000000000000000E+00|          1|
 1|   1.550E+03|                      NaN|   0.0000000000000000E+00|          0|
 1|   1.600E+03|                      NaN|   0.0000000000000000E+00|          0|
 1|   1.650E+03|                      NaN|   0.0000000000000000E+00|          0|
 1|   1.700E+03|                      NaN|   0.0000000000000000E+00|          0|
 1|   1.750E+03|                      NaN|   0.0000000000000000E+00|          0|
 1|   1.800E+03|                      NaN|   0.0000000000000000E+00|          0|
 1|   1.850E+03|                      NaN|   0.0000000000000000E+00|          0|
 1|   1.900E+03|                      NaN|   0.0000000000000000E+00|          0|
 1|   1.950E+03|                      NaN|   0.0000000000000000E+00|          0|
 1|   2.000E+03|                      NaN|   0.0000000000000000E+00|          0|
 1|   2.050E+03|                      NaN|   0.0000000000000000E+00|          0|
 1|   2.100E+03|                      NaN|   0.0000000000000000E+00|          0|
 1|   2.150E+03|                 Infinity|   1.0000000000000000E+00|          1|
 1|   2.200E+03|                      NaN|   0.0000000000000000E+00|          0|
 1|   2.250E+03|                      NaN|   0.0000000000000000E+00|          0|
 1|   2.300E+03|                      NaN|   0.0000000000000000E+00|          0|
 1|   2.350E+03|                 Infinity|   1.0000000000000000E+00|          1|
 1|   2.400E+03|                      NaN|   0.0000000000000000E+00|          0|
 1|   2.450E+03|                      NaN|   0.0000000000000000E+00|          0|
 1|   2.500E+03|                      NaN|   0.0000000000000000E+00|          0|
 1|   2.550E+03|                      NaN|   0.0000000000000000E+00|          0|
 1|   2.600E+03|                      NaN|   0.0000000000000000E+00|          0|
 1|   2.650E+03|                      NaN|   0.0000000000000000E+00|          0|
 1|   2.700E+03|                      NaN|   0.0000000000000000E+00|          0|
 1|   2.750E+03|                      NaN|   0.0000000000000000E+00|          0|
 1|   2.800E+03|                      NaN|   0.0000000000000000E+00|          0|
 1|   2.850E+03|                      NaN|   0.0000000000000000E+00|          0|
 1|   2.900E+03|                      NaN|   0.0000000000000000E+00|          0|
 1|   2.950E+03|                      NaN|   0.0000000000000000E+00|          0|
 1|   3.000E+03|                      NaN|   0.0000000000000000E+00|          0|
 1|   3.050E+03|                      NaN|   0.0000000000000000E+00|          0|
 1|   3.100E+03|                      NaN|   0.0000000000000000E+00|          0|
 1|   3.150E+03|                      NaN|   0.0000000000000000E+00|          0|
 1|   3.200E+03|                      NaN|   0.0000000000000000E+00|          0|
 1|   3.250E+03|                      NaN|   0.0000000000000000E+00|          0|
 1|   3.300E+03|                      NaN|   0.0000000000000000E+00|          0|
 1|   3.350E+03|                      NaN|   0.0000000000000000E+00|          0|
 1|   3.400E+03|                      NaN|   0.0000000000000000E+00|          0|
 1|   3.450E+03|                      NaN|   0.0000000000000000E+00|          0|
 1|   3.500E+03|                      NaN|   0.0000000000000000E+00|          0|
 1|   3.550E+03|                      NaN|   0.0000000000000000E+00|          0|
 1|   3.600E+03|                      NaN|   0.0000000000000000E+00|          0|
 1|   3.650E+03|                      NaN|   0.0000000000000000E+00|          0|
 1|   3.700E+03|                      NaN|   0.0000000000000000E+00|          0|
 1|   3.750E+03|                      NaN|   0.0000000000000000E+00|          0|
 1|   3.800E+03|                      NaN|   0.0000000000000000E+00|          0|
 1|   3.850E+03|                      NaN|   0.0000000000000000E+00|          0|
 1|   3.900E+03|                      NaN|   0.0000000000000000E+00|          0|
 1|   3.950E+03|                      NaN|   0.0000000000000000E+00|          0|
 1|   4.000E+03|                      NaN|   0.0000000000000000E+00|          0|
 1|   4.050E+03|                      NaN|   0.0000000000000000E+00|          0|
 1|   4.100E+03|                      NaN|   0.0000000000000000E+00|          0|
 1|   4.150E+03|                      NaN|   0.0000000000000000E+00|          0|
 1|   4.200E+03|                      NaN|   0.0000000000000000E+00|          0|
 1|   4.250E+03|                      NaN|   0.0000000000000000E+00|          0|
 1|   4.300E+03|                      NaN|   0.0000000000000000E+00|          0|
 1|   4.350E+03|                      NaN|   0.0000000000000000E+00|          0|
 1|   4.400E+03|                      NaN|   0.0000000000000000E+00|          0|
 1|   4.450E+03|                      NaN|   0.0000000000000000E+00|          0|
 1|   4.500E+03|                      NaN|   0.0000000000000000E+00|          0|
 1|   4.550E+03|                      NaN|   0.0000000000000000E+00|          0|
 1|   4.600E+03|                      NaN|   0.0000000000000000E+00|          0|
 1|   4.650E+03|                      NaN|   0.0000000000000000E+00|          0|
 1|   4.700E+03|                      NaN|   0.0000000000000000E+00|          0|
 1|   4.750E+03|                      NaN|   0.0000000000000000E+00|          0|
 1|   4.800E+03|                      NaN|   0.0000000000000000E+00|          0|
 1|   4.850E+03|                      NaN|   0.0000000000000000E+00|          0|
 1|   4.900E+03|                      NaN|   0.0000000000000000E+00|          0|
 1|   4.950E+03|                      NaN|   0.0000000000000000E+00|          0|
# integrated result:   2.4852539034520807E-04
#
# Histogram 2: m_jj                                              
 2|   0.000E+00|                      NaN|   0.0000000000000000E+00|          0|
 2|   2.000E+00|                      NaN|   0.0000000000000000E+00|          0|
 2|   4.000E+00|                      NaN|   0.0000000000000000E+00|          0|
 2|   6.000E+00|                      NaN|   0.0000000000000000E+00|          0|
 2|   8.000E+00|                      NaN|   0.0000000000000000E+00|          0|
 2|   1.000E+01|                      NaN|   0.0000000000000000E+00|          0|
 2|   1.200E+01|                      NaN|   0.0000000000000000E+00|          0|
 2|   1.400E+01|                      NaN|   0.0000000000000000E+00|          0|
 2|   1.600E+01|                      NaN|   0.0000000000000000E+00|          0|
 2|   1.800E+01|                      NaN|   0.0000000000000000E+00|          0|
 2|   2.000E+01|                      NaN|   0.0000000000000000E+00|          0|
 2|   2.200E+01|                      NaN|   0.0000000000000000E+00|          0|
 2|   2.400E+01|                      NaN|   0.0000000000000000E+00|          0|
 2|   2.600E+01|                      NaN|   0.0000000000000000E+00|          0|
 2|   2.800E+01|                      NaN|   0.0000000000000000E+00|          0|
 2|   3.000E+01|                      NaN|   0.0000000000000000E+00|          0|
 2|   3.200E+01|                      NaN|   0.0000000000000000E+00|          0|
 2|   3.400E+01|                      NaN|   0.0000000000000000E+00|          0|
 2|   3.600E+01|                      NaN|   0.0000000000000000E+00|          0|
 2|   3.800E+01|                      NaN|   0.0000000000000000E+00|          0|
 2|   4.000E+01|                      NaN|   0.0000000000000000E+00|          0|
 2|   4.200E+01|                      NaN|   0.0000000000000000E+00|          0|
 2|   4.400E+01|                      NaN|   0.0000000000000000E+00|          0|
 2|   4.600E+01|                      NaN|   0.0000000000000000E+00|          0|
 2|   4.800E+01|                      NaN|   0.0000000000000000E+00|          0|
 2|   5.000E+01|                      NaN|   0.0000000000000000E+00|          0|
 2|   5.200E+01|                      NaN|   0.0000000000000000E+00|          0|
 2|   5.400E+01|                      NaN|   0.0000000000000000E+00|          0|
 2|   5.600E+01|                      NaN|   0.0000000000000000E+00|          0|
 2|   5.800E+01|                      NaN|   0.0000000000000000E+00|          0|
 2|   6.000E+01|                      NaN|   0.0000000000000000E+00|          0|
 2|   6.200E+01|                      NaN|   0.0000000000000000E+00|          0|
 2|   6.400E+01|                      NaN|   0.0000000000000000E+00|          0|
 2|   6.600E+01|                      NaN|   0.0000000000000000E+00|          0|
 2|   6.800E+01|                      NaN|   0.0000000000000000E+00|          0|
 2|   7.000E+01|                 Infinity|   2.5532146059408262E-02|       1534|
 2|   7.200E+01|                 Infinity|   2.5416428388767447E-02|       1548|
 2|   7.400E+01|                 Infinity|   2.5391835805951279E-02|       1551|
 2|   7.600E+01|                 Infinity|   2.0273509996117586E-02|       2433|
 2|   7.800E+01|                 Infinity|   1.9600308903302492E-02|       2603|
 2|   8.000E+01|                 Infinity|   1.8160817807303699E-02|       3032|
 2|   8.200E+01|                 Infinity|   1.7891406674112830E-02|       3124|
 2|   8.400E+01|                 Infinity|   2.1868700842034770E-02|       2091|
 2|   8.600E+01|                 Infinity|   1.3847546864721619E-02|       5215|
 2|   8.800E+01|                 Infinity|   1.4274066738497959E-02|       4908|
 2|   9.000E+01|                 Infinity|   1.0523983863040667E-02|       9029|
 2|   9.200E+01|                 Infinity|   1.8343220956176326E-02|       2972|
 2|   9.400E+01|                 Infinity|   1.7677669529663688E-02|       3200|
 2|   9.600E+01|                 Infinity|   2.0632815353005762E-02|       2349|
 2|   9.800E+01|                 Infinity|   3.2686022523030669E-02|        936|
 2|   1.000E+02|                 Infinity|   3.2969023669789349E-02|        920|
 2|   1.020E+02|                 Infinity|   2.8049635672660719E-02|       1271|
 2|   1.040E+02|                 Infinity|   3.0845984923781787E-02|       1051|
 2|   1.060E+02|                 Infinity|   3.9968038348871575E-02|        626|
 2|   1.080E+02|                 Infinity|   4.2953677958755772E-02|        542|
 2|   1.100E+02|                 Infinity|   4.3478260869565216E-02|        529|
 2|   1.120E+02|                 Infinity|   4.6473941234017310E-02|        463|
 2|   1.140E+02|                 Infinity|   4.5548751867427691E-02|        482|
 2|   1.160E+02|                 Infinity|   4.6274481338274755E-02|        467|
 2|   1.180E+02|                 Infinity|   4.5314325442944378E-02|        487|
 2|   1.200E+02|                 Infinity|   4.6880723093849538E-02|        455|
 2|   1.220E+02|                 Infinity|   4.8564293117863207E-02|        424|
 2|   1.240E+02|                 Infinity|   4.7404546313997722E-02|        445|
 2|   1.260E+02|                 Infinity|   5.1231551957855996E-02|        381|
 2|   1.280E+02|                 Infinity|   5.1298917604257706E-02|        380|
 2|   1.300E+02|                 Infinity|   5.2128603514268693E-02|        368|
 2|   1.320E+02|                 Infinity|   5.2342392259021375E-02|        365|
 2|   1.340E+02|                 Infinity|   5.6613851707229781E-02|        312|
 2|   1.360E+02|                 Infinity|   5.5131784641997125E-02|        329|
 2|   1.380E+02|                 Infinity|   5.3224629541234948E-02|        353|
 2|   1.400E+02|                 Infinity|   5.5555555555555552E-02|        324|
 2|   1.420E+02|                 Infinity|   5.8925565098878967E-02|        288|
 2|   1.440E+02|                 Infinity|   5.5901699437494741E-02|        320|
 2|   1.460E+02|                 Infinity|   5.7735026918962568E-02|        300|
 2|   1.480E+02|                 Infinity|   5.9131239598908258E-02|        286|
 2|   1.500E+02|                 Infinity|   5.9339082909692663E-02|        284|
 2|   1.520E+02|                 Infinity|   5.9868434008924963E-02|        279|
 2|   1.540E+02|                 Infinity|   6.1662641597820735E-02|        263|
 2|   1.560E+02|                 Infinity|   6.5094455490411943E-02|        236|
 2|   1.580E+02|                 Infinity|   6.3119440309780311E-02|        251|
 2|   1.600E+02|                 Infinity|   6.1780206321521543E-02|        262|
 2|   1.620E+02|                 Infinity|   6.6964953018242512E-02|        223|
 2|   1.640E+02|                 Infinity|   6.9337524528153643E-02|        208|
 2|   1.660E+02|                 Infinity|   6.5653216429861272E-02|        232|
 2|   1.680E+02|                 Infinity|   6.6666666666666666E-02|        225|
 2|   1.700E+02|                 Infinity|   7.1066905451870152E-02|        198|
 2|   1.720E+02|                 Infinity|   7.1611487403943297E-02|        195|
 2|   1.740E+02|                 Infinity|   6.9006555934235422E-02|        210|
 2|   1.760E+02|                 Infinity|   7.0186240634359645E-02|        203|
 2|   1.780E+02|                 Infinity|   7.5809804357890337E-02|        174|
 2|   1.800E+02|                 Infinity|   7.3720978077448568E-02|        184|
 2|   1.820E+02|                 Infinity|   7.3720978077448568E-02|        184|
 2|   1.840E+02|                 Infinity|   7.7849894416152296E-02|        165|
 2|   1.860E+02|                 Infinity|   8.4515425472851652E-02|        140|
 2|   1.880E+02|                 Infinity|   7.9808688446762213E-02|        157|
 2|   1.900E+02|                 Infinity|   7.8567420131838608E-02|        162|
 2|   1.920E+02|                 Infinity|   8.1923192051904056E-02|        149|
 2|   1.940E+02|                 Infinity|   8.9087080637474794E-02|        126|
 2|   1.960E+02|                 Infinity|   8.8045090632562384E-02|        129|
 2|   1.980E+02|                 Infinity|   8.3624201000709081E-02|        143|
# integrated result:   2.4852539034520867E-04
#
# Histogram 3: pT(H)                                             
 3|   0.000E+00|                 Infinity|   1.4838036499774766E-02|       4542|
 3|   1.000E+01|                 Infinity|   1.2666348604572880E-02|       6233|
 3|   2.000E+01|                 Infinity|   1.2525468249897755E-02|       6374|
 3|   3.000E+01|                 Infinity|   1.3100186875498679E-02|       5827|
 3|   4.000E+01|                 Infinity|   1.3733465419387046E-02|       5302|
 3|   5.000E+01|                 Infinity|   1.4111125222243389E-02|       5022|
 3|   6.000E+01|                 Infinity|   1.4503419584298023E-02|       4754|
 3|   7.000E+01|                 Infinity|   1.5534244150030001E-02|       4144|
 3|   8.000E+01|                 Infinity|   1.6241386735808119E-02|       3791|
 3|   9.000E+01|                 Infinity|   1.7450120318994400E-02|       3284|
 3|   1.000E+02|                 Infinity|   1.8814417367671945E-02|       2825|
 3|   1.100E+02|                 Infinity|   1.9422053054479065E-02|       2651|
 3|   1.200E+02|                 Infinity|   2.1119430154775586E-02|       2242|
 3|   1.300E+02|                 Infinity|   2.3249527748763855E-02|       1850|
 3|   1.400E+02|                 Infinity|   2.5383654128340479E-02|       1552|
 3|   1.500E+02|                 Infinity|   2.6919095102908276E-02|       1380|
 3|   1.600E+02|                 Infinity|   2.9630442547297988E-02|       1139|
 3|   1.700E+02|                 Infinity|   3.3520076157699544E-02|        890|
 3|   1.800E+02|                 Infinity|   3.6810508691615514E-02|        738|
 3|   1.900E+02|                 Infinity|   4.0422604172722164E-02|        612|
 3|   2.000E+02|                 Infinity|   4.3979949713354248E-02|        517|
 3|   2.100E+02|                 Infinity|   4.7351372381037843E-02|        446|
 3|   2.200E+02|                 Infinity|   5.6523341894422152E-02|        313|
 3|   2.300E+02|                 Infinity|   6.1199006136210460E-02|        267|
 3|   2.400E+02|                 Infinity|   6.8680281974344518E-02|        212|
 3|   2.500E+02|                 Infinity|   7.8326044998795738E-02|        163|
 3|   2.600E+02|                 Infinity|   7.5809804357890337E-02|        174|
 3|   2.700E+02|                 Infinity|   9.6673648904566353E-02|        107|
 3|   2.800E+02|                 Infinity|   9.3658581158169399E-02|        114|
 3|   2.900E+02|                 Infinity|   9.9014754297667443E-02|        102|
 3|   3.000E+02|                 Infinity|   1.1470786693528087E-01|         76|
 3|   3.100E+02|                 Infinity|   1.2803687993289598E-01|         61|
 3|   3.200E+02|                 Infinity|   1.2500000000000000E-01|         64|
 3|   3.300E+02|                 Infinity|   1.3245323570650439E-01|         57|
 3|   3.400E+02|                 Infinity|   1.4586499149789456E-01|         47|
 3|   3.500E+02|                 Infinity|   1.5249857033260467E-01|         43|
 3|   3.600E+02|                 Infinity|   1.5075567228888181E-01|         44|
 3|   3.700E+02|                 Infinity|   1.9611613513818404E-01|         26|
 3|   3.800E+02|                 Infinity|   2.3570226039551587E-01|         18|
 3|   3.900E+02|                 Infinity|   1.8569533817705186E-01|         29|
 3|   4.000E+02|                 Infinity|   2.7735009811261457E-01|         13|
 3|   4.100E+02|                 Infinity|   3.5355339059327373E-01|          8|
 3|   4.200E+02|                 Infinity|   2.2941573387056174E-01|         19|
 3|   4.300E+02|                 Infinity|   2.1821789023599239E-01|         21|
 3|   4.400E+02|                 Infinity|   2.8867513459481292E-01|         12|
 3|   4.500E+02|                 Infinity|   3.1622776601683794E-01|         10|
 3|   4.600E+02|                 Infinity|   4.4721359549995793E-01|          5|
 3|   4.700E+02|                 Infinity|   3.7796447300922720E-01|          7|
 3|   4.800E+02|                 Infinity|   3.7796447300922720E-01|          7|
 3|   4.900E+02|                 Infinity|   7.0710678118654746E-01|          2|
# integrated result:   2.4852539034520856E-04
#
# Histogram 4: pT(j1)                                            
 4|   0.000E+00|                      NaN|   0.0000000000000000E+00|          0|
 4|   1.000E+01|                 Infinity|   3.1434730673096573E-02|       1012|
 4|   2.000E+01|                 Infinity|   1.9948201925179914E-02|       2513|
 4|   3.000E+01|                 Infinity|   1.3263952726932276E-02|       5684|
 4|   4.000E+01|                 Infinity|   1.0483424395373983E-02|       9099|
 4|   5.000E+01|                 Infinity|   1.0721125348377948E-02|       8700|
 4|   6.000E+01|                 Infinity|   1.1487425279926293E-02|       7578|
 4|   7.000E+01|                 Infinity|   1.2504885675386870E-02|       6395|
 4|   8.000E+01|                 Infinity|   1.3846219390542782E-02|       5216|
 4|   9.000E+01|                 Infinity|   1.5092727811824554E-02|       4390|
 4|   1.000E+02|                 Infinity|   1.7094641498783945E-02|       3422|
 4|   1.100E+02|                 Infinity|   1.8374159114365671E-02|       2962|
 4|   1.200E+02|                 Infinity|   2.0476503894465040E-02|       2385|
 4|   1.300E+02|                 Infinity|   2.3395413544786550E-02|       1827|
 4|   1.400E+02|                 Infinity|   2.6379807127383248E-02|       1437|
 4|   1.500E+02|                 Infinity|   2.9386354969211666E-02|       1158|
 4|   1.600E+02|                 Infinity|   3.3241124765726680E-02|        905|
 4|   1.700E+02|                 Infinity|   3.8124642583151166E-02|        688|
 4|   1.800E+02|                 Infinity|   4.2033135170919861E-02|        566|
 4|   1.900E+02|                 Infinity|   4.8224282217041212E-02|        430|
 4|   2.000E+02|                 Infinity|   5.4964970992931267E-02|        331|
 4|   2.100E+02|                 Infinity|   6.2257280636469035E-02|        258|
 4|   2.200E+02|                 Infinity|   7.0534561585859828E-02|        201|
 4|   2.300E+02|                 Infinity|   8.2478609884232251E-02|        147|
 4|   2.400E+02|                 Infinity|   8.6066296582387042E-02|        135|
 4|   2.500E+02|                 Infinity|   9.1287092917527679E-02|        120|
 4|   2.600E+02|                 Infinity|   1.0482848367219183E-01|         91|
 4|   2.700E+02|                 Infinity|   1.1867816581938533E-01|         71|
 4|   2.800E+02|                 Infinity|   1.2403473458920847E-01|         65|
 4|   2.900E+02|                 Infinity|   1.2500000000000000E-01|         64|
 4|   3.000E+02|                 Infinity|   1.3736056394868904E-01|         53|
 4|   3.100E+02|                 Infinity|   1.8569533817705186E-01|         29|
 4|   3.200E+02|                 Infinity|   1.6903085094570330E-01|         35|
 4|   3.300E+02|                 Infinity|   1.8898223650461360E-01|         28|
 4|   3.400E+02|                 Infinity|   1.8898223650461360E-01|         28|
 4|   3.500E+02|                 Infinity|   2.0000000000000001E-01|         25|
 4|   3.600E+02|                 Infinity|   2.0000000000000001E-01|         25|
 4|   3.700E+02|                 Infinity|   3.3333333333333331E-01|          9|
 4|   3.800E+02|                 Infinity|   2.6726124191242440E-01|         14|
 4|   3.900E+02|                 Infinity|   4.0824829046386307E-01|          6|
 4|   4.000E+02|                 Infinity|   4.4721359549995793E-01|          5|
 4|   4.100E+02|                 Infinity|   3.7796447300922720E-01|          7|
 4|   4.200E+02|                 Infinity|   4.0824829046386307E-01|          6|
 4|   4.300E+02|                 Infinity|   7.0710678118654746E-01|          2|
 4|   4.400E+02|                 Infinity|   3.7796447300922720E-01|          7|
 4|   4.500E+02|                 Infinity|   3.3333333333333331E-01|          9|
 4|   4.600E+02|                 Infinity|   4.0824829046386307E-01|          6|
 4|   4.700E+02|                 Infinity|   4.4721359549995793E-01|          5|
 4|   4.800E+02|                 Infinity|   7.0710678118654746E-01|          2|
 4|   4.900E+02|                 Infinity|   4.0824829046386307E-01|          6|
# integrated result:   2.4852539034520834E-04
#
# Histogram 5: dy(j1,j2)                                         
 5|  -5.000E+00|                 Infinity|   4.0824829046386307E-01|          6|
 5|  -4.800E+00|                 Infinity|   3.1622776601683794E-01|         10|
 5|  -4.600E+00|                 Infinity|   1.8569533817705186E-01|         29|
 5|  -4.400E+00|                 Infinity|   1.4142135623730950E-01|         50|
 5|  -4.200E+00|                 Infinity|   8.4818892967997092E-02|        139|
 5|  -4.000E+00|                 Infinity|   5.5901699437494741E-02|        320|
 5|  -3.800E+00|                 Infinity|   4.7565149415449405E-02|        442|
 5|  -3.600E+00|                 Infinity|   4.6225016352102424E-02|        468|
 5|  -3.400E+00|                 Infinity|   3.7986858819879316E-02|        693|
 5|  -3.200E+00|                 Infinity|   3.3652679406803228E-02|        883|
 5|  -3.000E+00|                 Infinity|   3.2427221756276076E-02|        951|
 5|  -2.800E+00|                 Infinity|   2.7777777777777776E-02|       1296|
 5|  -2.600E+00|                 Infinity|   2.4477768982403232E-02|       1669|
 5|  -2.400E+00|                 Infinity|   2.4822226837318159E-02|       1623|
 5|  -2.200E+00|                 Infinity|   2.4655683636076897E-02|       1645|
 5|  -2.000E+00|                 Infinity|   2.2947613027383809E-02|       1899|
 5|  -1.800E+00|                 Infinity|   2.0974918506045256E-02|       2273|
 5|  -1.600E+00|                 Infinity|   1.8898223650461361E-02|       2800|
 5|  -1.400E+00|                 Infinity|   1.7848607617497850E-02|       3139|
 5|  -1.200E+00|                 Infinity|   1.6538530041390560E-02|       3656|
 5|  -1.000E+00|                 Infinity|   1.4887283354385342E-02|       4512|
 5|  -8.000E-01|                 Infinity|   1.5326682995723429E-02|       4257|
 5|  -6.000E-01|                 Infinity|   1.5833173902871023E-02|       3989|
 5|  -4.000E-01|                 Infinity|   1.4555562743489550E-02|       4720|
 5|  -2.000E-01|                 Infinity|   1.3964519336948639E-02|       5128|
 5|   0.000E+00|                 Infinity|   1.7535765595797361E-02|       3252|
 5|   2.000E-01|                 Infinity|   2.1368692158534409E-02|       2190|
 5|   4.000E-01|                 Infinity|   2.0654809619300690E-02|       2344|
 5|   6.000E-01|                 Infinity|   1.8095287334182187E-02|       3054|
 5|   8.000E-01|                 Infinity|   2.1219039474017432E-02|       2221|
 5|   1.000E+00|                 Infinity|   2.0523888315214546E-02|       2374|
 5|   1.200E+00|                 Infinity|   2.1770017209205406E-02|       2110|
 5|   1.400E+00|                 Infinity|   2.5565499628245683E-02|       1530|
 5|   1.600E+00|                 Infinity|   3.1250000000000000E-02|       1024|
 5|   1.800E+00|                 Infinity|   3.7164707312358318E-02|        724|
 5|   2.000E+00|                 Infinity|   5.0315460542662761E-02|        395|
 5|   2.200E+00|                 Infinity|   7.2357460529242162E-02|        191|
 5|   2.400E+00|                 Infinity|   1.1322770341445956E-01|         78|
 5|   2.600E+00|                 Infinity|   1.6439898730535729E-01|         37|
 5|   2.800E+00|                 Infinity|   1.7960530202677491E-01|         31|
 5|   3.000E+00|                 Infinity|   2.3570226039551587E-01|         18|
 5|   3.200E+00|                 Infinity|   4.0824829046386307E-01|          6|
 5|   3.400E+00|                 Infinity|   4.4721359549995793E-01|          5|
 5|   3.600E+00|                 Infinity|   4.4721359549995793E-01|          5|
 5|   3.800E+00|                 Infinity|   5.7735026918962584E-01|          3|
 5|   4.000E+00|                 Infinity|   7.0710678118654746E-01|          2|
 5|   4.200E+00|                 Infinity|   1.0000000000000000E+00|          1|
 5|   4.400E+00|                      NaN|   0.0000000000000000E+00|          0|
 5|   4.600E+00|                      NaN|   0.0000000000000000E+00|          0|
 5|   4.800E+00|                      NaN|   0.0000000000000000E+00|          0|
# integrated result:   2.4852539034520845E-04
#
# Histogram 6: mz1                                               
 6|   0.000E+00|                      NaN|   0.0000000000000000E+00|          0|
 6|   2.000E+00|                      NaN|   0.0000000000000000E+00|          0|
 6|   4.000E+00|                 Infinity|   2.4084152542954401E-02|       1724|
 6|   6.000E+00|                 Infinity|   1.8817748237374535E-02|       2824|
 6|   8.000E+00|                 Infinity|   1.7589938618257295E-02|       3232|
 6|   1.000E+01|                 Infinity|   2.0302737602678898E-02|       2426|
 6|   1.200E+01|                 Infinity|   3.6588086663230115E-02|        747|
 6|   1.400E+01|                 Infinity|   3.1750031750047626E-02|        992|
 6|   1.600E+01|                 Infinity|   1.8242223059788013E-02|       3005|
 6|   1.800E+01|                 Infinity|   3.1008683647302117E-02|       1040|
 6|   2.000E+01|                 Infinity|   5.8520573598065284E-02|        292|
 6|   2.200E+01|                 Infinity|   5.4554472558998097E-02|        336|
 6|   2.400E+01|                 Infinity|   5.1434449987363969E-02|        378|
 6|   2.600E+01|                 Infinity|   4.9813548138671788E-02|        403|
 6|   2.800E+01|                 Infinity|   4.4766148103584522E-02|        499|
 6|   3.000E+01|                 Infinity|   4.4856130401625657E-02|        497|
 6|   3.200E+01|                 Infinity|   4.7351372381037843E-02|        446|
 6|   3.400E+01|                 Infinity|   3.9621442587516369E-02|        637|
 6|   3.600E+01|                 Infinity|   5.0315460542662761E-02|        395|
 6|   3.800E+01|                 Infinity|   3.9715073539476883E-02|        634|
 6|   4.000E+01|                 Infinity|   6.0412209333017698E-02|        274|
 6|   4.200E+01|                 Infinity|   5.3074489243427524E-02|        355|
 6|   4.400E+01|                 Infinity|   5.4473471070284329E-02|        337|
 6|   4.600E+01|                 Infinity|   6.1084722178152612E-02|        268|
 6|   4.800E+01|                 Infinity|   7.1795815861773818E-02|        194|
 6|   5.000E+01|                 Infinity|   6.8358592702466331E-02|        214|
 6|   5.200E+01|                 Infinity|   5.8722021951470346E-02|        290|
 6|   5.400E+01|                 Infinity|   6.2622429108514954E-02|        255|
 6|   5.600E+01|                 Infinity|   7.2547625011001163E-02|        190|
 6|   5.800E+01|                 Infinity|   7.0710678118654752E-02|        200|
 6|   6.000E+01|                 Infinity|   6.3119440309780311E-02|        251|
 6|   6.200E+01|                 Infinity|   7.2739296745330792E-02|        189|
 6|   6.400E+01|                 Infinity|   6.5938047339578698E-02|        230|
 6|   6.600E+01|                 Infinity|   5.9234887775909233E-02|        285|
 6|   6.800E+01|                 Infinity|   8.1923192051904056E-02|        149|
 6|   7.000E+01|                 Infinity|   7.7615052570633281E-02|        166|
 6|   7.200E+01|                 Infinity|   4.9507377148833721E-02|        408|
 6|   7.400E+01|                 Infinity|   2.1832187779978623E-02|       2098|
 6|   7.600E+01|                 Infinity|   2.1461994946516343E-02|       2171|
 6|   7.800E+01|                 Infinity|   3.9683789506627251E-02|        635|
 6|   8.000E+01|                 Infinity|   2.9539809563369560E-02|       1146|
 6|   8.200E+01|                 Infinity|   3.1481427501027934E-02|       1009|
 6|   8.400E+01|                 Infinity|   3.1766046899489794E-02|        991|
 6|   8.600E+01|                 Infinity|   3.4921514788478908E-02|        820|
 6|   8.800E+01|                 Infinity|   1.6764747939299315E-02|       3558|
 6|   9.000E+01|                 Infinity|   8.8697247062002674E-03|      12711|
 6|   9.200E+01|                 Infinity|   9.8676736593248174E-03|      10270|
 6|   9.400E+01|                 Infinity|   2.2513159974164022E-02|       1973|
 6|   9.600E+01|                 Infinity|   4.1739193556484110E-02|        574|
 6|   9.800E+01|                 Infinity|   4.2182454060959780E-02|        562|
 6|   1.000E+02|                 Infinity|   5.4392829322042119E-02|        338|
 6|   1.020E+02|                 Infinity|   4.9751859510499458E-02|        404|
 6|   1.040E+02|                 Infinity|   4.4543540318737397E-02|        504|
 6|   1.060E+02|                 Infinity|   5.0507627227610534E-02|        392|
 6|   1.080E+02|                 Infinity|   5.4882129994845173E-02|        332|
 6|   1.100E+02|                 Infinity|   6.0302268915552716E-02|        275|
 6|   1.120E+02|                 Infinity|   7.8567420131838608E-02|        162|
 6|   1.140E+02|                 Infinity|   9.3250480824031381E-02|        115|
 6|   1.160E+02|                 Infinity|   9.7590007294853329E-02|        105|
 6|   1.180E+02|                 Infinity|   1.0660035817780521E-01|         88|
 6|   1.200E+02|                 Infinity|   1.0259783520851541E-01|         95|
 6|   1.220E+02|                 Infinity|   1.0976425998969035E-01|         83|
 6|   1.240E+02|                 Infinity|   1.1624763874381928E-01|         74|
 6|   1.260E+02|                 Infinity|   1.3483997249264842E-01|         55|
 6|   1.280E+02|                 Infinity|   1.4744195615489714E-01|         46|
 6|   1.300E+02|                 Infinity|   1.7677669529663687E-01|         32|
 6|   1.320E+02|                 Infinity|   1.5617376188860607E-01|         41|
 6|   1.340E+02|                 Infinity|   1.5811388300841897E-01|         40|
 6|   1.360E+02|                 Infinity|   1.5075567228888181E-01|         44|
 6|   1.380E+02|                 Infinity|   1.5249857033260467E-01|         43|
 6|   1.400E+02|                 Infinity|   1.6012815380508713E-01|         39|
 6|   1.420E+02|                 Infinity|   1.3608276348795434E-01|         54|
 6|   1.440E+02|                 Infinity|   1.4907119849998599E-01|         45|
 6|   1.460E+02|                 Infinity|   1.3245323570650439E-01|         57|
 6|   1.480E+02|                 Infinity|   1.5811388300841897E-01|         40|
 6|   1.500E+02|                 Infinity|   1.5811388300841897E-01|         40|
 6|   1.520E+02|                 Infinity|   1.6012815380508713E-01|         39|
 6|   1.540E+02|                 Infinity|   1.7149858514250882E-01|         34|
 6|   1.560E+02|                 Infinity|   1.5811388300841897E-01|         40|
 6|   1.580E+02|                 Infinity|   1.7149858514250882E-01|         34|
 6|   1.600E+02|                 Infinity|   1.6666666666666666E-01|         36|
 6|   1.620E+02|                 Infinity|   1.5430334996209191E-01|         42|
 6|   1.640E+02|                 Infinity|   1.7149858514250882E-01|         34|
 6|   1.660E+02|                 Infinity|   1.5811388300841897E-01|         40|
 6|   1.680E+02|                 Infinity|   1.4285714285714285E-01|         49|
 6|   1.700E+02|                 Infinity|   1.7149858514250882E-01|         34|
 6|   1.720E+02|                 Infinity|   1.6012815380508713E-01|         39|
 6|   1.740E+02|                 Infinity|   2.0000000000000001E-01|         25|
 6|   1.760E+02|                 Infinity|   1.7677669529663687E-01|         32|
 6|   1.780E+02|                 Infinity|   1.5811388300841897E-01|         40|
 6|   1.800E+02|                 Infinity|   1.7149858514250882E-01|         34|
 6|   1.820E+02|                 Infinity|   1.6012815380508713E-01|         39|
 6|   1.840E+02|                 Infinity|   1.8569533817705186E-01|         29|
 6|   1.860E+02|                 Infinity|   1.7677669529663687E-01|         32|
 6|   1.880E+02|                 Infinity|   1.7677669529663687E-01|         32|
 6|   1.900E+02|                 Infinity|   2.2360679774997896E-01|         20|
 6|   1.920E+02|                 Infinity|   1.8569533817705186E-01|         29|
 6|   1.940E+02|                 Infinity|   2.1320071635561041E-01|         22|
 6|   1.960E+02|                 Infinity|   2.0412414523193154E-01|         24|
 6|   1.980E+02|                 Infinity|   2.0000000000000001E-01|         25|
# integrated result:   2.4852539034520861E-04
#
# Histogram 7: mz2                                               
 7|   0.000E+00|                      NaN|   0.0000000000000000E+00|          0|
 7|   2.000E+00|                      NaN|   0.0000000000000000E+00|          0|
 7|   4.000E+00|                 Infinity|   2.2622350158956341E-02|       1954|
 7|   6.000E+00|                 Infinity|   2.9735051672502628E-02|       1131|
 7|   8.000E+00|                 Infinity|   2.9285370632871136E-02|       1166|
 7|   1.000E+01|                 Infinity|   2.9565619799454129E-02|       1144|
 7|   1.200E+01|                 Infinity|   2.9656491293029667E-02|       1137|
 7|   1.400E+01|                 Infinity|   3.0233702757845024E-02|       1094|
 7|   1.600E+01|                 Infinity|   3.0700277992275839E-02|       1061|
 7|   1.800E+01|                 Infinity|   3.1143732993214979E-02|       1031|
 7|   2.000E+01|                 Infinity|   3.2444284226152510E-02|        950|
 7|   2.200E+01|                 Infinity|   3.3186165579998601E-02|        908|
 7|   2.400E+01|                 Infinity|   3.2174472604389340E-02|        966|
 7|   2.600E+01|                 Infinity|   3.3022909334191324E-02|        917|
 7|   2.800E+01|                 Infinity|   3.4219295541457743E-02|        854|
 7|   3.000E+01|                 Infinity|   3.5201667190438143E-02|        807|
 7|   3.200E+01|                 Infinity|   3.6131468676496206E-02|        766|
 7|   3.400E+01|                 Infinity|   3.5691530512412487E-02|        785|
 7|   3.600E+01|                 Infinity|   3.7877700953928513E-02|        697|
 7|   3.800E+01|                 Infinity|   3.8633370464312790E-02|        670|
 7|   4.000E+01|                 Infinity|   3.7635496474749071E-02|        706|
 7|   4.200E+01|                 Infinity|   3.7904902178945168E-02|        696|
 7|   4.400E+01|                 Infinity|   3.7904902178945168E-02|        696|
 7|   4.600E+01|                 Infinity|   4.0064154010750197E-02|        623|
 7|   4.800E+01|                 Infinity|   4.1134503489486357E-02|        591|
 7|   5.000E+01|                 Infinity|   4.1666666666666664E-02|        576|
 7|   5.200E+01|                 Infinity|   4.2796049251091289E-02|        546|
 7|   5.400E+01|                 Infinity|   4.3233770116711694E-02|        535|
 7|   5.600E+01|                 Infinity|   4.5037734911104493E-02|        493|
 7|   5.800E+01|                 Infinity|   4.2914107542287451E-02|        543|
 7|   6.000E+01|                 Infinity|   4.1885390829169547E-02|        570|
 7|   6.200E+01|                 Infinity|   3.7450294313656908E-02|        713|
 7|   6.400E+01|                 Infinity|   3.8662233651352955E-02|        669|
 7|   6.600E+01|                 Infinity|   4.2485928866208736E-02|        554|
 7|   6.800E+01|                 Infinity|   4.1775599314435682E-02|        573|
 7|   7.000E+01|                 Infinity|   4.0193393552907040E-02|        619|
 7|   7.200E+01|                 Infinity|   2.4746108207197491E-02|       1633|
 7|   7.400E+01|                 Infinity|   2.9501220638256383E-02|       1149|
 7|   7.600E+01|                 Infinity|   2.9800997754107491E-02|       1126|
 7|   7.800E+01|                 Infinity|   2.7472112789737803E-02|       1325|
 7|   8.000E+01|                 Infinity|   4.2756912480901278E-02|        547|
 7|   8.200E+01|                 Infinity|   4.4721359549995794E-02|        500|
 7|   8.400E+01|                 Infinity|   2.5794107751137899E-02|       1503|
 7|   8.600E+01|                 Infinity|   2.3986954644045835E-02|       1738|
 7|   8.800E+01|                 Infinity|   1.0529816587460657E-02|       9019|
 7|   9.000E+01|                 Infinity|   8.4015816626122689E-03|      14167|
 7|   9.200E+01|                 Infinity|   1.4982219165849825E-02|       4455|
 7|   9.400E+01|                 Infinity|   3.6202430712799827E-02|        763|
 7|   9.600E+01|                 Infinity|   3.8235955645093626E-02|        684|
 7|   9.800E+01|                 Infinity|   3.1234752377721213E-02|       1025|
 7|   1.000E+02|                 Infinity|   7.0014004201400484E-02|        204|
 7|   1.020E+02|                 Infinity|   1.0425720702853739E-01|         92|
 7|   1.040E+02|                 Infinity|   1.3867504905630729E-01|         52|
 7|   1.060E+02|                 Infinity|   1.5617376188860607E-01|         41|
 7|   1.080E+02|                 Infinity|   1.6666666666666666E-01|         36|
 7|   1.100E+02|                 Infinity|   1.7407765595569785E-01|         33|
 7|   1.120E+02|                 Infinity|   1.8569533817705186E-01|         29|
 7|   1.140E+02|                 Infinity|   2.0000000000000001E-01|         25|
 7|   1.160E+02|                 Infinity|   1.9611613513818404E-01|         26|
 7|   1.180E+02|                 Infinity|   2.0412414523193154E-01|         24|
 7|   1.200E+02|                 Infinity|   1.8569533817705186E-01|         29|
 7|   1.220E+02|                 Infinity|   1.8898223650461360E-01|         28|
 7|   1.240E+02|                 Infinity|   2.5819888974716110E-01|         15|
 7|   1.260E+02|                 Infinity|   2.2941573387056174E-01|         19|
 7|   1.280E+02|                 Infinity|   2.7735009811261457E-01|         13|
 7|   1.300E+02|                 Infinity|   4.0824829046386307E-01|          6|
 7|   1.320E+02|                 Infinity|   2.8867513459481292E-01|         12|
 7|   1.340E+02|                 Infinity|   2.8867513459481292E-01|         12|
 7|   1.360E+02|                 Infinity|   2.6726124191242440E-01|         14|
 7|   1.380E+02|                 Infinity|   3.3333333333333331E-01|          9|
 7|   1.400E+02|                 Infinity|   3.3333333333333331E-01|          9|
 7|   1.420E+02|                 Infinity|   2.8867513459481292E-01|         12|
 7|   1.440E+02|                 Infinity|   3.0151134457776363E-01|         11|
 7|   1.460E+02|                 Infinity|   3.7796447300922720E-01|          7|
 7|   1.480E+02|                 Infinity|   3.1622776601683794E-01|         10|
 7|   1.500E+02|                 Infinity|   3.5355339059327373E-01|          8|
 7|   1.520E+02|                 Infinity|   1.0000000000000000E+00|          1|
 7|   1.540E+02|                 Infinity|   3.3333333333333331E-01|          9|
 7|   1.560E+02|                 Infinity|   4.4721359549995793E-01|          5|
 7|   1.580E+02|                 Infinity|   5.0000000000000000E-01|          4|
 7|   1.600E+02|                 Infinity|   5.7735026918962584E-01|          3|
 7|   1.620E+02|                 Infinity|   7.0710678118654746E-01|          2|
 7|   1.640E+02|                 Infinity|   1.0000000000000000E+00|          1|
 7|   1.660E+02|                 Infinity|   4.0824829046386307E-01|          6|
 7|   1.680E+02|                 Infinity|   4.4721359549995793E-01|          5|
 7|   1.700E+02|                 Infinity|   1.0000000000000000E+00|          1|
 7|   1.720E+02|                 Infinity|   7.0710678118654746E-01|          2|
 7|   1.740E+02|                 Infinity|   5.7735026918962584E-01|          3|
 7|   1.760E+02|                 Infinity|   5.7735026918962584E-01|          3|
 7|   1.780E+02|                 Infinity|   1.0000000000000000E+00|          1|
 7|   1.800E+02|                 Infinity|   1.0000000000000000E+00|          1|
 7|   1.820E+02|                 Infinity|   1.0000000000000000E+00|          1|
 7|   1.840E+02|                 Infinity|   1.0000000000000000E+00|          1|
 7|   1.860E+02|                 Infinity|   1.0000000000000000E+00|          1|
 7|   1.880E+02|                 Infinity|   1.0000000000000000E+00|          1|
 7|   1.900E+02|                 Infinity|   7.0710678118654746E-01|          2|
 7|   1.920E+02|                 Infinity|   7.0710678118654746E-01|          2|
 7|   1.940E+02|                 Infinity|   1.0000000000000000E+00|          1|
 7|   1.960E+02|                      NaN|   0.0000000000000000E+00|          0|
 7|   1.980E+02|                      NaN|   0.0000000000000000E+00|          0|
# integrated result:   2.4852539034520850E-04
#
# Histogram 8: m_4l                                              
 8|   1.000E+02|                 Infinity|   8.0537855950865451E-03|      15417|
 8|   1.400E+02|                 Infinity|   7.9047061239032584E-03|      16004|
 8|   1.800E+02|                 Infinity|   8.9780932446981709E-03|      12406|
 8|   2.200E+02|                 Infinity|   1.0990338244404320E-02|       8279|
 8|   2.600E+02|                 Infinity|   1.3515981960609363E-02|       5474|
 8|   3.000E+02|                 Infinity|   1.7733172553297715E-02|       3180|
 8|   3.400E+02|                 Infinity|   2.4147264420814760E-02|       1715|
 8|   3.800E+02|                 Infinity|   3.1219527052723135E-02|       1026|
 8|   4.200E+02|                 Infinity|   4.1739193556484110E-02|        574|
 8|   4.600E+02|                 Infinity|   5.0702012656339383E-02|        389|
 8|   5.000E+02|                 Infinity|   6.3887656499993992E-02|        245|
 8|   5.400E+02|                 Infinity|   7.8811040623910061E-02|        161|
 8|   5.800E+02|                 Infinity|   9.2057461789832346E-02|        118|
 8|   6.200E+02|                 Infinity|   1.0846522890932808E-01|         85|
 8|   6.600E+02|                 Infinity|   1.2803687993289598E-01|         61|
 8|   7.000E+02|                 Infinity|   1.5430334996209191E-01|         42|
 8|   7.400E+02|                 Infinity|   2.0000000000000001E-01|         25|
 8|   7.800E+02|                 Infinity|   2.2360679774997896E-01|         20|
 8|   8.200E+02|                 Infinity|   2.5819888974716110E-01|         15|
 8|   8.600E+02|                 Infinity|   2.1320071635561041E-01|         22|
 8|   9.000E+02|                 Infinity|   2.8867513459481292E-01|         12|
 8|   9.400E+02|                 Infinity|   2.7735009811261457E-01|         13|
 8|   9.800E+02|                 Infinity|   4.0824829046386307E-01|          6|
 8|   1.020E+03|                 Infinity|   3.5355339059327373E-01|          8|
 8|   1.060E+03|                 Infinity|   4.4721359549995793E-01|          5|
 8|   1.100E+03|                 Infinity|   4.0824829046386307E-01|          6|
 8|   1.140E+03|                 Infinity|   4.4721359549995793E-01|          5|
 8|   1.180E+03|                 Infinity|   5.0000000000000000E-01|          4|
 8|   1.220E+03|                 Infinity|   5.7735026918962584E-01|          3|
 8|   1.260E+03|                 Infinity|   5.7735026918962584E-01|          3|
 8|   1.300E+03|                 Infinity|   5.0000000000000000E-01|          4|
 8|   1.340E+03|                 Infinity|   5.7735026918962584E-01|          3|
 8|   1.380E+03|                 Infinity|   1.0000000000000000E+00|          1|
 8|   1.420E+03|                 Infinity|   5.7735026918962584E-01|          3|
 8|   1.460E+03|                      NaN|   0.0000000000000000E+00|          0|
 8|   1.500E+03|                 Infinity|   1.0000000000000000E+00|          1|
 8|   1.540E+03|                 Infinity|   5.7735026918962584E-01|          3|
 8|   1.580E+03|                 Infinity|   5.7735026918962584E-01|          3|
 8|   1.620E+03|                 Infinity|   1.0000000000000000E+00|          1|
 8|   1.660E+03|                 Infinity|   7.0710678118654746E-01|          2|
 8|   1.700E+03|                 Infinity|   7.0710678118654746E-01|          2|
 8|   1.740E+03|                      NaN|   0.0000000000000000E+00|          0|
 8|   1.780E+03|                 Infinity|   1.0000000000000000E+00|          1|
 8|   1.820E+03|                 Infinity|   1.0000000000000000E+00|          1|
 8|   1.860E+03|                 Infinity|   7.0710678118654746E-01|          2|
 8|   1.900E+03|                      NaN|   0.0000000000000000E+00|          0|
 8|   1.940E+03|                 Infinity|   1.0000000000000000E+00|          1|
 8|   1.980E+03|                 Infinity|   7.0710678118654746E-01|          2|
 8|   2.020E+03|                      NaN|   0.0000000000000000E+00|          0|
 8|   2.060E+03|                      NaN|   0.0000000000000000E+00|          0|
 8|   2.100E+03|                      NaN|   0.0000000000000000E+00|          0|
 8|   2.140E+03|                 Infinity|   1.0000000000000000E+00|          1|
 8|   2.180E+03|                 Infinity|   7.0710678118654746E-01|          2|
 8|   2.220E+03|                 Infinity|   1.0000000000000000E+00|          1|
 8|   2.260E+03|                      NaN|   0.0000000000000000E+00|          0|
 8|   2.300E+03|                      NaN|   0.0000000000000000E+00|          0|
 8|   2.340E+03|                      NaN|   0.0000000000000000E+00|          0|
 8|   2.380E+03|                      NaN|   0.0000000000000000E+00|          0|
 8|   2.420E+03|                      NaN|   0.0000000000000000E+00|          0|
 8|   2.460E+03|                      NaN|   0.0000000000000000E+00|          0|
 8|   2.500E+03|                      NaN|   0.0000000000000000E+00|          0|
 8|   2.540E+03|                      NaN|   0.0000000000000000E+00|          0|
 8|   2.580E+03|                      NaN|   0.0000000000000000E+00|          0|
 8|   2.620E+03|                      NaN|   0.0000000000000000E+00|          0|
 8|   2.660E+03|                 Infinity|   1.0000000000000000E+00|          1|
 8|   2.700E+03|                      NaN|   0.0000000000000000E+00|          0|
 8|   2.740E+03|                 Infinity|   1.0000000000000000E+00|          1|
 8|   2.780E+03|                      NaN|   0.0000000000000000E+00|          0|
 8|   2.820E+03|                      NaN|   0.0000000000000000E+00|          0|
 8|   2.860E+03|                      NaN|   0.0000000000000000E+00|          0|
 8|   2.900E+03|                      NaN|   0.0000000000000000E+00|          0|
 8|   2.940E+03|                      NaN|   0.0000000000000000E+00|          0|
 8|   2.980E+03|                      NaN|   0.0000000000000000E+00|          0|
 8|   3.020E+03|                      NaN|   0.0000000000000000E+00|          0|
 8|   3.060E+03|                      NaN|   0.0000000000000000E+00|          0|
 8|   3.100E+03|                      NaN|   0.0000000000000000E+00|          0|
 8|   3.140E+03|                      NaN|   0.0000000000000000E+00|          0|
 8|   3.180E+03|                      NaN|   0.0000000000000000E+00|          0|
 8|   3.220E+03|                      NaN|   0.0000000000000000E+00|          0|
 8|   3.260E+03|                      NaN|   0.0000000000000000E+00|          0|
 8|   3.300E+03|                      NaN|   0.0000000000000000E+00|          0|
 8|   3.340E+03|                      NaN|   0.0000000000000000E+00|          0|
 8|   3.380E+03|                      NaN|   0.0000000000000000E+00|          0|
 8|   3.420E+03|                      NaN|   0.0000000000000000E+00|          0|
 8|   3.460E+03|                      NaN|   0.0000000000000000E+00|          0|
 8|   3.500E+03|                      NaN|   0.0000000000000000E+00|          0|
 8|   3.540E+03|                      NaN|   0.0000000000000000E+00|          0|
 8|   3.580E+03|                      NaN|   0.0000000000000000E+00|          0|
 8|   3.620E+03|                      NaN|   0.0000000000000000E+00|          0|
 8|   3.660E+03|                      NaN|   0.0000000000000000E+00|          0|
 8|   3.700E+03|                      NaN|   0.0000000000000000E+00|          0|
 8|   3.740E+03|                      NaN|   0.0000000000000000E+00|          0|
 8|   3.780E+03|                      NaN|   0.0000000000000000E+00|          0|
 8|   3.820E+03|                      NaN|   0.0000000000000000E+00|          0|
 8|   3.860E+03|                      NaN|   0.0000000000000000E+00|          0|
 8|   3.900E+03|                      NaN|   0.0000000000000000E+00|          0|
 8|   3.940E+03|                      NaN|   0.0000000000000000E+00|          0|
 8|   3.980E+03|                      NaN|   0.0000000000000000E+00|          0|
 8|   4.020E+03|                      NaN|   0.0000000000000000E+00|          0|
 8|   4.060E+03|                      NaN|   0.0000000000000000E+00|          0|
# integrated result:   2.4852539034520899E-04
#
# Histogram 9: m_4l                                              
 9|   8.500E+01|                 Infinity|   9.8532927816429319E-02|        103|
 9|   8.600E+01|                 Infinity|   9.6673648904566353E-02|        107|
 9|   8.700E+01|                 Infinity|   8.6066296582387042E-02|        135|
 9|   8.800E+01|                 Infinity|   8.1110710565381272E-02|        152|
 9|   8.900E+01|                 Infinity|   8.3045479853739973E-02|        145|
 9|   9.000E+01|                 Infinity|   7.7151674981045956E-02|        168|
 9|   9.100E+01|                 Infinity|   8.2199493652678646E-02|        148|
 9|   9.200E+01|                 Infinity|   8.2199493652678646E-02|        148|
 9|   9.300E+01|                 Infinity|   8.2760588860236795E-02|        146|
 9|   9.400E+01|                 Infinity|   7.4953168899586142E-02|        178|
 9|   9.500E+01|                 Infinity|   7.8086880944303036E-02|        164|
 9|   9.600E+01|                 Infinity|   7.6696498884737035E-02|        170|
 9|   9.700E+01|                 Infinity|   8.0845208345444328E-02|        153|
 9|   9.800E+01|                 Infinity|   7.5377836144440907E-02|        176|
 9|   9.900E+01|                 Infinity|   7.0014004201400484E-02|        204|
 9|   1.000E+02|                 Infinity|   6.5094455490411943E-02|        236|
 9|   1.010E+02|                 Infinity|   7.1795815861773818E-02|        194|
 9|   1.020E+02|                 Infinity|   6.1545745489666362E-02|        264|
 9|   1.030E+02|                 Infinity|   6.2869461346193145E-02|        253|
 9|   1.040E+02|                 Infinity|   6.2017367294604234E-02|        260|
 9|   1.050E+02|                 Infinity|   6.3628476297577771E-02|        247|
 9|   1.060E+02|                 Infinity|   5.8420623783698597E-02|        293|
 9|   1.070E+02|                 Infinity|   5.8025885318565944E-02|        297|
 9|   1.080E+02|                 Infinity|   5.5555555555555552E-02|        324|
 9|   1.090E+02|                 Infinity|   5.3760333057047034E-02|        346|
 9|   1.100E+02|                 Infinity|   5.6704797712374272E-02|        311|
 9|   1.110E+02|                 Infinity|   5.5727821257535282E-02|        322|
 9|   1.120E+02|                 Infinity|   5.3376051268362382E-02|        351|
 9|   1.130E+02|                 Infinity|   5.3605626741889741E-02|        348|
 9|   1.140E+02|                 Infinity|   5.5131784641997125E-02|        329|
 9|   1.150E+02|                 Infinity|   5.2057920629535355E-02|        369|
 9|   1.160E+02|                 Infinity|   5.2057920629535355E-02|        369|
 9|   1.170E+02|                 Infinity|   5.0767308256680958E-02|        388|
 9|   1.180E+02|                 Infinity|   5.2057920629535355E-02|        369|
 9|   1.190E+02|                 Infinity|   5.2057920629535355E-02|        369|
 9|   1.200E+02|                 Infinity|   5.0315460542662761E-02|        395|
 9|   1.210E+02|                 Infinity|   4.8621663832631515E-02|        423|
 9|   1.220E+02|                 Infinity|   4.8393391849582724E-02|        427|
 9|   1.230E+02|                 Infinity|   4.6373889576016833E-02|        465|
 9|   1.240E+02|                 Infinity|   4.8564293117863207E-02|        424|
 9|   1.250E+02|                 Infinity|   4.5037734911104493E-02|        493|
 9|   1.260E+02|                 Infinity|   4.3643578047198477E-02|        525|
 9|   1.270E+02|                 Infinity|   4.6274481338274755E-02|        467|
 9|   1.280E+02|                 Infinity|   4.7140452079103168E-02|        450|
 9|   1.290E+02|                 Infinity|   4.6126560401444250E-02|        470|
 9|   1.300E+02|                 Infinity|   4.4856130401625657E-02|        497|
 9|   1.310E+02|                 Infinity|   4.5360921162651446E-02|        486|
 9|   1.320E+02|                 Infinity|   4.7946330148538413E-02|        435|
 9|   1.330E+02|                 Infinity|   4.6880723093849538E-02|        455|
 9|   1.340E+02|                 Infinity|   4.5175395145262566E-02|        490|
# integrated result:   2.4852539034520796E-04
#
# Histogram10: Phi1                                              
10|  -3.142E+00|                 Infinity|   2.8005601680560200E-02|       1275|
10|  -2.985E+00|                 Infinity|   2.6726124191242435E-02|       1400|
10|  -2.827E+00|                 Infinity|   2.5582225504832540E-02|       1528|
10|  -2.670E+00|                 Infinity|   2.5165695359475018E-02|       1579|
10|  -2.513E+00|                 Infinity|   2.3563681481313652E-02|       1801|
10|  -2.356E+00|                 Infinity|   2.1958143754552940E-02|       2074|
10|  -2.199E+00|                 Infinity|   2.0637208585324900E-02|       2348|
10|  -2.042E+00|                 Infinity|   2.1412736228951155E-02|       2181|
10|  -1.885E+00|                 Infinity|   2.3026564952925200E-02|       1886|
10|  -1.728E+00|                 Infinity|   2.3829795864119579E-02|       1761|
10|  -1.571E+00|                 Infinity|   2.5118017965166415E-02|       1585|
10|  -1.414E+00|                 Infinity|   2.4791695181436636E-02|       1627|
10|  -1.257E+00|                 Infinity|   2.4655683636076897E-02|       1645|
10|  -1.100E+00|                 Infinity|   2.4700771787671945E-02|       1639|
10|  -9.425E-01|                 Infinity|   2.4507154069793591E-02|       1665|
10|  -7.854E-01|                 Infinity|   2.2996102490913696E-02|       1891|
10|  -6.283E-01|                 Infinity|   2.3877299420036403E-02|       1754|
10|  -4.713E-01|                 Infinity|   2.4953256425297481E-02|       1606|
10|  -3.142E-01|                 Infinity|   2.5165695359475018E-02|       1579|
10|  -1.571E-01|                 Infinity|   2.5871684190211096E-02|       1494|
10|  -3.000E-05|                 Infinity|   2.5449329927964382E-02|       1544|
10|   1.570E-01|                 Infinity|   2.4260699053001704E-02|       1699|
10|   3.141E-01|                 Infinity|   2.4678196820164200E-02|       1642|
10|   4.712E-01|                 Infinity|   2.3557142371577276E-02|       1802|
10|   6.283E-01|                 Infinity|   2.3524528286477348E-02|       1807|
10|   7.854E-01|                 Infinity|   2.4382992454708537E-02|       1682|
10|   9.424E-01|                 Infinity|   2.5819888974716113E-02|       1500|
10|   1.100E+00|                 Infinity|   2.5725733587791941E-02|       1511|
10|   1.257E+00|                 Infinity|   2.5269934785963448E-02|       1566|
10|   1.414E+00|                 Infinity|   2.4945491291633412E-02|       1607|
10|   1.571E+00|                 Infinity|   2.4603391565256146E-02|       1652|
10|   1.728E+00|                 Infinity|   2.2473328748774737E-02|       1980|
10|   1.885E+00|                 Infinity|   2.1642182767490251E-02|       2135|
10|   2.042E+00|                 Infinity|   2.1491713855208944E-02|       2165|
10|   2.199E+00|                 Infinity|   2.2129526988628804E-02|       2042|
10|   2.356E+00|                 Infinity|   2.3829795864119579E-02|       1761|
10|   2.513E+00|                 Infinity|   2.5615775978927998E-02|       1524|
10|   2.670E+00|                 Infinity|   2.5734250632748937E-02|       1510|
10|   2.827E+00|                 Infinity|   2.6537244621713762E-02|       1420|
10|   2.984E+00|                 Infinity|   2.7226638505866506E-02|       1349|
# integrated result:   2.4852539034520856E-04
#
