#
# column #1=histogram, #2=x-axis bin, #3=binned cross-section, #4=error, #5=number of events 
# this can be easily plotted in gnuplot with the commands:
#    NHi=3
#    plot 'output.dat' using ($2):($1==NHi ? $3 : 1/0) w st
# where NHi selects the histogram
#
#
# run time =      -0.00min
# TotCS =      1.1811954188E-05           2.69664E-06
#
# Histogram 1: m_jj                                              
 1|   0.000E+00|                      NaN|   0.0000000000000000E+00|          0|
 1|   5.000E+01|                 Infinity|   1.7094641498783945E-02|       3422|
 1|   1.000E+02|                 Infinity|   1.0644322847548647E-02|       8826|
 1|   1.500E+02|                 Infinity|   1.0044292546128847E-02|       9912|
 1|   2.000E+02|                 Infinity|   1.0522818480847511E-02|       9031|
 1|   2.500E+02|                 Infinity|   1.1245186684580532E-02|       7908|
 1|   3.000E+02|                 Infinity|   1.2237967961115244E-02|       6677|
 1|   3.500E+02|                 Infinity|   1.3971332295024319E-02|       5123|
 1|   4.000E+02|                 Infinity|   1.5929303339984276E-02|       3941|
 1|   4.500E+02|                 Infinity|   1.8018749253911177E-02|       3080|
 1|   5.000E+02|                 Infinity|   2.0528212319963927E-02|       2373|
 1|   5.500E+02|                 Infinity|   2.2917462425705283E-02|       1904|
 1|   6.000E+02|                 Infinity|   2.6189140043946204E-02|       1458|
 1|   6.500E+02|                 Infinity|   3.0303030303030304E-02|       1089|
 1|   7.000E+02|                 Infinity|   3.4942827890730610E-02|        819|
 1|   7.500E+02|                 Infinity|   3.8924947208076148E-02|        660|
 1|   8.000E+02|                 Infinity|   4.6932325446393211E-02|        454|
 1|   8.500E+02|                 Infinity|   5.3528772757218922E-02|        349|
 1|   9.000E+02|                 Infinity|   6.2257280636469035E-02|        258|
 1|   9.500E+02|                 Infinity|   7.1611487403943297E-02|        195|
 1|   1.000E+03|                 Infinity|   8.6066296582387042E-02|        135|
 1|   1.050E+03|                 Infinity|   1.0000000000000001E-01|        100|
 1|   1.100E+03|                 Infinity|   1.0976425998969035E-01|         83|
 1|   1.150E+03|                 Infinity|   1.3736056394868904E-01|         53|
 1|   1.200E+03|                 Infinity|   1.6222142113076254E-01|         38|
 1|   1.250E+03|                 Infinity|   1.5249857033260467E-01|         43|
 1|   1.300E+03|                 Infinity|   1.7407765595569785E-01|         33|
 1|   1.350E+03|                 Infinity|   1.8569533817705186E-01|         29|
 1|   1.400E+03|                 Infinity|   2.5819888974716110E-01|         15|
 1|   1.450E+03|                 Infinity|   2.6726124191242440E-01|         14|
 1|   1.500E+03|                 Infinity|   2.7735009811261457E-01|         13|
 1|   1.550E+03|                 Infinity|   3.0151134457776363E-01|         11|
 1|   1.600E+03|                 Infinity|   3.5355339059327373E-01|          8|
 1|   1.650E+03|                 Infinity|   3.3333333333333331E-01|          9|
 1|   1.700E+03|                 Infinity|   7.0710678118654746E-01|          2|
 1|   1.750E+03|                 Infinity|   4.0824829046386307E-01|          6|
 1|   1.800E+03|                 Infinity|   4.4721359549995793E-01|          5|
 1|   1.850E+03|                 Infinity|   5.7735026918962584E-01|          3|
 1|   1.900E+03|                 Infinity|   7.0710678118654746E-01|          2|
 1|   1.950E+03|                 Infinity|   4.4721359549995793E-01|          5|
 1|   2.000E+03|                 Infinity|   4.0824829046386307E-01|          6|
 1|   2.050E+03|                 Infinity|   1.0000000000000000E+00|          1|
 1|   2.100E+03|                 Infinity|   7.0710678118654746E-01|          2|
 1|   2.150E+03|                 Infinity|   5.7735026918962584E-01|          3|
 1|   2.200E+03|                 Infinity|   1.0000000000000000E+00|          1|
 1|   2.250E+03|                 Infinity|   1.0000000000000000E+00|          1|
 1|   2.300E+03|                 Infinity|   5.0000000000000000E-01|          4|
 1|   2.350E+03|                      NaN|   0.0000000000000000E+00|          0|
 1|   2.400E+03|                 Infinity|   5.0000000000000000E-01|          4|
 1|   2.450E+03|                 Infinity|   5.7735026918962584E-01|          3|
 1|   2.500E+03|                 Infinity|   7.0710678118654746E-01|          2|
 1|   2.550E+03|                 Infinity|   5.0000000000000000E-01|          4|
 1|   2.600E+03|                      NaN|   0.0000000000000000E+00|          0|
 1|   2.650E+03|                 Infinity|   7.0710678118654746E-01|          2|
 1|   2.700E+03|                      NaN|   0.0000000000000000E+00|          0|
 1|   2.750E+03|                 Infinity|   1.0000000000000000E+00|          1|
 1|   2.800E+03|                      NaN|   0.0000000000000000E+00|          0|
 1|   2.850E+03|                      NaN|   0.0000000000000000E+00|          0|
 1|   2.900E+03|                      NaN|   0.0000000000000000E+00|          0|
 1|   2.950E+03|                 Infinity|   1.0000000000000000E+00|          1|
 1|   3.000E+03|                 Infinity|   7.0710678118654746E-01|          2|
 1|   3.050E+03|                      NaN|   0.0000000000000000E+00|          0|
 1|   3.100E+03|                      NaN|   0.0000000000000000E+00|          0|
 1|   3.150E+03|                      NaN|   0.0000000000000000E+00|          0|
 1|   3.200E+03|                      NaN|   0.0000000000000000E+00|          0|
 1|   3.250E+03|                      NaN|   0.0000000000000000E+00|          0|
 1|   3.300E+03|                      NaN|   0.0000000000000000E+00|          0|
 1|   3.350E+03|                 Infinity|   1.0000000000000000E+00|          1|
 1|   3.400E+03|                      NaN|   0.0000000000000000E+00|          0|
 1|   3.450E+03|                      NaN|   0.0000000000000000E+00|          0|
 1|   3.500E+03|                      NaN|   0.0000000000000000E+00|          0|
 1|   3.550E+03|                      NaN|   0.0000000000000000E+00|          0|
 1|   3.600E+03|                      NaN|   0.0000000000000000E+00|          0|
 1|   3.650E+03|                      NaN|   0.0000000000000000E+00|          0|
 1|   3.700E+03|                      NaN|   0.0000000000000000E+00|          0|
 1|   3.750E+03|                      NaN|   0.0000000000000000E+00|          0|
 1|   3.800E+03|                      NaN|   0.0000000000000000E+00|          0|
 1|   3.850E+03|                 Infinity|   1.0000000000000000E+00|          1|
 1|   3.900E+03|                      NaN|   0.0000000000000000E+00|          0|
 1|   3.950E+03|                      NaN|   0.0000000000000000E+00|          0|
 1|   4.000E+03|                      NaN|   0.0000000000000000E+00|          0|
 1|   4.050E+03|                 Infinity|   1.0000000000000000E+00|          1|
 1|   4.100E+03|                      NaN|   0.0000000000000000E+00|          0|
 1|   4.150E+03|                      NaN|   0.0000000000000000E+00|          0|
 1|   4.200E+03|                      NaN|   0.0000000000000000E+00|          0|
 1|   4.250E+03|                      NaN|   0.0000000000000000E+00|          0|
 1|   4.300E+03|                      NaN|   0.0000000000000000E+00|          0|
 1|   4.350E+03|                      NaN|   0.0000000000000000E+00|          0|
 1|   4.400E+03|                      NaN|   0.0000000000000000E+00|          0|
 1|   4.450E+03|                 Infinity|   1.0000000000000000E+00|          1|
 1|   4.500E+03|                      NaN|   0.0000000000000000E+00|          0|
 1|   4.550E+03|                      NaN|   0.0000000000000000E+00|          0|
 1|   4.600E+03|                      NaN|   0.0000000000000000E+00|          0|
 1|   4.650E+03|                      NaN|   0.0000000000000000E+00|          0|
 1|   4.700E+03|                      NaN|   0.0000000000000000E+00|          0|
 1|   4.750E+03|                      NaN|   0.0000000000000000E+00|          0|
 1|   4.800E+03|                      NaN|   0.0000000000000000E+00|          0|
 1|   4.850E+03|                      NaN|   0.0000000000000000E+00|          0|
 1|   4.900E+03|                      NaN|   0.0000000000000000E+00|          0|
 1|   4.950E+03|                      NaN|   0.0000000000000000E+00|          0|
# integrated result:   1.1811954187746305E-05
#
# Histogram 2: m_jj                                              
 2|   0.000E+00|                      NaN|   0.0000000000000000E+00|          0|
 2|   2.000E+00|                      NaN|   0.0000000000000000E+00|          0|
 2|   4.000E+00|                      NaN|   0.0000000000000000E+00|          0|
 2|   6.000E+00|                      NaN|   0.0000000000000000E+00|          0|
 2|   8.000E+00|                      NaN|   0.0000000000000000E+00|          0|
 2|   1.000E+01|                      NaN|   0.0000000000000000E+00|          0|
 2|   1.200E+01|                      NaN|   0.0000000000000000E+00|          0|
 2|   1.400E+01|                      NaN|   0.0000000000000000E+00|          0|
 2|   1.600E+01|                      NaN|   0.0000000000000000E+00|          0|
 2|   1.800E+01|                      NaN|   0.0000000000000000E+00|          0|
 2|   2.000E+01|                      NaN|   0.0000000000000000E+00|          0|
 2|   2.200E+01|                      NaN|   0.0000000000000000E+00|          0|
 2|   2.400E+01|                      NaN|   0.0000000000000000E+00|          0|
 2|   2.600E+01|                      NaN|   0.0000000000000000E+00|          0|
 2|   2.800E+01|                      NaN|   0.0000000000000000E+00|          0|
 2|   3.000E+01|                      NaN|   0.0000000000000000E+00|          0|
 2|   3.200E+01|                      NaN|   0.0000000000000000E+00|          0|
 2|   3.400E+01|                      NaN|   0.0000000000000000E+00|          0|
 2|   3.600E+01|                      NaN|   0.0000000000000000E+00|          0|
 2|   3.800E+01|                      NaN|   0.0000000000000000E+00|          0|
 2|   4.000E+01|                      NaN|   0.0000000000000000E+00|          0|
 2|   4.200E+01|                      NaN|   0.0000000000000000E+00|          0|
 2|   4.400E+01|                      NaN|   0.0000000000000000E+00|          0|
 2|   4.600E+01|                      NaN|   0.0000000000000000E+00|          0|
 2|   4.800E+01|                      NaN|   0.0000000000000000E+00|          0|
 2|   5.000E+01|                      NaN|   0.0000000000000000E+00|          0|
 2|   5.200E+01|                      NaN|   0.0000000000000000E+00|          0|
 2|   5.400E+01|                      NaN|   0.0000000000000000E+00|          0|
 2|   5.600E+01|                      NaN|   0.0000000000000000E+00|          0|
 2|   5.800E+01|                      NaN|   0.0000000000000000E+00|          0|
 2|   6.000E+01|                      NaN|   0.0000000000000000E+00|          0|
 2|   6.200E+01|                      NaN|   0.0000000000000000E+00|          0|
 2|   6.400E+01|                      NaN|   0.0000000000000000E+00|          0|
 2|   6.600E+01|                      NaN|   0.0000000000000000E+00|          0|
 2|   6.800E+01|                      NaN|   0.0000000000000000E+00|          0|
 2|   7.000E+01|                 Infinity|   9.0909090909090912E-02|        121|
 2|   7.200E+01|                 Infinity|   7.6923076923076927E-02|        169|
 2|   7.400E+01|                 Infinity|   7.2547625011001163E-02|        190|
 2|   7.600E+01|                 Infinity|   7.0014004201400484E-02|        204|
 2|   7.800E+01|                 Infinity|   6.9171446386607466E-02|        209|
 2|   8.000E+01|                 Infinity|   6.8842839082151427E-02|        211|
 2|   8.200E+01|                 Infinity|   6.9171446386607466E-02|        209|
 2|   8.400E+01|                 Infinity|   6.3628476297577771E-02|        247|
 2|   8.600E+01|                 Infinity|   6.6226617853252193E-02|        228|
 2|   8.800E+01|                 Infinity|   6.0412209333017698E-02|        274|
 2|   9.000E+01|                 Infinity|   6.3245553203367583E-02|        250|
 2|   9.200E+01|                 Infinity|   6.2622429108514954E-02|        255|
 2|   9.400E+01|                 Infinity|   6.3119440309780311E-02|        251|
 2|   9.600E+01|                 Infinity|   5.9234887775909233E-02|        285|
 2|   9.800E+01|                 Infinity|   5.5989251095585432E-02|        319|
 2|   1.000E+02|                 Infinity|   5.5555555555555552E-02|        324|
 2|   1.020E+02|                 Infinity|   5.7735026918962568E-02|        300|
 2|   1.040E+02|                 Infinity|   5.7073014553534959E-02|        307|
 2|   1.060E+02|                 Infinity|   5.1502620262460476E-02|        377|
 2|   1.080E+02|                 Infinity|   5.6254395046301198E-02|        316|
 2|   1.100E+02|                 Infinity|   5.2631578947368418E-02|        361|
 2|   1.120E+02|                 Infinity|   5.7928444636349226E-02|        298|
 2|   1.140E+02|                 Infinity|   5.5555555555555552E-02|        324|
 2|   1.160E+02|                 Infinity|   5.2631578947368418E-02|        361|
 2|   1.180E+02|                 Infinity|   5.6165595630173037E-02|        317|
 2|   1.200E+02|                 Infinity|   5.3074489243427524E-02|        355|
 2|   1.220E+02|                 Infinity|   5.3682812709501898E-02|        347|
 2|   1.240E+02|                 Infinity|   5.3838190205816552E-02|        345|
 2|   1.260E+02|                 Infinity|   5.3376051268362382E-02|        351|
 2|   1.280E+02|                 Infinity|   5.0767308256680958E-02|        388|
 2|   1.300E+02|                 Infinity|   5.3224629541234948E-02|        353|
 2|   1.320E+02|                 Infinity|   5.1097613030759603E-02|        383|
 2|   1.340E+02|                 Infinity|   5.0572173742417362E-02|        391|
 2|   1.360E+02|                 Infinity|   5.1097613030759603E-02|        383|
 2|   1.380E+02|                 Infinity|   5.3376051268362382E-02|        351|
 2|   1.400E+02|                 Infinity|   5.2128603514268693E-02|        368|
 2|   1.420E+02|                 Infinity|   5.1031036307982884E-02|        384|
 2|   1.440E+02|                 Infinity|   5.2128603514268693E-02|        368|
 2|   1.460E+02|                 Infinity|   4.9568159709660962E-02|        407|
 2|   1.480E+02|                 Infinity|   5.2199575097188054E-02|        367|
 2|   1.500E+02|                 Infinity|   5.1366549693751415E-02|        379|
 2|   1.520E+02|                 Infinity|   5.0379272185987839E-02|        394|
 2|   1.540E+02|                 Infinity|   5.1164451009665081E-02|        382|
 2|   1.560E+02|                 Infinity|   4.8853196874603148E-02|        419|
 2|   1.580E+02|                 Infinity|   4.9751859510499458E-02|        404|
 2|   1.600E+02|                 Infinity|   4.9386479832479478E-02|        410|
 2|   1.620E+02|                 Infinity|   5.0507627227610534E-02|        392|
 2|   1.640E+02|                 Infinity|   5.1987524491003641E-02|        370|
 2|   1.660E+02|                 Infinity|   4.8393391849582724E-02|        427|
 2|   1.680E+02|                 Infinity|   4.9751859510499458E-02|        404|
 2|   1.700E+02|                 Infinity|   4.9507377148833721E-02|        408|
 2|   1.720E+02|                 Infinity|   5.0443327230531826E-02|        393|
 2|   1.740E+02|                 Infinity|   4.9751859510499458E-02|        404|
 2|   1.760E+02|                 Infinity|   5.0125470711708552E-02|        398|
 2|   1.780E+02|                 Infinity|   5.0125470711708552E-02|        398|
 2|   1.800E+02|                 Infinity|   4.9446817643414874E-02|        409|
 2|   1.820E+02|                 Infinity|   4.8911598804451853E-02|        418|
 2|   1.840E+02|                 Infinity|   4.9029033784546011E-02|        416|
 2|   1.860E+02|                 Infinity|   5.1231551957855996E-02|        381|
 2|   1.880E+02|                 Infinity|   5.0125470711708552E-02|        398|
 2|   1.900E+02|                 Infinity|   5.1502620262460476E-02|        377|
 2|   1.920E+02|                 Infinity|   5.1231551957855996E-02|        381|
 2|   1.940E+02|                 Infinity|   5.0898659855928764E-02|        386|
 2|   1.960E+02|                 Infinity|   5.2128603514268693E-02|        368|
 2|   1.980E+02|                 Infinity|   5.0251890762960605E-02|        396|
# integrated result:   1.1811954187746280E-05
#
# Histogram 3: pT(H)                                             
 3|   0.000E+00|                 Infinity|   1.4813595639006076E-02|       4557|
 3|   1.000E+01|                 Infinity|   1.1894651701745163E-02|       7068|
 3|   2.000E+01|                 Infinity|   1.2308216692591790E-02|       6601|
 3|   3.000E+01|                 Infinity|   1.2968434341511606E-02|       5946|
 3|   4.000E+01|                 Infinity|   1.3813156113518998E-02|       5241|
 3|   5.000E+01|                 Infinity|   1.4645825838791558E-02|       4662|
 3|   6.000E+01|                 Infinity|   1.5630725191031820E-02|       4093|
 3|   7.000E+01|                 Infinity|   1.6785991556614799E-02|       3549|
 3|   8.000E+01|                 Infinity|   1.7772337203582057E-02|       3166|
 3|   9.000E+01|                 Infinity|   1.8915119696438359E-02|       2795|
 3|   1.000E+02|                 Infinity|   2.0207175225248872E-02|       2449|
 3|   1.100E+02|                 Infinity|   2.1733995409215570E-02|       2117|
 3|   1.200E+02|                 Infinity|   2.3149636727175963E-02|       1866|
 3|   1.300E+02|                 Infinity|   2.5278006958277935E-02|       1565|
 3|   1.400E+02|                 Infinity|   2.6073159633943039E-02|       1471|
 3|   1.500E+02|                 Infinity|   2.8375217691958290E-02|       1242|
 3|   1.600E+02|                 Infinity|   3.0192333931958418E-02|       1097|
 3|   1.700E+02|                 Infinity|   3.1219527052723135E-02|       1026|
 3|   1.800E+02|                 Infinity|   3.3538923545276884E-02|        889|
 3|   1.900E+02|                 Infinity|   3.6037498507822355E-02|        770|
 3|   2.000E+02|                 Infinity|   3.8348249442368518E-02|        680|
 3|   2.100E+02|                 Infinity|   4.0488816508945799E-02|        610|
 3|   2.200E+02|                 Infinity|   4.2601432284230495E-02|        551|
 3|   2.300E+02|                 Infinity|   4.6175709653961020E-02|        469|
 3|   2.400E+02|                 Infinity|   4.8795003647426664E-02|        420|
 3|   2.500E+02|                 Infinity|   5.2057920629535355E-02|        369|
 3|   2.600E+02|                 Infinity|   5.6613851707229781E-02|        312|
 3|   2.700E+02|                 Infinity|   5.8925565098878967E-02|        288|
 3|   2.800E+02|                 Infinity|   6.5795169495976899E-02|        231|
 3|   2.900E+02|                 Infinity|   6.8358592702466331E-02|        214|
 3|   3.000E+02|                 Infinity|   6.6081860045508978E-02|        229|
 3|   3.100E+02|                 Infinity|   7.2739296745330792E-02|        189|
 3|   3.200E+02|                 Infinity|   7.7151674981045956E-02|        168|
 3|   3.300E+02|                 Infinity|   8.7370405666103795E-02|        131|
 3|   3.400E+02|                 Infinity|   8.8735650941611385E-02|        127|
 3|   3.500E+02|                 Infinity|   9.4072086838359728E-02|        113|
 3|   3.600E+02|                 Infinity|   9.6673648904566353E-02|        107|
 3|   3.700E+02|                 Infinity|   1.1043152607484653E-01|         82|
 3|   3.800E+02|                 Infinity|   1.1470786693528087E-01|         76|
 3|   3.900E+02|                 Infinity|   1.2126781251816648E-01|         68|
 3|   4.000E+02|                 Infinity|   1.3245323570650439E-01|         57|
 3|   4.100E+02|                 Infinity|   1.5617376188860607E-01|         41|
 3|   4.200E+02|                 Infinity|   1.5249857033260467E-01|         43|
 3|   4.300E+02|                 Infinity|   1.6903085094570330E-01|         35|
 3|   4.400E+02|                 Infinity|   1.6666666666666666E-01|         36|
 3|   4.500E+02|                 Infinity|   1.9245008972987526E-01|         27|
 3|   4.600E+02|                 Infinity|   1.8898223650461360E-01|         28|
 3|   4.700E+02|                 Infinity|   2.4253562503633297E-01|         17|
 3|   4.800E+02|                 Infinity|   2.0851441405707477E-01|         23|
 3|   4.900E+02|                 Infinity|   2.5819888974716110E-01|         15|
# integrated result:   1.1811954187746297E-05
#
# Histogram 4: pT(j1)                                            
 4|   0.000E+00|                      NaN|   0.0000000000000000E+00|          0|
 4|   1.000E+01|                 Infinity|   2.6841406354750949E-02|       1388|
 4|   2.000E+01|                 Infinity|   1.6857391247472455E-02|       3519|
 4|   3.000E+01|                 Infinity|   1.5146300381045252E-02|       4359|
 4|   4.000E+01|                 Infinity|   1.4584947642137372E-02|       4701|
 4|   5.000E+01|                 Infinity|   1.4441280189584203E-02|       4795|
 4|   6.000E+01|                 Infinity|   1.4521759005218741E-02|       4742|
 4|   7.000E+01|                 Infinity|   1.4997375688861584E-02|       4446|
 4|   8.000E+01|                 Infinity|   1.5517402827563710E-02|       4153|
 4|   9.000E+01|                 Infinity|   1.6391240239301070E-02|       3722|
 4|   1.000E+02|                 Infinity|   1.7190354104313223E-02|       3384|
 4|   1.100E+02|                 Infinity|   1.8163813406137652E-02|       3031|
 4|   1.200E+02|                 Infinity|   1.8959262392869290E-02|       2782|
 4|   1.300E+02|                 Infinity|   2.0084532931834775E-02|       2479|
 4|   1.400E+02|                 Infinity|   2.1124141684149264E-02|       2241|
 4|   1.500E+02|                 Infinity|   2.2260730867409519E-02|       2018|
 4|   1.600E+02|                 Infinity|   2.3843339369540383E-02|       1759|
 4|   1.700E+02|                 Infinity|   2.5205634593236811E-02|       1574|
 4|   1.800E+02|                 Infinity|   2.6707054531881675E-02|       1402|
 4|   1.900E+02|                 Infinity|   2.7703063158526546E-02|       1303|
 4|   2.000E+02|                 Infinity|   2.9656491293029667E-02|       1137|
 4|   2.100E+02|                 Infinity|   3.1927542840705044E-02|        981|
 4|   2.200E+02|                 Infinity|   3.2915400933831662E-02|        923|
 4|   2.300E+02|                 Infinity|   3.6226177800110920E-02|        762|
 4|   2.400E+02|                 Infinity|   3.8096965887972963E-02|        689|
 4|   2.500E+02|                 Infinity|   3.9904344223381107E-02|        628|
 4|   2.600E+02|                 Infinity|   4.3193421279068007E-02|        536|
 4|   2.700E+02|                 Infinity|   4.4367825470805693E-02|        508|
 4|   2.800E+02|                 Infinity|   4.6829290579084699E-02|        456|
 4|   2.900E+02|                 Infinity|   5.0507627227610534E-02|        392|
 4|   3.000E+02|                 Infinity|   5.2999894000318001E-02|        356|
 4|   3.100E+02|                 Infinity|   5.8123819371909642E-02|        296|
 4|   3.200E+02|                 Infinity|   5.8520573598065284E-02|        292|
 4|   3.300E+02|                 Infinity|   6.0522753266880246E-02|        273|
 4|   3.400E+02|                 Infinity|   6.6372331159997203E-02|        227|
 4|   3.500E+02|                 Infinity|   6.6372331159997203E-02|        227|
 4|   3.600E+02|                 Infinity|   7.4953168899586142E-02|        178|
 4|   3.700E+02|                 Infinity|   7.9555728417572996E-02|        158|
 4|   3.800E+02|                 Infinity|   8.6710996952411995E-02|        133|
 4|   3.900E+02|                 Infinity|   9.2847669088525930E-02|        116|
 4|   4.000E+02|                 Infinity|   9.9014754297667443E-02|        102|
 4|   4.100E+02|                 Infinity|   1.0000000000000001E-01|        100|
 4|   4.200E+02|                 Infinity|   1.0599978800063600E-01|         89|
 4|   4.300E+02|                 Infinity|   1.1396057645963795E-01|         77|
 4|   4.400E+02|                 Infinity|   1.1624763874381928E-01|         74|
 4|   4.500E+02|                 Infinity|   1.2309149097933272E-01|         66|
 4|   4.600E+02|                 Infinity|   1.3483997249264842E-01|         55|
 4|   4.700E+02|                 Infinity|   1.3736056394868904E-01|         53|
 4|   4.800E+02|                 Infinity|   1.4744195615489714E-01|         46|
 4|   4.900E+02|                 Infinity|   1.4586499149789456E-01|         47|
# integrated result:   1.1811954187746297E-05
#
# Histogram 5: dy(j1,j2)                                         
 5|  -5.000E+00|                 Infinity|   7.0710678118654746E-01|          2|
 5|  -4.800E+00|                      NaN|   0.0000000000000000E+00|          0|
 5|  -4.600E+00|                 Infinity|   5.7735026918962584E-01|          3|
 5|  -4.400E+00|                 Infinity|   5.7735026918962584E-01|          3|
 5|  -4.200E+00|                 Infinity|   3.3333333333333331E-01|          9|
 5|  -4.000E+00|                 Infinity|   7.0710678118654746E-01|          2|
 5|  -3.800E+00|                 Infinity|   5.0000000000000000E-01|          4|
 5|  -3.600E+00|                 Infinity|   2.6726124191242440E-01|         14|
 5|  -3.400E+00|                 Infinity|   3.0151134457776363E-01|         11|
 5|  -3.200E+00|                 Infinity|   2.4253562503633297E-01|         17|
 5|  -3.000E+00|                 Infinity|   1.8898223650461360E-01|         28|
 5|  -2.800E+00|                 Infinity|   2.0412414523193154E-01|         24|
 5|  -2.600E+00|                 Infinity|   1.6903085094570330E-01|         35|
 5|  -2.400E+00|                 Infinity|   1.6222142113076254E-01|         38|
 5|  -2.200E+00|                 Infinity|   1.2598815766974239E-01|         63|
 5|  -2.000E+00|                 Infinity|   1.1043152607484653E-01|         82|
 5|  -1.800E+00|                 Infinity|   1.0721125348377948E-01|         87|
 5|  -1.600E+00|                 Infinity|   8.1110710565381272E-02|        152|
 5|  -1.400E+00|                 Infinity|   7.0359754473029182E-02|        202|
 5|  -1.200E+00|                 Infinity|   4.8679238351123547E-02|        422|
 5|  -1.000E+00|                 Infinity|   3.0485538042484616E-02|       1076|
 5|  -8.000E-01|                 Infinity|   2.4175473851486187E-02|       1711|
 5|  -6.000E-01|                 Infinity|   2.1119430154775586E-02|       2242|
 5|  -4.000E-01|                 Infinity|   1.6288719000446619E-02|       3769|
 5|  -2.000E-01|                 Infinity|   2.2366272042129220E-02|       1999|
 5|   0.000E+00|                 Infinity|   4.0858892322271849E-02|        599|
 5|   2.000E-01|                 Infinity|   3.9436150336254951E-02|        643|
 5|   4.000E-01|                 Infinity|   2.3557142371577276E-02|       1802|
 5|   6.000E-01|                 Infinity|   2.6783579200279007E-02|       1394|
 5|   8.000E-01|                 Infinity|   2.1749411414517784E-02|       2114|
 5|   1.000E+00|                 Infinity|   2.1086537485779239E-02|       2249|
 5|   1.200E+00|                 Infinity|   2.1077167773036799E-02|       2251|
 5|   1.400E+00|                 Infinity|   2.0554213865940245E-02|       2367|
 5|   1.600E+00|                 Infinity|   1.9691297286691931E-02|       2579|
 5|   1.800E+00|                 Infinity|   1.9295098316976827E-02|       2686|
 5|   2.000E+00|                 Infinity|   1.8650096164806278E-02|       2875|
 5|   2.200E+00|                 Infinity|   1.7641870800832106E-02|       3213|
 5|   2.400E+00|                 Infinity|   2.0408163265306121E-02|       2401|
 5|   2.600E+00|                 Infinity|   1.9940268657049436E-02|       2515|
 5|   2.800E+00|                 Infinity|   1.9104017997521754E-02|       2740|
 5|   3.000E+00|                 Infinity|   2.0149663327125551E-02|       2463|
 5|   3.200E+00|                 Infinity|   2.0685720094603028E-02|       2337|
 5|   3.400E+00|                 Infinity|   1.9209468759882463E-02|       2710|
 5|   3.600E+00|                 Infinity|   1.7384076178023157E-02|       3309|
 5|   3.800E+00|                 Infinity|   2.3433924539650597E-02|       1821|
 5|   4.000E+00|                 Infinity|   2.3583331531828913E-02|       1798|
 5|   4.200E+00|                 Infinity|   2.5000000000000001E-02|       1600|
 5|   4.400E+00|                 Infinity|   2.9135827337403251E-02|       1178|
 5|   4.600E+00|                 Infinity|   3.1388241028717227E-02|       1015|
 5|   4.800E+00|                 Infinity|   3.1528333055971580E-02|       1006|
# integrated result:   1.1811954187746300E-05
#
# Histogram 6: mz1                                               
 6|   0.000E+00|                      NaN|   0.0000000000000000E+00|          0|
 6|   2.000E+00|                      NaN|   0.0000000000000000E+00|          0|
 6|   4.000E+00|                 Infinity|   2.3583331531828913E-02|       1798|
 6|   6.000E+00|                 Infinity|   2.3589892481053584E-02|       1797|
 6|   8.000E+00|                 Infinity|   2.3829795864119579E-02|       1761|
 6|   1.000E+01|                 Infinity|   3.7139067635410375E-02|        725|
 6|   1.200E+01|                 Infinity|   4.9875466805381644E-02|        402|
 6|   1.400E+01|                 Infinity|   3.5444060250416791E-02|        796|
 6|   1.600E+01|                 Infinity|   3.5488672049383801E-02|        794|
 6|   1.800E+01|                 Infinity|   2.4056261216234408E-02|       1728|
 6|   2.000E+01|                 Infinity|   3.5049981861639080E-02|        814|
 6|   2.200E+01|                 Infinity|   2.1581616838757509E-02|       2147|
 6|   2.400E+01|                 Infinity|   1.7282528245507089E-02|       3348|
 6|   2.600E+01|                 Infinity|   2.8363801389869981E-02|       1243|
 6|   2.800E+01|                 Infinity|   2.6379807127383248E-02|       1437|
 6|   3.000E+01|                 Infinity|   2.8194193721730047E-02|       1258|
 6|   3.200E+01|                 Infinity|   2.9501220638256383E-02|       1149|
 6|   3.400E+01|                 Infinity|   2.8747978728803449E-02|       1210|
 6|   3.600E+01|                 Infinity|   2.8082797815086519E-02|       1268|
 6|   3.800E+01|                 Infinity|   2.8583097523751475E-02|       1224|
 6|   4.000E+01|                 Infinity|   2.8160635851807621E-02|       1261|
 6|   4.200E+01|                 Infinity|   6.5372045046061339E-02|        234|
 6|   4.400E+01|                 Infinity|   6.5795169495976899E-02|        231|
 6|   4.600E+01|                 Infinity|   7.5809804357890337E-02|        174|
 6|   4.800E+01|                 Infinity|   7.7615052570633281E-02|        166|
 6|   5.000E+01|                 Infinity|   7.3127242412713067E-02|        187|
 6|   5.200E+01|                 Infinity|   6.6081860045508978E-02|        229|
 6|   5.400E+01|                 Infinity|   6.2622429108514954E-02|        255|
 6|   5.600E+01|                 Infinity|   6.4415662640083082E-02|        241|
 6|   5.800E+01|                 Infinity|   5.6613851707229781E-02|        312|
 6|   6.000E+01|                 Infinity|   5.7831493196624020E-02|        299|
 6|   6.200E+01|                 Infinity|   6.2622429108514954E-02|        255|
 6|   6.400E+01|                 Infinity|   6.2378286155180533E-02|        257|
 6|   6.600E+01|                 Infinity|   5.5989251095585432E-02|        319|
 6|   6.800E+01|                 Infinity|   4.9326362366699003E-02|        411|
 6|   7.000E+01|                 Infinity|   1.8007060151640494E-02|       3084|
 6|   7.200E+01|                 Infinity|   1.9570258584513545E-02|       2611|
 6|   7.400E+01|                 Infinity|   4.5267873021259265E-02|        488|
 6|   7.600E+01|                 Infinity|   5.0832856777534893E-02|        387|
 6|   7.800E+01|                 Infinity|   4.0893041005476534E-02|        598|
 6|   8.000E+01|                 Infinity|   2.5367314471592049E-02|       1554|
 6|   8.200E+01|                 Infinity|   2.6082026547865053E-02|       1470|
 6|   8.400E+01|                 Infinity|   2.4625761678892605E-02|       1649|
 6|   8.600E+01|                 Infinity|   2.3589892481053584E-02|       1797|
 6|   8.800E+01|                 Infinity|   1.6455472086908743E-02|       3693|
 6|   9.000E+01|                 Infinity|   9.8475580099193979E-03|      10312|
 6|   9.200E+01|                 Infinity|   1.2533336007111966E-02|       6366|
 6|   9.400E+01|                 Infinity|   2.2299440402564558E-02|       2011|
 6|   9.600E+01|                 Infinity|   4.5267873021259265E-02|        488|
 6|   9.800E+01|                 Infinity|   5.1917413165116499E-02|        371|
 6|   1.000E+02|                 Infinity|   5.9976014390406722E-02|        278|
 6|   1.020E+02|                 Infinity|   7.6923076923076927E-02|        169|
 6|   1.040E+02|                 Infinity|   9.0535746042518531E-02|        122|
 6|   1.060E+02|                 Infinity|   9.5346258924559238E-02|        110|
 6|   1.080E+02|                 Infinity|   1.0660035817780521E-01|         88|
 6|   1.100E+02|                 Infinity|   9.4915799575249898E-02|        111|
 6|   1.120E+02|                 Infinity|   1.0206207261596577E-01|         96|
 6|   1.140E+02|                 Infinity|   9.8532927816429319E-02|        103|
 6|   1.160E+02|                 Infinity|   1.2126781251816648E-01|         68|
 6|   1.180E+02|                 Infinity|   1.3363062095621220E-01|         56|
 6|   1.200E+02|                 Infinity|   1.7677669529663687E-01|         32|
 6|   1.220E+02|                 Infinity|   1.7407765595569785E-01|         33|
 6|   1.240E+02|                 Infinity|   2.4253562503633297E-01|         17|
 6|   1.260E+02|                 Infinity|   2.3570226039551587E-01|         18|
 6|   1.280E+02|                 Infinity|   2.2941573387056174E-01|         19|
 6|   1.300E+02|                 Infinity|   2.7735009811261457E-01|         13|
 6|   1.320E+02|                 Infinity|   2.4253562503633297E-01|         17|
 6|   1.340E+02|                 Infinity|   2.7735009811261457E-01|         13|
 6|   1.360E+02|                 Infinity|   2.7735009811261457E-01|         13|
 6|   1.380E+02|                 Infinity|   4.0824829046386307E-01|          6|
 6|   1.400E+02|                 Infinity|   2.7735009811261457E-01|         13|
 6|   1.420E+02|                 Infinity|   2.6726124191242440E-01|         14|
 6|   1.440E+02|                 Infinity|   3.7796447300922720E-01|          7|
 6|   1.460E+02|                 Infinity|   4.0824829046386307E-01|          6|
 6|   1.480E+02|                 Infinity|   5.7735026918962584E-01|          3|
 6|   1.500E+02|                 Infinity|   5.0000000000000000E-01|          4|
 6|   1.520E+02|                 Infinity|   7.0710678118654746E-01|          2|
 6|   1.540E+02|                 Infinity|   4.0824829046386307E-01|          6|
 6|   1.560E+02|                 Infinity|   4.0824829046386307E-01|          6|
 6|   1.580E+02|                 Infinity|   3.5355339059327373E-01|          8|
 6|   1.600E+02|                 Infinity|   7.0710678118654746E-01|          2|
 6|   1.620E+02|                      NaN|   0.0000000000000000E+00|          0|
 6|   1.640E+02|                 Infinity|   7.0710678118654746E-01|          2|
 6|   1.660E+02|                 Infinity|   5.0000000000000000E-01|          4|
 6|   1.680E+02|                 Infinity|   5.7735026918962584E-01|          3|
 6|   1.700E+02|                 Infinity|   5.0000000000000000E-01|          4|
 6|   1.720E+02|                 Infinity|   5.7735026918962584E-01|          3|
 6|   1.740E+02|                 Infinity|   4.0824829046386307E-01|          6|
 6|   1.760E+02|                 Infinity|   1.0000000000000000E+00|          1|
 6|   1.780E+02|                 Infinity|   5.0000000000000000E-01|          4|
 6|   1.800E+02|                 Infinity|   7.0710678118654746E-01|          2|
 6|   1.820E+02|                 Infinity|   1.0000000000000000E+00|          1|
 6|   1.840E+02|                      NaN|   0.0000000000000000E+00|          0|
 6|   1.860E+02|                 Infinity|   7.0710678118654746E-01|          2|
 6|   1.880E+02|                      NaN|   0.0000000000000000E+00|          0|
 6|   1.900E+02|                 Infinity|   1.0000000000000000E+00|          1|
 6|   1.920E+02|                 Infinity|   1.0000000000000000E+00|          1|
 6|   1.940E+02|                 Infinity|   7.0710678118654746E-01|          2|
 6|   1.960E+02|                 Infinity|   1.0000000000000000E+00|          1|
 6|   1.980E+02|                 Infinity|   5.7735026918962584E-01|          3|
# integrated result:   1.1811954187746309E-05
#
# Histogram 7: mz2                                               
 7|   0.000E+00|                      NaN|   0.0000000000000000E+00|          0|
 7|   2.000E+00|                      NaN|   0.0000000000000000E+00|          0|
 7|   4.000E+00|                 Infinity|   1.3644964930609014E-02|       5371|
 7|   6.000E+00|                 Infinity|   2.9074190231479016E-02|       1183|
 7|   8.000E+00|                 Infinity|   3.1326574483831929E-02|       1019|
 7|   1.000E+01|                 Infinity|   3.1734040798768841E-02|        993|
 7|   1.200E+01|                 Infinity|   3.3222774709254770E-02|        906|
 7|   1.400E+01|                 Infinity|   3.2342311367657542E-02|        956|
 7|   1.600E+01|                 Infinity|   3.2042066805600074E-02|        974|
 7|   1.800E+01|                 Infinity|   1.3652592788242301E-02|       5365|
 7|   2.000E+01|                 Infinity|   2.2473328748774737E-02|       1980|
 7|   2.200E+01|                 Infinity|   3.5990787537434725E-02|        772|
 7|   2.400E+01|                 Infinity|   3.0386856273138200E-02|       1083|
 7|   2.600E+01|                 Infinity|   3.1512674583162724E-02|       1007|
 7|   2.800E+01|                 Infinity|   3.4401045807689073E-02|        845|
 7|   3.000E+01|                 Infinity|   3.8124642583151166E-02|        688|
 7|   3.200E+01|                 Infinity|   4.5221563164613454E-02|        489|
 7|   3.400E+01|                 Infinity|   4.5267873021259265E-02|        488|
 7|   3.600E+01|                 Infinity|   4.6676002800933661E-02|        459|
 7|   3.800E+01|                 Infinity|   4.5267873021259265E-02|        488|
 7|   4.000E+01|                 Infinity|   4.4065264923923174E-02|        515|
 7|   4.200E+01|                 Infinity|   4.8393391849582724E-02|        427|
 7|   4.400E+01|                 Infinity|   4.7836487323493986E-02|        437|
 7|   4.600E+01|                 Infinity|   4.6028730894916173E-02|        472|
 7|   4.800E+01|                 Infinity|   4.4237395520380883E-02|        511|
 7|   5.000E+01|                 Infinity|   4.5407660918649985E-02|        485|
 7|   5.200E+01|                 Infinity|   4.5643546458763840E-02|        480|
 7|   5.400E+01|                 Infinity|   4.5454545454545456E-02|        484|
 7|   5.600E+01|                 Infinity|   4.5548751867427691E-02|        482|
 7|   5.800E+01|                 Infinity|   4.4022545316281192E-02|        516|
 7|   6.000E+01|                 Infinity|   4.3153185200210310E-02|        537|
 7|   6.200E+01|                 Infinity|   3.8984058779272523E-02|        658|
 7|   6.400E+01|                 Infinity|   3.4668762264076822E-02|        832|
 7|   6.600E+01|                 Infinity|   3.1943828249996996E-02|        980|
 7|   6.800E+01|                 Infinity|   3.5828718195000928E-02|        779|
 7|   7.000E+01|                 Infinity|   3.7904902178945168E-02|        696|
 7|   7.200E+01|                 Infinity|   4.0258484111423729E-02|        617|
 7|   7.400E+01|                 Infinity|   4.2220033092074907E-02|        561|
 7|   7.600E+01|                 Infinity|   3.4001020045902296E-02|        865|
 7|   7.800E+01|                 Infinity|   4.2835293687811936E-02|        545|
 7|   8.000E+01|                 Infinity|   2.9462782549439483E-02|       1152|
 7|   8.200E+01|                 Infinity|   3.3167906340332974E-02|        909|
 7|   8.400E+01|                 Infinity|   4.0128617695256406E-02|        621|
 7|   8.600E+01|                 Infinity|   2.4829877392851134E-02|       1622|
 7|   8.800E+01|                 Infinity|   1.2707188138575309E-02|       6193|
 7|   9.000E+01|                 Infinity|   8.5017908783254874E-03|      13835|
 7|   9.200E+01|                 Infinity|   1.5969877280748043E-02|       3921|
 7|   9.400E+01|                 Infinity|   3.4279558509553047E-02|        851|
 7|   9.600E+01|                 Infinity|   5.0315460542662761E-02|        395|
 7|   9.800E+01|                 Infinity|   4.7088160934801108E-02|        451|
 7|   1.000E+02|                 Infinity|   8.0064076902543566E-02|        156|
 7|   1.020E+02|                 Infinity|   9.5346258924559238E-02|        110|
 7|   1.040E+02|                 Infinity|   9.9503719020998915E-02|        101|
 7|   1.060E+02|                 Infinity|   1.0599978800063600E-01|         89|
 7|   1.080E+02|                 Infinity|   1.3363062095621220E-01|         56|
 7|   1.100E+02|                 Infinity|   1.3245323570650439E-01|         57|
 7|   1.120E+02|                 Infinity|   1.3363062095621220E-01|         56|
 7|   1.140E+02|                 Infinity|   1.5075567228888181E-01|         44|
 7|   1.160E+02|                 Infinity|   1.4433756729740646E-01|         48|
 7|   1.180E+02|                 Infinity|   1.5249857033260467E-01|         43|
 7|   1.200E+02|                 Infinity|   1.9245008972987526E-01|         27|
 7|   1.220E+02|                 Infinity|   1.5430334996209191E-01|         42|
 7|   1.240E+02|                 Infinity|   2.1320071635561041E-01|         22|
 7|   1.260E+02|                 Infinity|   2.2941573387056174E-01|         19|
 7|   1.280E+02|                 Infinity|   2.1320071635561041E-01|         22|
 7|   1.300E+02|                 Infinity|   2.1821789023599239E-01|         21|
 7|   1.320E+02|                 Infinity|   1.9611613513818404E-01|         26|
 7|   1.340E+02|                 Infinity|   2.4253562503633297E-01|         17|
 7|   1.360E+02|                 Infinity|   2.2360679774997896E-01|         20|
 7|   1.380E+02|                 Infinity|   2.7735009811261457E-01|         13|
 7|   1.400E+02|                 Infinity|   2.2941573387056174E-01|         19|
 7|   1.420E+02|                 Infinity|   2.6726124191242440E-01|         14|
 7|   1.440E+02|                 Infinity|   2.5819888974716110E-01|         15|
 7|   1.460E+02|                 Infinity|   3.5355339059327373E-01|          8|
 7|   1.480E+02|                 Infinity|   2.6726124191242440E-01|         14|
 7|   1.500E+02|                 Infinity|   3.5355339059327373E-01|          8|
 7|   1.520E+02|                 Infinity|   3.5355339059327373E-01|          8|
 7|   1.540E+02|                 Infinity|   3.5355339059327373E-01|          8|
 7|   1.560E+02|                 Infinity|   3.7796447300922720E-01|          7|
 7|   1.580E+02|                 Infinity|   3.3333333333333331E-01|          9|
 7|   1.600E+02|                 Infinity|   3.5355339059327373E-01|          8|
 7|   1.620E+02|                 Infinity|   4.0824829046386307E-01|          6|
 7|   1.640E+02|                 Infinity|   5.0000000000000000E-01|          4|
 7|   1.660E+02|                 Infinity|   5.0000000000000000E-01|          4|
 7|   1.680E+02|                 Infinity|   5.7735026918962584E-01|          3|
 7|   1.700E+02|                 Infinity|   5.0000000000000000E-01|          4|
 7|   1.720E+02|                 Infinity|   4.0824829046386307E-01|          6|
 7|   1.740E+02|                 Infinity|   5.0000000000000000E-01|          4|
 7|   1.760E+02|                 Infinity|   3.5355339059327373E-01|          8|
 7|   1.780E+02|                 Infinity|   5.0000000000000000E-01|          4|
 7|   1.800E+02|                 Infinity|   4.4721359549995793E-01|          5|
 7|   1.820E+02|                 Infinity|   4.0824829046386307E-01|          6|
 7|   1.840E+02|                 Infinity|   4.4721359549995793E-01|          5|
 7|   1.860E+02|                 Infinity|   4.4721359549995793E-01|          5|
 7|   1.880E+02|                 Infinity|   7.0710678118654746E-01|          2|
 7|   1.900E+02|                 Infinity|   5.7735026918962584E-01|          3|
 7|   1.920E+02|                 Infinity|   5.7735026918962584E-01|          3|
 7|   1.940E+02|                      NaN|   0.0000000000000000E+00|          0|
 7|   1.960E+02|                 Infinity|   7.0710678118654746E-01|          2|
 7|   1.980E+02|                 Infinity|   5.7735026918962584E-01|          3|
# integrated result:   1.1811954187746314E-05
#
# Histogram 8: m_4l                                              
 8|   1.000E+02|                 Infinity|   9.3392708462140990E-03|      11465|
 8|   1.400E+02|                 Infinity|   9.8365942950100899E-03|      10335|
 8|   1.800E+02|                 Infinity|   1.0658219230675774E-02|       8803|
 8|   2.200E+02|                 Infinity|   1.1980559344639154E-02|       6967|
 8|   2.600E+02|                 Infinity|   1.3492586174176429E-02|       5493|
 8|   3.000E+02|                 Infinity|   1.5448737310436523E-02|       4190|
 8|   3.400E+02|                 Infinity|   1.7989569074028863E-02|       3090|
 8|   3.800E+02|                 Infinity|   1.9912576573338177E-02|       2522|
 8|   4.200E+02|                 Infinity|   2.3389013486249399E-02|       1828|
 8|   4.600E+02|                 Infinity|   2.7027027027027029E-02|       1369|
 8|   5.000E+02|                 Infinity|   3.0772872744833181E-02|       1056|
 8|   5.400E+02|                 Infinity|   3.5646150289975954E-02|        787|
 8|   5.800E+02|                 Infinity|   4.3153185200210310E-02|        537|
 8|   6.200E+02|                 Infinity|   5.3149400345273393E-02|        354|
 8|   6.600E+02|                 Infinity|   6.2136976600120006E-02|        259|
 8|   7.000E+02|                 Infinity|   6.9504804685691590E-02|        207|
 8|   7.400E+02|                 Infinity|   8.5435765771676095E-02|        137|
 8|   7.800E+02|                 Infinity|   1.0599978800063600E-01|         89|
 8|   8.200E+02|                 Infinity|   1.0050378152592121E-01|         99|
 8|   8.600E+02|                 Infinity|   1.1470786693528087E-01|         76|
 8|   9.000E+02|                 Infinity|   1.4002800840280097E-01|         51|
 8|   9.400E+02|                 Infinity|   1.6222142113076254E-01|         38|
 8|   9.800E+02|                 Infinity|   2.0412414523193154E-01|         24|
 8|   1.020E+03|                 Infinity|   2.1821789023599239E-01|         21|
 8|   1.060E+03|                 Infinity|   2.4253562503633297E-01|         17|
 8|   1.100E+03|                 Infinity|   2.3570226039551587E-01|         18|
 8|   1.140E+03|                 Infinity|   3.3333333333333331E-01|          9|
 8|   1.180E+03|                 Infinity|   2.8867513459481292E-01|         12|
 8|   1.220E+03|                 Infinity|   5.0000000000000000E-01|          4|
 8|   1.260E+03|                 Infinity|   3.5355339059327373E-01|          8|
 8|   1.300E+03|                 Infinity|   7.0710678118654746E-01|          2|
 8|   1.340E+03|                 Infinity|   5.0000000000000000E-01|          4|
 8|   1.380E+03|                 Infinity|   3.1622776601683794E-01|         10|
 8|   1.420E+03|                 Infinity|   7.0710678118654746E-01|          2|
 8|   1.460E+03|                 Infinity|   5.7735026918962584E-01|          3|
 8|   1.500E+03|                 Infinity|   3.7796447300922720E-01|          7|
 8|   1.540E+03|                 Infinity|   5.7735026918962584E-01|          3|
 8|   1.580E+03|                 Infinity|   5.0000000000000000E-01|          4|
 8|   1.620E+03|                 Infinity|   1.0000000000000000E+00|          1|
 8|   1.660E+03|                 Infinity|   5.7735026918962584E-01|          3|
 8|   1.700E+03|                      NaN|   0.0000000000000000E+00|          0|
 8|   1.740E+03|                 Infinity|   7.0710678118654746E-01|          2|
 8|   1.780E+03|                 Infinity|   5.7735026918962584E-01|          3|
 8|   1.820E+03|                 Infinity|   7.0710678118654746E-01|          2|
 8|   1.860E+03|                      NaN|   0.0000000000000000E+00|          0|
 8|   1.900E+03|                 Infinity|   1.0000000000000000E+00|          1|
 8|   1.940E+03|                 Infinity|   7.0710678118654746E-01|          2|
 8|   1.980E+03|                 Infinity|   7.0710678118654746E-01|          2|
 8|   2.020E+03|                 Infinity|   1.0000000000000000E+00|          1|
 8|   2.060E+03|                      NaN|   0.0000000000000000E+00|          0|
 8|   2.100E+03|                 Infinity|   5.7735026918962584E-01|          3|
 8|   2.140E+03|                      NaN|   0.0000000000000000E+00|          0|
 8|   2.180E+03|                      NaN|   0.0000000000000000E+00|          0|
 8|   2.220E+03|                 Infinity|   1.0000000000000000E+00|          1|
 8|   2.260E+03|                      NaN|   0.0000000000000000E+00|          0|
 8|   2.300E+03|                      NaN|   0.0000000000000000E+00|          0|
 8|   2.340E+03|                      NaN|   0.0000000000000000E+00|          0|
 8|   2.380E+03|                 Infinity|   7.0710678118654746E-01|          2|
 8|   2.420E+03|                      NaN|   0.0000000000000000E+00|          0|
 8|   2.460E+03|                 Infinity|   5.7735026918962584E-01|          3|
 8|   2.500E+03|                      NaN|   0.0000000000000000E+00|          0|
 8|   2.540E+03|                      NaN|   0.0000000000000000E+00|          0|
 8|   2.580E+03|                      NaN|   0.0000000000000000E+00|          0|
 8|   2.620E+03|                      NaN|   0.0000000000000000E+00|          0|
 8|   2.660E+03|                 Infinity|   7.0710678118654746E-01|          2|
 8|   2.700E+03|                      NaN|   0.0000000000000000E+00|          0|
 8|   2.740E+03|                 Infinity|   1.0000000000000000E+00|          1|
 8|   2.780E+03|                      NaN|   0.0000000000000000E+00|          0|
 8|   2.820E+03|                      NaN|   0.0000000000000000E+00|          0|
 8|   2.860E+03|                      NaN|   0.0000000000000000E+00|          0|
 8|   2.900E+03|                      NaN|   0.0000000000000000E+00|          0|
 8|   2.940E+03|                 Infinity|   1.0000000000000000E+00|          1|
 8|   2.980E+03|                      NaN|   0.0000000000000000E+00|          0|
 8|   3.020E+03|                      NaN|   0.0000000000000000E+00|          0|
 8|   3.060E+03|                      NaN|   0.0000000000000000E+00|          0|
 8|   3.100E+03|                      NaN|   0.0000000000000000E+00|          0|
 8|   3.140E+03|                      NaN|   0.0000000000000000E+00|          0|
 8|   3.180E+03|                      NaN|   0.0000000000000000E+00|          0|
 8|   3.220E+03|                      NaN|   0.0000000000000000E+00|          0|
 8|   3.260E+03|                      NaN|   0.0000000000000000E+00|          0|
 8|   3.300E+03|                      NaN|   0.0000000000000000E+00|          0|
 8|   3.340E+03|                      NaN|   0.0000000000000000E+00|          0|
 8|   3.380E+03|                      NaN|   0.0000000000000000E+00|          0|
 8|   3.420E+03|                      NaN|   0.0000000000000000E+00|          0|
 8|   3.460E+03|                      NaN|   0.0000000000000000E+00|          0|
 8|   3.500E+03|                      NaN|   0.0000000000000000E+00|          0|
 8|   3.540E+03|                      NaN|   0.0000000000000000E+00|          0|
 8|   3.580E+03|                      NaN|   0.0000000000000000E+00|          0|
 8|   3.620E+03|                      NaN|   0.0000000000000000E+00|          0|
 8|   3.660E+03|                      NaN|   0.0000000000000000E+00|          0|
 8|   3.700E+03|                      NaN|   0.0000000000000000E+00|          0|
 8|   3.740E+03|                      NaN|   0.0000000000000000E+00|          0|
 8|   3.780E+03|                      NaN|   0.0000000000000000E+00|          0|
 8|   3.820E+03|                      NaN|   0.0000000000000000E+00|          0|
 8|   3.860E+03|                      NaN|   0.0000000000000000E+00|          0|
 8|   3.900E+03|                      NaN|   0.0000000000000000E+00|          0|
 8|   3.940E+03|                      NaN|   0.0000000000000000E+00|          0|
 8|   3.980E+03|                      NaN|   0.0000000000000000E+00|          0|
 8|   4.020E+03|                      NaN|   0.0000000000000000E+00|          0|
 8|   4.060E+03|                      NaN|   0.0000000000000000E+00|          0|
# integrated result:   1.1811954187746303E-05
#
# Histogram 9: m_4l                                              
 9|   8.500E+01|                 Infinity|   5.8621038176054921E-02|        291|
 9|   8.600E+01|                 Infinity|   6.1429511683395117E-02|        265|
 9|   8.700E+01|                 Infinity|   6.5795169495976899E-02|        231|
 9|   8.800E+01|                 Infinity|   6.4549722436790274E-02|        240|
 9|   8.900E+01|                 Infinity|   6.5938047339578698E-02|        230|
 9|   9.000E+01|                 Infinity|   6.2136976600120006E-02|        259|
 9|   9.100E+01|                 Infinity|   6.3887656499993992E-02|        245|
 9|   9.200E+01|                 Infinity|   6.9006555934235422E-02|        210|
 9|   9.300E+01|                 Infinity|   6.9504804685691590E-02|        207|
 9|   9.400E+01|                 Infinity|   7.1428571428571425E-02|        196|
 9|   9.500E+01|                 Infinity|   6.5653216429861272E-02|        232|
 9|   9.600E+01|                 Infinity|   6.2136976600120006E-02|        259|
 9|   9.700E+01|                 Infinity|   6.2017367294604234E-02|        260|
 9|   9.800E+01|                 Infinity|   6.5094455490411943E-02|        236|
 9|   9.900E+01|                 Infinity|   6.2869461346193145E-02|        253|
 9|   1.000E+02|                 Infinity|   6.1429511683395117E-02|        265|
 9|   1.010E+02|                 Infinity|   5.9868434008924963E-02|        279|
 9|   1.020E+02|                 Infinity|   6.0633906259083242E-02|        272|
 9|   1.030E+02|                 Infinity|   6.0084176812610968E-02|        277|
 9|   1.040E+02|                 Infinity|   5.8925565098878967E-02|        288|
 9|   1.050E+02|                 Infinity|   6.2136976600120006E-02|        259|
 9|   1.060E+02|                 Infinity|   6.0522753266880246E-02|        273|
 9|   1.070E+02|                 Infinity|   5.9028133610095526E-02|        287|
 9|   1.080E+02|                 Infinity|   5.3838190205816552E-02|        345|
 9|   1.090E+02|                 Infinity|   5.5555555555555552E-02|        324|
 9|   1.100E+02|                 Infinity|   5.8520573598065284E-02|        292|
 9|   1.110E+02|                 Infinity|   5.7353933467640436E-02|        304|
 9|   1.120E+02|                 Infinity|   5.6888012398857428E-02|        309|
 9|   1.130E+02|                 Infinity|   5.8520573598065284E-02|        292|
 9|   1.140E+02|                 Infinity|   5.6613851707229781E-02|        312|
 9|   1.150E+02|                 Infinity|   5.8025885318565944E-02|        297|
 9|   1.160E+02|                 Infinity|   5.7353933467640436E-02|        304|
 9|   1.170E+02|                 Infinity|   6.2136976600120006E-02|        259|
 9|   1.180E+02|                 Infinity|   5.8925565098878967E-02|        288|
 9|   1.190E+02|                 Infinity|   5.9549133417541367E-02|        282|
 9|   1.200E+02|                 Infinity|   5.9868434008924963E-02|        279|
 9|   1.210E+02|                 Infinity|   5.8123819371909642E-02|        296|
 9|   1.220E+02|                 Infinity|   5.9868434008924963E-02|        279|
 9|   1.230E+02|                 Infinity|   6.0522753266880246E-02|        273|
 9|   1.240E+02|                 Infinity|   5.9234887775909233E-02|        285|
 9|   1.250E+02|                 Infinity|   5.9443829827776400E-02|        283|
 9|   1.260E+02|                 Infinity|   6.0084176812610968E-02|        277|
 9|   1.270E+02|                 Infinity|   6.0745673923078697E-02|        271|
 9|   1.280E+02|                 Infinity|   5.5727821257535282E-02|        322|
 9|   1.290E+02|                 Infinity|   5.9443829827776400E-02|        283|
 9|   1.300E+02|                 Infinity|   5.5300126360933101E-02|        327|
 9|   1.310E+02|                 Infinity|   5.9868434008924963E-02|        279|
 9|   1.320E+02|                 Infinity|   5.9549133417541367E-02|        282|
 9|   1.330E+02|                 Infinity|   5.9234887775909233E-02|        285|
 9|   1.340E+02|                 Infinity|   6.0971076084969232E-02|        269|
# integrated result:   1.1811954187746278E-05
#
# Histogram10: Phi1                                              
10|  -3.142E+00|                 Infinity|   2.9323117635391110E-02|       1163|
10|  -2.985E+00|                 Infinity|   2.8524895269256473E-02|       1229|
10|  -2.827E+00|                 Infinity|   2.6958193300859603E-02|       1376|
10|  -2.670E+00|                 Infinity|   2.5441092565739218E-02|       1545|
10|  -2.513E+00|                 Infinity|   2.5523828044507795E-02|       1535|
10|  -2.356E+00|                 Infinity|   2.5498922693273831E-02|       1538|
10|  -2.199E+00|                 Infinity|   2.5828499910081303E-02|       1499|
10|  -2.042E+00|                 Infinity|   2.6162237992630243E-02|       1461|
10|  -1.885E+00|                 Infinity|   2.4544034683690801E-02|       1660|
10|  -1.728E+00|                 Infinity|   2.4891337579430815E-02|       1614|
10|  -1.571E+00|                 Infinity|   2.3762422826087874E-02|       1771|
10|  -1.414E+00|                 Infinity|   2.2524579279982866E-02|       1971|
10|  -1.257E+00|                 Infinity|   2.1531531793663645E-02|       2157|
10|  -1.100E+00|                 Infinity|   2.1516574145596760E-02|       2160|
10|  -9.425E-01|                 Infinity|   2.2399913984495451E-02|       1993|
10|  -7.854E-01|                 Infinity|   2.2756677931351457E-02|       1931|
10|  -6.283E-01|                 Infinity|   2.2929508398902763E-02|       1902|
10|  -4.713E-01|                 Infinity|   2.4175473851486187E-02|       1711|
10|  -3.142E-01|                 Infinity|   2.4332412774463609E-02|       1689|
10|  -1.571E-01|                 Infinity|   2.5432863197073090E-02|       1546|
10|  -3.000E-05|                 Infinity|   2.4098134635593994E-02|       1722|
10|   1.570E-01|                 Infinity|   2.3389013486249399E-02|       1828|
10|   3.141E-01|                 Infinity|   2.3038783879204570E-02|       1884|
10|   4.712E-01|                 Infinity|   2.2616563651595031E-02|       1955|
10|   6.283E-01|                 Infinity|   2.2857516044124723E-02|       1914|
10|   7.854E-01|                 Infinity|   2.2605003945421219E-02|       1957|
10|   9.424E-01|                 Infinity|   2.1687943336591728E-02|       2126|
10|   1.100E+00|                 Infinity|   2.1642182767490251E-02|       2135|
10|   1.257E+00|                 Infinity|   2.3414645289542350E-02|       1824|
10|   1.414E+00|                 Infinity|   2.4133196686197629E-02|       1717|
10|   1.571E+00|                 Infinity|   2.4723408821707437E-02|       1636|
10|   1.728E+00|                 Infinity|   2.4822226837318159E-02|       1623|
10|   1.885E+00|                 Infinity|   2.5078493128775959E-02|       1590|
10|   2.042E+00|                 Infinity|   2.5133880308373671E-02|       1583|
10|   2.199E+00|                 Infinity|   2.5269934785963448E-02|       1566|
10|   2.356E+00|                 Infinity|   2.4310831916315757E-02|       1692|
10|   2.513E+00|                 Infinity|   2.4463116021507716E-02|       1671|
10|   2.670E+00|                 Infinity|   2.5490637096729083E-02|       1539|
10|   2.827E+00|                 Infinity|   2.6612314770617474E-02|       1412|
10|   2.984E+00|                 Infinity|   2.7713699773684663E-02|       1302|
# integrated result:   1.1811954187746305E-05
#
