#
# column #1=histogram, #2=x-axis bin, #3=binned cross-section, #4=error, #5=number of events 
# this can be easily plotted in gnuplot with the commands:
#    NHi=3
#    plot 'output.dat' using ($2):($1==NHi ? $3 : 1/0) w st
# where NHi selects the histogram
#
#
# run time =      -0.00min
# TotCS =      9.0815974092E-04           1.13508E-04
#
# Histogram 1: m_jj                                              
 1|   0.000E+00|                      NaN|   0.0000000000000000E+00|          0|
 1|   5.000E+01|                 Infinity|   3.9754596965595771E-03|      63274|
 1|   1.000E+02|                 Infinity|   5.0636968354183333E-02|        390|
 1|   1.500E+02|                 Infinity|   1.3736056394868904E-01|         53|
 1|   2.000E+02|                 Infinity|   2.5819888974716110E-01|         15|
 1|   2.500E+02|                 Infinity|   3.1622776601683794E-01|         10|
 1|   3.000E+02|                 Infinity|   5.0000000000000000E-01|          4|
 1|   3.500E+02|                      NaN|   0.0000000000000000E+00|          0|
 1|   4.000E+02|                      NaN|   0.0000000000000000E+00|          0|
 1|   4.500E+02|                      NaN|   0.0000000000000000E+00|          0|
 1|   5.000E+02|                      NaN|   0.0000000000000000E+00|          0|
 1|   5.500E+02|                      NaN|   0.0000000000000000E+00|          0|
 1|   6.000E+02|                      NaN|   0.0000000000000000E+00|          0|
 1|   6.500E+02|                      NaN|   0.0000000000000000E+00|          0|
 1|   7.000E+02|                      NaN|   0.0000000000000000E+00|          0|
 1|   7.500E+02|                      NaN|   0.0000000000000000E+00|          0|
 1|   8.000E+02|                      NaN|   0.0000000000000000E+00|          0|
 1|   8.500E+02|                      NaN|   0.0000000000000000E+00|          0|
 1|   9.000E+02|                      NaN|   0.0000000000000000E+00|          0|
 1|   9.500E+02|                      NaN|   0.0000000000000000E+00|          0|
 1|   1.000E+03|                      NaN|   0.0000000000000000E+00|          0|
 1|   1.050E+03|                      NaN|   0.0000000000000000E+00|          0|
 1|   1.100E+03|                      NaN|   0.0000000000000000E+00|          0|
 1|   1.150E+03|                      NaN|   0.0000000000000000E+00|          0|
 1|   1.200E+03|                      NaN|   0.0000000000000000E+00|          0|
 1|   1.250E+03|                      NaN|   0.0000000000000000E+00|          0|
 1|   1.300E+03|                      NaN|   0.0000000000000000E+00|          0|
 1|   1.350E+03|                      NaN|   0.0000000000000000E+00|          0|
 1|   1.400E+03|                      NaN|   0.0000000000000000E+00|          0|
 1|   1.450E+03|                      NaN|   0.0000000000000000E+00|          0|
 1|   1.500E+03|                      NaN|   0.0000000000000000E+00|          0|
 1|   1.550E+03|                      NaN|   0.0000000000000000E+00|          0|
 1|   1.600E+03|                      NaN|   0.0000000000000000E+00|          0|
 1|   1.650E+03|                      NaN|   0.0000000000000000E+00|          0|
 1|   1.700E+03|                      NaN|   0.0000000000000000E+00|          0|
 1|   1.750E+03|                      NaN|   0.0000000000000000E+00|          0|
 1|   1.800E+03|                      NaN|   0.0000000000000000E+00|          0|
 1|   1.850E+03|                      NaN|   0.0000000000000000E+00|          0|
 1|   1.900E+03|                      NaN|   0.0000000000000000E+00|          0|
 1|   1.950E+03|                      NaN|   0.0000000000000000E+00|          0|
 1|   2.000E+03|                      NaN|   0.0000000000000000E+00|          0|
 1|   2.050E+03|                      NaN|   0.0000000000000000E+00|          0|
 1|   2.100E+03|                      NaN|   0.0000000000000000E+00|          0|
 1|   2.150E+03|                      NaN|   0.0000000000000000E+00|          0|
 1|   2.200E+03|                      NaN|   0.0000000000000000E+00|          0|
 1|   2.250E+03|                      NaN|   0.0000000000000000E+00|          0|
 1|   2.300E+03|                      NaN|   0.0000000000000000E+00|          0|
 1|   2.350E+03|                      NaN|   0.0000000000000000E+00|          0|
 1|   2.400E+03|                      NaN|   0.0000000000000000E+00|          0|
 1|   2.450E+03|                      NaN|   0.0000000000000000E+00|          0|
 1|   2.500E+03|                      NaN|   0.0000000000000000E+00|          0|
 1|   2.550E+03|                      NaN|   0.0000000000000000E+00|          0|
 1|   2.600E+03|                      NaN|   0.0000000000000000E+00|          0|
 1|   2.650E+03|                      NaN|   0.0000000000000000E+00|          0|
 1|   2.700E+03|                      NaN|   0.0000000000000000E+00|          0|
 1|   2.750E+03|                      NaN|   0.0000000000000000E+00|          0|
 1|   2.800E+03|                      NaN|   0.0000000000000000E+00|          0|
 1|   2.850E+03|                      NaN|   0.0000000000000000E+00|          0|
 1|   2.900E+03|                      NaN|   0.0000000000000000E+00|          0|
 1|   2.950E+03|                      NaN|   0.0000000000000000E+00|          0|
 1|   3.000E+03|                      NaN|   0.0000000000000000E+00|          0|
 1|   3.050E+03|                      NaN|   0.0000000000000000E+00|          0|
 1|   3.100E+03|                      NaN|   0.0000000000000000E+00|          0|
 1|   3.150E+03|                      NaN|   0.0000000000000000E+00|          0|
 1|   3.200E+03|                      NaN|   0.0000000000000000E+00|          0|
 1|   3.250E+03|                      NaN|   0.0000000000000000E+00|          0|
 1|   3.300E+03|                      NaN|   0.0000000000000000E+00|          0|
 1|   3.350E+03|                      NaN|   0.0000000000000000E+00|          0|
 1|   3.400E+03|                      NaN|   0.0000000000000000E+00|          0|
 1|   3.450E+03|                      NaN|   0.0000000000000000E+00|          0|
 1|   3.500E+03|                      NaN|   0.0000000000000000E+00|          0|
 1|   3.550E+03|                      NaN|   0.0000000000000000E+00|          0|
 1|   3.600E+03|                      NaN|   0.0000000000000000E+00|          0|
 1|   3.650E+03|                      NaN|   0.0000000000000000E+00|          0|
 1|   3.700E+03|                      NaN|   0.0000000000000000E+00|          0|
 1|   3.750E+03|                      NaN|   0.0000000000000000E+00|          0|
 1|   3.800E+03|                      NaN|   0.0000000000000000E+00|          0|
 1|   3.850E+03|                      NaN|   0.0000000000000000E+00|          0|
 1|   3.900E+03|                      NaN|   0.0000000000000000E+00|          0|
 1|   3.950E+03|                      NaN|   0.0000000000000000E+00|          0|
 1|   4.000E+03|                      NaN|   0.0000000000000000E+00|          0|
 1|   4.050E+03|                      NaN|   0.0000000000000000E+00|          0|
 1|   4.100E+03|                      NaN|   0.0000000000000000E+00|          0|
 1|   4.150E+03|                      NaN|   0.0000000000000000E+00|          0|
 1|   4.200E+03|                      NaN|   0.0000000000000000E+00|          0|
 1|   4.250E+03|                      NaN|   0.0000000000000000E+00|          0|
 1|   4.300E+03|                      NaN|   0.0000000000000000E+00|          0|
 1|   4.350E+03|                      NaN|   0.0000000000000000E+00|          0|
 1|   4.400E+03|                      NaN|   0.0000000000000000E+00|          0|
 1|   4.450E+03|                      NaN|   0.0000000000000000E+00|          0|
 1|   4.500E+03|                      NaN|   0.0000000000000000E+00|          0|
 1|   4.550E+03|                      NaN|   0.0000000000000000E+00|          0|
 1|   4.600E+03|                      NaN|   0.0000000000000000E+00|          0|
 1|   4.650E+03|                      NaN|   0.0000000000000000E+00|          0|
 1|   4.700E+03|                      NaN|   0.0000000000000000E+00|          0|
 1|   4.750E+03|                      NaN|   0.0000000000000000E+00|          0|
 1|   4.800E+03|                      NaN|   0.0000000000000000E+00|          0|
 1|   4.850E+03|                      NaN|   0.0000000000000000E+00|          0|
 1|   4.900E+03|                      NaN|   0.0000000000000000E+00|          0|
 1|   4.950E+03|                      NaN|   0.0000000000000000E+00|          0|
# integrated result:   9.0815974092370571E-04
#
# Histogram 2: m_jj                                              
 2|   0.000E+00|                      NaN|   0.0000000000000000E+00|          0|
 2|   2.000E+00|                      NaN|   0.0000000000000000E+00|          0|
 2|   4.000E+00|                      NaN|   0.0000000000000000E+00|          0|
 2|   6.000E+00|                      NaN|   0.0000000000000000E+00|          0|
 2|   8.000E+00|                      NaN|   0.0000000000000000E+00|          0|
 2|   1.000E+01|                      NaN|   0.0000000000000000E+00|          0|
 2|   1.200E+01|                      NaN|   0.0000000000000000E+00|          0|
 2|   1.400E+01|                      NaN|   0.0000000000000000E+00|          0|
 2|   1.600E+01|                      NaN|   0.0000000000000000E+00|          0|
 2|   1.800E+01|                      NaN|   0.0000000000000000E+00|          0|
 2|   2.000E+01|                      NaN|   0.0000000000000000E+00|          0|
 2|   2.200E+01|                      NaN|   0.0000000000000000E+00|          0|
 2|   2.400E+01|                      NaN|   0.0000000000000000E+00|          0|
 2|   2.600E+01|                      NaN|   0.0000000000000000E+00|          0|
 2|   2.800E+01|                      NaN|   0.0000000000000000E+00|          0|
 2|   3.000E+01|                      NaN|   0.0000000000000000E+00|          0|
 2|   3.200E+01|                      NaN|   0.0000000000000000E+00|          0|
 2|   3.400E+01|                      NaN|   0.0000000000000000E+00|          0|
 2|   3.600E+01|                      NaN|   0.0000000000000000E+00|          0|
 2|   3.800E+01|                      NaN|   0.0000000000000000E+00|          0|
 2|   4.000E+01|                      NaN|   0.0000000000000000E+00|          0|
 2|   4.200E+01|                      NaN|   0.0000000000000000E+00|          0|
 2|   4.400E+01|                      NaN|   0.0000000000000000E+00|          0|
 2|   4.600E+01|                      NaN|   0.0000000000000000E+00|          0|
 2|   4.800E+01|                      NaN|   0.0000000000000000E+00|          0|
 2|   5.000E+01|                      NaN|   0.0000000000000000E+00|          0|
 2|   5.200E+01|                      NaN|   0.0000000000000000E+00|          0|
 2|   5.400E+01|                      NaN|   0.0000000000000000E+00|          0|
 2|   5.600E+01|                      NaN|   0.0000000000000000E+00|          0|
 2|   5.800E+01|                      NaN|   0.0000000000000000E+00|          0|
 2|   6.000E+01|                      NaN|   0.0000000000000000E+00|          0|
 2|   6.200E+01|                      NaN|   0.0000000000000000E+00|          0|
 2|   6.400E+01|                      NaN|   0.0000000000000000E+00|          0|
 2|   6.600E+01|                      NaN|   0.0000000000000000E+00|          0|
 2|   6.800E+01|                      NaN|   0.0000000000000000E+00|          0|
 2|   7.000E+01|                 Infinity|   3.2897584747988450E-02|        924|
 2|   7.200E+01|                 Infinity|   3.1782086308186408E-02|        990|
 2|   7.400E+01|                 Infinity|   2.1281413268968714E-02|       2208|
 2|   7.600E+01|                 Infinity|   1.7595383576944672E-02|       3230|
 2|   7.800E+01|                 Infinity|   8.4694076411252102E-03|      13941|
 2|   8.000E+01|                 Infinity|   5.5803258637147132E-03|      32113|
 2|   8.200E+01|                 Infinity|   1.2221505550008444E-02|       6695|
 2|   8.400E+01|                 Infinity|   2.5383654128340479E-02|       1552|
 2|   8.600E+01|                 Infinity|   3.5201667190438143E-02|        807|
 2|   8.800E+01|                 Infinity|   6.2622429108514954E-02|        255|
 2|   9.000E+01|                 Infinity|   7.8811040623910061E-02|        161|
 2|   9.200E+01|                 Infinity|   8.2478609884232251E-02|        147|
 2|   9.400E+01|                 Infinity|   1.0369516947304253E-01|         93|
 2|   9.600E+01|                 Infinity|   1.0540925533894598E-01|         90|
 2|   9.800E+01|                 Infinity|   1.2126781251816648E-01|         68|
 2|   1.000E+02|                 Infinity|   1.2803687993289598E-01|         61|
 2|   1.020E+02|                 Infinity|   1.5811388300841897E-01|         40|
 2|   1.040E+02|                 Infinity|   1.5249857033260467E-01|         43|
 2|   1.060E+02|                 Infinity|   2.0000000000000001E-01|         25|
 2|   1.080E+02|                 Infinity|   1.9245008972987526E-01|         27|
 2|   1.100E+02|                 Infinity|   2.0851441405707477E-01|         23|
 2|   1.120E+02|                 Infinity|   2.5819888974716110E-01|         15|
 2|   1.140E+02|                 Infinity|   2.5000000000000000E-01|         16|
 2|   1.160E+02|                 Infinity|   3.1622776601683794E-01|         10|
 2|   1.180E+02|                 Infinity|   2.8867513459481292E-01|         12|
 2|   1.200E+02|                 Infinity|   2.6726124191242440E-01|         14|
 2|   1.220E+02|                 Infinity|   2.8867513459481292E-01|         12|
 2|   1.240E+02|                 Infinity|   2.7735009811261457E-01|         13|
 2|   1.260E+02|                 Infinity|   3.1622776601683794E-01|         10|
 2|   1.280E+02|                 Infinity|   2.5819888974716110E-01|         15|
 2|   1.300E+02|                 Infinity|   4.4721359549995793E-01|          5|
 2|   1.320E+02|                 Infinity|   3.7796447300922720E-01|          7|
 2|   1.340E+02|                 Infinity|   4.0824829046386307E-01|          6|
 2|   1.360E+02|                 Infinity|   4.0824829046386307E-01|          6|
 2|   1.380E+02|                 Infinity|   4.4721359549995793E-01|          5|
 2|   1.400E+02|                 Infinity|   3.5355339059327373E-01|          8|
 2|   1.420E+02|                 Infinity|   3.7796447300922720E-01|          7|
 2|   1.440E+02|                 Infinity|   5.0000000000000000E-01|          4|
 2|   1.460E+02|                 Infinity|   7.0710678118654746E-01|          2|
 2|   1.480E+02|                 Infinity|   5.0000000000000000E-01|          4|
 2|   1.500E+02|                 Infinity|   7.0710678118654746E-01|          2|
 2|   1.520E+02|                 Infinity|   4.4721359549995793E-01|          5|
 2|   1.540E+02|                 Infinity|   5.0000000000000000E-01|          4|
 2|   1.560E+02|                 Infinity|   5.7735026918962584E-01|          3|
 2|   1.580E+02|                 Infinity|   4.4721359549995793E-01|          5|
 2|   1.600E+02|                 Infinity|   5.7735026918962584E-01|          3|
 2|   1.620E+02|                 Infinity|   1.0000000000000000E+00|          1|
 2|   1.640E+02|                 Infinity|   5.0000000000000000E-01|          4|
 2|   1.660E+02|                 Infinity|   1.0000000000000000E+00|          1|
 2|   1.680E+02|                 Infinity|   5.0000000000000000E-01|          4|
 2|   1.700E+02|                 Infinity|   4.4721359549995793E-01|          5|
 2|   1.720E+02|                 Infinity|   1.0000000000000000E+00|          1|
 2|   1.740E+02|                 Infinity|   5.7735026918962584E-01|          3|
 2|   1.760E+02|                 Infinity|   1.0000000000000000E+00|          1|
 2|   1.780E+02|                 Infinity|   5.7735026918962584E-01|          3|
 2|   1.800E+02|                 Infinity|   7.0710678118654746E-01|          2|
 2|   1.820E+02|                      NaN|   0.0000000000000000E+00|          0|
 2|   1.840E+02|                      NaN|   0.0000000000000000E+00|          0|
 2|   1.860E+02|                 Infinity|   1.0000000000000000E+00|          1|
 2|   1.880E+02|                 Infinity|   7.0710678118654746E-01|          2|
 2|   1.900E+02|                 Infinity|   1.0000000000000000E+00|          1|
 2|   1.920E+02|                      NaN|   0.0000000000000000E+00|          0|
 2|   1.940E+02|                 Infinity|   7.0710678118654746E-01|          2|
 2|   1.960E+02|                      NaN|   0.0000000000000000E+00|          0|
 2|   1.980E+02|                      NaN|   0.0000000000000000E+00|          0|
# integrated result:   9.0815974092370712E-04
#
# Histogram 3: pT(H)                                             
 3|   0.000E+00|                 Infinity|   1.5607862099528717E-02|       4105|
 3|   1.000E+01|                 Infinity|   1.3710212427677042E-02|       5320|
 3|   2.000E+01|                 Infinity|   1.3910372101866431E-02|       5168|
 3|   3.000E+01|                 Infinity|   1.4224880591519161E-02|       4942|
 3|   4.000E+01|                 Infinity|   1.4880688765643441E-02|       4516|
 3|   5.000E+01|                 Infinity|   1.5609763526361568E-02|       4104|
 3|   6.000E+01|                 Infinity|   1.6439898730535727E-02|       3700|
 3|   7.000E+01|                 Infinity|   1.7256775693210744E-02|       3358|
 3|   8.000E+01|                 Infinity|   1.8142875285741499E-02|       3038|
 3|   9.000E+01|                 Infinity|   1.9223661202719809E-02|       2706|
 3|   1.000E+02|                 Infinity|   2.0619652471058063E-02|       2352|
 3|   1.100E+02|                 Infinity|   2.1058465757133063E-02|       2255|
 3|   1.200E+02|                 Infinity|   2.2249707974499239E-02|       2020|
 3|   1.300E+02|                 Infinity|   2.3708933905523488E-02|       1779|
 3|   1.400E+02|                 Infinity|   2.5590600763038540E-02|       1527|
 3|   1.500E+02|                 Infinity|   2.6650089544451302E-02|       1408|
 3|   1.600E+02|                 Infinity|   2.8583097523751475E-02|       1224|
 3|   1.700E+02|                 Infinity|   3.0028540676910211E-02|       1109|
 3|   1.800E+02|                 Infinity|   3.1992834407549194E-02|        977|
 3|   1.900E+02|                 Infinity|   3.3426313523243781E-02|        895|
 3|   2.000E+02|                 Infinity|   3.5897907930886909E-02|        776|
 3|   2.100E+02|                 Infinity|   3.8014296063485276E-02|        692|
 3|   2.200E+02|                 Infinity|   4.1309619238601381E-02|        586|
 3|   2.300E+02|                 Infinity|   4.1451333614483915E-02|        582|
 3|   2.400E+02|                 Infinity|   4.6175709653961020E-02|        469|
 3|   2.500E+02|                 Infinity|   4.8737017882857933E-02|        421|
 3|   2.600E+02|                 Infinity|   5.1571062312939668E-02|        376|
 3|   2.700E+02|                 Infinity|   5.3994924715603881E-02|        343|
 3|   2.800E+02|                 Infinity|   5.7831493196624020E-02|        299|
 3|   2.900E+02|                 Infinity|   6.3245553203367583E-02|        250|
 3|   3.000E+02|                 Infinity|   6.6964953018242512E-02|        223|
 3|   3.100E+02|                 Infinity|   6.8518870982753166E-02|        213|
 3|   3.200E+02|                 Infinity|   7.3922127095457285E-02|        183|
 3|   3.300E+02|                 Infinity|   7.5164602800282893E-02|        177|
 3|   3.400E+02|                 Infinity|   8.2199493652678646E-02|        148|
 3|   3.500E+02|                 Infinity|   8.6066296582387042E-02|        135|
 3|   3.600E+02|                 Infinity|   8.5125653075874858E-02|        138|
 3|   3.700E+02|                 Infinity|   9.4915799575249898E-02|        111|
 3|   3.800E+02|                 Infinity|   9.4491118252306799E-02|        112|
 3|   3.900E+02|                 Infinity|   1.0259783520851541E-01|         95|
 3|   4.000E+02|                 Infinity|   1.1952286093343936E-01|         70|
 3|   4.100E+02|                 Infinity|   1.0599978800063600E-01|         89|
 3|   4.200E+02|                 Infinity|   1.1043152607484653E-01|         82|
 3|   4.300E+02|                 Infinity|   1.2500000000000000E-01|         64|
 3|   4.400E+02|                 Infinity|   1.1867816581938533E-01|         71|
 3|   4.500E+02|                 Infinity|   1.2700012700019050E-01|         62|
 3|   4.600E+02|                 Infinity|   1.3483997249264842E-01|         55|
 3|   4.700E+02|                 Infinity|   1.4285714285714285E-01|         49|
 3|   4.800E+02|                 Infinity|   1.6222142113076254E-01|         38|
 3|   4.900E+02|                 Infinity|   1.7677669529663687E-01|         32|
# integrated result:   9.0815974092370907E-04
#
# Histogram 4: pT(j1)                                            
 4|   0.000E+00|                      NaN|   0.0000000000000000E+00|          0|
 4|   1.000E+01|                 Infinity|   3.5245368842512066E-02|        805|
 4|   2.000E+01|                 Infinity|   1.8685877318798397E-02|       2864|
 4|   3.000E+01|                 Infinity|   1.2155415958157879E-02|       6768|
 4|   4.000E+01|                 Infinity|   9.8792238080223048E-03|      10246|
 4|   5.000E+01|                 Infinity|   1.1308281825797515E-02|       7820|
 4|   6.000E+01|                 Infinity|   1.2875655065615119E-02|       6032|
 4|   7.000E+01|                 Infinity|   1.4485149470493669E-02|       4766|
 4|   8.000E+01|                 Infinity|   1.6033384194871644E-02|       3890|
 4|   9.000E+01|                 Infinity|   1.7466083231604194E-02|       3278|
 4|   1.000E+02|                 Infinity|   1.9444069369563388E-02|       2645|
 4|   1.100E+02|                 Infinity|   2.1252557102111276E-02|       2214|
 4|   1.200E+02|                 Infinity|   2.3100171634912875E-02|       1874|
 4|   1.300E+02|                 Infinity|   2.5691749776935398E-02|       1515|
 4|   1.400E+02|                 Infinity|   2.7216552697590865E-02|       1350|
 4|   1.500E+02|                 Infinity|   3.0178582014172842E-02|       1098|
 4|   1.600E+02|                 Infinity|   3.2427221756276076E-02|        951|
 4|   1.700E+02|                 Infinity|   3.5805743701971648E-02|        780|
 4|   1.800E+02|                 Infinity|   4.0291148201269014E-02|        616|
 4|   1.900E+02|                 Infinity|   4.2993358039234778E-02|        541|
 4|   2.000E+02|                 Infinity|   4.4721359549995794E-02|        500|
 4|   2.100E+02|                 Infinity|   4.9386479832479478E-02|        410|
 4|   2.200E+02|                 Infinity|   5.1847584736521263E-02|        372|
 4|   2.300E+02|                 Infinity|   5.6254395046301198E-02|        316|
 4|   2.400E+02|                 Infinity|   6.1662641597820735E-02|        263|
 4|   2.500E+02|                 Infinity|   6.6081860045508978E-02|        229|
 4|   2.600E+02|                 Infinity|   7.1247049987909650E-02|        197|
 4|   2.700E+02|                 Infinity|   7.7615052570633281E-02|        166|
 4|   2.800E+02|                 Infinity|   8.8388347648318433E-02|        128|
 4|   2.900E+02|                 Infinity|   9.1287092917527679E-02|        120|
 4|   3.000E+02|                 Infinity|   9.0166963466743230E-02|        123|
 4|   3.100E+02|                 Infinity|   1.0206207261596577E-01|         96|
 4|   3.200E+02|                 Infinity|   1.1470786693528087E-01|         76|
 4|   3.300E+02|                 Infinity|   1.1704114719613057E-01|         73|
 4|   3.400E+02|                 Infinity|   1.1704114719613057E-01|         73|
 4|   3.500E+02|                 Infinity|   1.3867504905630729E-01|         52|
 4|   3.600E+02|                 Infinity|   1.4907119849998599E-01|         45|
 4|   3.700E+02|                 Infinity|   1.6666666666666666E-01|         36|
 4|   3.800E+02|                 Infinity|   1.4285714285714285E-01|         49|
 4|   3.900E+02|                 Infinity|   1.9245008972987526E-01|         27|
 4|   4.000E+02|                 Infinity|   1.3867504905630729E-01|         52|
 4|   4.100E+02|                 Infinity|   1.6222142113076254E-01|         38|
 4|   4.200E+02|                 Infinity|   1.6222142113076254E-01|         38|
 4|   4.300E+02|                 Infinity|   2.2360679774997896E-01|         20|
 4|   4.400E+02|                 Infinity|   2.2360679774997896E-01|         20|
 4|   4.500E+02|                 Infinity|   3.0151134457776363E-01|         11|
 4|   4.600E+02|                 Infinity|   2.7735009811261457E-01|         13|
 4|   4.700E+02|                 Infinity|   2.5000000000000000E-01|         16|
 4|   4.800E+02|                 Infinity|   2.8867513459481292E-01|         12|
 4|   4.900E+02|                 Infinity|   3.1622776601683794E-01|         10|
# integrated result:   9.0815974092371102E-04
#
# Histogram 5: dy(j1,j2)                                         
 5|  -5.000E+00|                      NaN|   0.0000000000000000E+00|          0|
 5|  -4.800E+00|                      NaN|   0.0000000000000000E+00|          0|
 5|  -4.600E+00|                      NaN|   0.0000000000000000E+00|          0|
 5|  -4.400E+00|                      NaN|   0.0000000000000000E+00|          0|
 5|  -4.200E+00|                      NaN|   0.0000000000000000E+00|          0|
 5|  -4.000E+00|                 Infinity|   7.0710678118654746E-01|          2|
 5|  -3.800E+00|                 Infinity|   5.7735026918962584E-01|          3|
 5|  -3.600E+00|                 Infinity|   3.7796447300922720E-01|          7|
 5|  -3.400E+00|                 Infinity|   3.3333333333333331E-01|          9|
 5|  -3.200E+00|                 Infinity|   2.2360679774997896E-01|         20|
 5|  -3.000E+00|                 Infinity|   1.9611613513818404E-01|         26|
 5|  -2.800E+00|                 Infinity|   1.6222142113076254E-01|         38|
 5|  -2.600E+00|                 Infinity|   1.0721125348377948E-01|         87|
 5|  -2.400E+00|                 Infinity|   9.2057461789832346E-02|        118|
 5|  -2.200E+00|                 Infinity|   7.2932495748947279E-02|        188|
 5|  -2.000E+00|                 Infinity|   5.7448498962142602E-02|        303|
 5|  -1.800E+00|                 Infinity|   5.0125470711708552E-02|        398|
 5|  -1.600E+00|                 Infinity|   4.3113061355922688E-02|        538|
 5|  -1.400E+00|                 Infinity|   3.4503277967117711E-02|        840|
 5|  -1.200E+00|                 Infinity|   2.7628948199776879E-02|       1310|
 5|  -1.000E+00|                 Infinity|   2.3180714250535184E-02|       1861|
 5|  -8.000E-01|                 Infinity|   2.1642182767490251E-02|       2135|
 5|  -6.000E-01|                 Infinity|   2.0323692028323077E-02|       2421|
 5|  -4.000E-01|                 Infinity|   1.7579063848365748E-02|       3236|
 5|  -2.000E-01|                 Infinity|   1.6271459425797673E-02|       3777|
 5|   0.000E+00|                 Infinity|   1.6106004229598327E-02|       3855|
 5|   2.000E-01|                 Infinity|   1.4385883441210900E-02|       4832|
 5|   4.000E-01|                 Infinity|   1.3755535567588148E-02|       5285|
 5|   6.000E-01|                 Infinity|   1.3813156113518998E-02|       5241|
 5|   8.000E-01|                 Infinity|   1.3807887937845497E-02|       5245|
 5|   1.000E+00|                 Infinity|   1.5353757178626857E-02|       4242|
 5|   1.200E+00|                 Infinity|   1.6790723337274424E-02|       3547|
 5|   1.400E+00|                 Infinity|   1.7719247798458349E-02|       3185|
 5|   1.600E+00|                 Infinity|   1.8993429409939658E-02|       2772|
 5|   1.800E+00|                 Infinity|   2.1295885499997998E-02|       2205|
 5|   2.000E+00|                 Infinity|   2.4325212770525996E-02|       1690|
 5|   2.200E+00|                 Infinity|   2.8736106756903908E-02|       1211|
 5|   2.400E+00|                 Infinity|   3.2124628310161780E-02|        969|
 5|   2.600E+00|                 Infinity|   3.5714285714285712E-02|        784|
 5|   2.800E+00|                 Infinity|   4.3643578047198477E-02|        525|
 5|   3.000E+00|                 Infinity|   5.7543533764843599E-02|        302|
 5|   3.200E+00|                 Infinity|   6.8680281974344518E-02|        212|
 5|   3.400E+00|                 Infinity|   8.0321932890249886E-02|        155|
 5|   3.600E+00|                 Infinity|   8.7370405666103795E-02|        131|
 5|   3.800E+00|                 Infinity|   1.5811388300841897E-01|         40|
 5|   4.000E+00|                 Infinity|   1.0000000000000000E+00|          1|
 5|   4.200E+00|                      NaN|   0.0000000000000000E+00|          0|
 5|   4.400E+00|                      NaN|   0.0000000000000000E+00|          0|
 5|   4.600E+00|                      NaN|   0.0000000000000000E+00|          0|
 5|   4.800E+00|                      NaN|   0.0000000000000000E+00|          0|
# integrated result:   9.0815974092370961E-04
#
# Histogram 6: mz1                                               
 6|   0.000E+00|                      NaN|   0.0000000000000000E+00|          0|
 6|   2.000E+00|                      NaN|   0.0000000000000000E+00|          0|
 6|   4.000E+00|                 Infinity|   1.2354155277685021E-02|       6552|
 6|   6.000E+00|                 Infinity|   3.3022909334191324E-02|        917|
 6|   8.000E+00|                 Infinity|   2.9643458336437611E-02|       1138|
 6|   1.000E+01|                 Infinity|   2.5253813613805267E-02|       1568|
 6|   1.200E+01|                 Infinity|   3.3259505261886965E-02|        904|
 6|   1.400E+01|                 Infinity|   3.4482758620689655E-02|        841|
 6|   1.600E+01|                 Infinity|   4.9937616943892232E-02|        401|
 6|   1.800E+01|                 Infinity|   5.3300179088902604E-02|        352|
 6|   2.000E+01|                 Infinity|   5.0251890762960605E-02|        396|
 6|   2.200E+01|                 Infinity|   5.2342392259021375E-02|        365|
 6|   2.400E+01|                 Infinity|   3.8691161626706841E-02|        668|
 6|   2.600E+01|                 Infinity|   3.1862649393858307E-02|        985|
 6|   2.800E+01|                 Infinity|   4.4946657497549475E-02|        495|
 6|   3.000E+01|                 Infinity|   4.7088160934801108E-02|        451|
 6|   3.200E+01|                 Infinity|   4.5883146774112350E-02|        475|
 6|   3.400E+01|                 Infinity|   4.4543540318737397E-02|        504|
 6|   3.600E+01|                 Infinity|   2.6379807127383248E-02|       1437|
 6|   3.800E+01|                 Infinity|   4.8280454958526758E-02|        429|
 6|   4.000E+01|                 Infinity|   7.6923076923076927E-02|        169|
 6|   4.200E+01|                 Infinity|   7.4743509275193590E-02|        179|
 6|   4.400E+01|                 Infinity|   8.5435765771676095E-02|        137|
 6|   4.600E+01|                 Infinity|   7.9056941504209485E-02|        160|
 6|   4.800E+01|                 Infinity|   8.9087080637474794E-02|        126|
 6|   5.000E+01|                 Infinity|   8.7038827977848926E-02|        132|
 6|   5.200E+01|                 Infinity|   8.1110710565381272E-02|        152|
 6|   5.400E+01|                 Infinity|   1.0206207261596577E-01|         96|
 6|   5.600E+01|                 Infinity|   9.6225044864937631E-02|        108|
 6|   5.800E+01|                 Infinity|   9.6673648904566353E-02|        107|
 6|   6.000E+01|                 Infinity|   8.6386842558136015E-02|        134|
 6|   6.200E+01|                 Infinity|   8.0582296402538028E-02|        154|
 6|   6.400E+01|                 Infinity|   4.7457899787624949E-02|        444|
 6|   6.600E+01|                 Infinity|   4.5360921162651446E-02|        486|
 6|   6.800E+01|                 Infinity|   5.3300179088902604E-02|        352|
 6|   7.000E+01|                 Infinity|   4.9629166698546508E-02|        406|
 6|   7.200E+01|                 Infinity|   3.4159349284257755E-02|        857|
 6|   7.400E+01|                 Infinity|   3.1670317760976820E-02|        997|
 6|   7.600E+01|                 Infinity|   4.6175709653961020E-02|        469|
 6|   7.800E+01|                 Infinity|   5.4882129994845173E-02|        332|
 6|   8.000E+01|                 Infinity|   5.3605626741889741E-02|        348|
 6|   8.200E+01|                 Infinity|   4.1522739926869986E-02|        580|
 6|   8.400E+01|                 Infinity|   3.4401045807689073E-02|        845|
 6|   8.600E+01|                 Infinity|   2.1491713855208944E-02|       2165|
 6|   8.800E+01|                 Infinity|   1.2750497677575155E-02|       6151|
 6|   9.000E+01|                 Infinity|   8.2891274022395926E-03|      14554|
 6|   9.200E+01|                 Infinity|   1.2043822892165401E-02|       6894|
 6|   9.400E+01|                 Infinity|   1.6689863152028125E-02|       3590|
 6|   9.600E+01|                 Infinity|   3.9103094350288754E-02|        654|
 6|   9.800E+01|                 Infinity|   5.0251890762960605E-02|        396|
 6|   1.000E+02|                 Infinity|   5.4717565516458275E-02|        334|
 6|   1.020E+02|                 Infinity|   5.4635836470815310E-02|        335|
 6|   1.040E+02|                 Infinity|   6.6519010523773930E-02|        226|
 6|   1.060E+02|                 Infinity|   8.6386842558136015E-02|        134|
 6|   1.080E+02|                 Infinity|   8.8388347648318433E-02|        128|
 6|   1.100E+02|                 Infinity|   1.0721125348377948E-01|         87|
 6|   1.120E+02|                 Infinity|   1.2309149097933272E-01|         66|
 6|   1.140E+02|                 Infinity|   1.2500000000000000E-01|         64|
 6|   1.160E+02|                 Infinity|   1.3363062095621220E-01|         56|
 6|   1.180E+02|                 Infinity|   1.3363062095621220E-01|         56|
 6|   1.200E+02|                 Infinity|   1.4744195615489714E-01|         46|
 6|   1.220E+02|                 Infinity|   1.4907119849998599E-01|         45|
 6|   1.240E+02|                 Infinity|   1.5617376188860607E-01|         41|
 6|   1.260E+02|                 Infinity|   1.7677669529663687E-01|         32|
 6|   1.280E+02|                 Infinity|   1.5075567228888181E-01|         44|
 6|   1.300E+02|                 Infinity|   1.6439898730535729E-01|         37|
 6|   1.320E+02|                 Infinity|   1.4002800840280097E-01|         51|
 6|   1.340E+02|                 Infinity|   1.4142135623730950E-01|         50|
 6|   1.360E+02|                 Infinity|   1.8569533817705186E-01|         29|
 6|   1.380E+02|                 Infinity|   1.5811388300841897E-01|         40|
 6|   1.400E+02|                 Infinity|   1.7407765595569785E-01|         33|
 6|   1.420E+02|                 Infinity|   1.6012815380508713E-01|         39|
 6|   1.440E+02|                 Infinity|   1.4907119849998599E-01|         45|
 6|   1.460E+02|                 Infinity|   1.6903085094570330E-01|         35|
 6|   1.480E+02|                 Infinity|   2.0000000000000001E-01|         25|
 6|   1.500E+02|                 Infinity|   1.9611613513818404E-01|         26|
 6|   1.520E+02|                 Infinity|   1.6903085094570330E-01|         35|
 6|   1.540E+02|                 Infinity|   1.8569533817705186E-01|         29|
 6|   1.560E+02|                 Infinity|   2.0851441405707477E-01|         23|
 6|   1.580E+02|                 Infinity|   1.8569533817705186E-01|         29|
 6|   1.600E+02|                 Infinity|   1.8257418583505536E-01|         30|
 6|   1.620E+02|                 Infinity|   1.8569533817705186E-01|         29|
 6|   1.640E+02|                 Infinity|   2.0412414523193154E-01|         24|
 6|   1.660E+02|                 Infinity|   2.4253562503633297E-01|         17|
 6|   1.680E+02|                 Infinity|   1.8569533817705186E-01|         29|
 6|   1.700E+02|                 Infinity|   2.3570226039551587E-01|         18|
 6|   1.720E+02|                 Infinity|   2.1320071635561041E-01|         22|
 6|   1.740E+02|                 Infinity|   2.2360679774997896E-01|         20|
 6|   1.760E+02|                 Infinity|   2.5819888974716110E-01|         15|
 6|   1.780E+02|                 Infinity|   3.0151134457776363E-01|         11|
 6|   1.800E+02|                 Infinity|   2.5000000000000000E-01|         16|
 6|   1.820E+02|                 Infinity|   2.5819888974716110E-01|         15|
 6|   1.840E+02|                 Infinity|   2.5000000000000000E-01|         16|
 6|   1.860E+02|                 Infinity|   2.2941573387056174E-01|         19|
 6|   1.880E+02|                 Infinity|   2.4253562503633297E-01|         17|
 6|   1.900E+02|                 Infinity|   3.7796447300922720E-01|          7|
 6|   1.920E+02|                 Infinity|   2.6726124191242440E-01|         14|
 6|   1.940E+02|                 Infinity|   3.0151134457776363E-01|         11|
 6|   1.960E+02|                 Infinity|   3.7796447300922720E-01|          7|
 6|   1.980E+02|                 Infinity|   3.1622776601683794E-01|         10|
# integrated result:   9.0815974092370950E-04
#
# Histogram 7: mz2                                               
 7|   0.000E+00|                      NaN|   0.0000000000000000E+00|          0|
 7|   2.000E+00|                      NaN|   0.0000000000000000E+00|          0|
 7|   4.000E+00|                 Infinity|   2.3312620206007845E-02|       1840|
 7|   6.000E+00|                 Infinity|   3.0358837035945812E-02|       1085|
 7|   8.000E+00|                 Infinity|   3.1638599858416633E-02|        999|
 7|   1.000E+01|                 Infinity|   3.2274861218395137E-02|        960|
 7|   1.200E+01|                 Infinity|   3.2897584747988450E-02|        924|
 7|   1.400E+01|                 Infinity|   3.2410186177608220E-02|        952|
 7|   1.600E+01|                 Infinity|   3.3426313523243781E-02|        895|
 7|   1.800E+01|                 Infinity|   3.4299717028501771E-02|        850|
 7|   2.000E+01|                 Infinity|   3.4836650714580884E-02|        824|
 7|   2.200E+01|                 Infinity|   3.7715714320235710E-02|        703|
 7|   2.400E+01|                 Infinity|   3.8433122101204392E-02|        677|
 7|   2.600E+01|                 Infinity|   3.7688918072220454E-02|        704|
 7|   2.800E+01|                 Infinity|   4.0356715613563091E-02|        614|
 7|   3.000E+01|                 Infinity|   4.1415768328129106E-02|        583|
 7|   3.200E+01|                 Infinity|   4.5037734911104493E-02|        493|
 7|   3.400E+01|                 Infinity|   4.5548751867427691E-02|        482|
 7|   3.600E+01|                 Infinity|   4.3314808182420998E-02|        533|
 7|   3.800E+01|                 Infinity|   4.7036043419179864E-02|        452|
 7|   4.000E+01|                 Infinity|   4.6524210519923545E-02|        462|
 7|   4.200E+01|                 Infinity|   4.7727395990334764E-02|        439|
 7|   4.400E+01|                 Infinity|   4.8336824452283177E-02|        428|
 7|   4.600E+01|                 Infinity|   4.7673129462279619E-02|        440|
 7|   4.800E+01|                 Infinity|   4.9029033784546011E-02|        416|
 7|   5.000E+01|                 Infinity|   4.9568159709660962E-02|        407|
 7|   5.200E+01|                 Infinity|   4.6274481338274755E-02|        467|
 7|   5.400E+01|                 Infinity|   4.7673129462279619E-02|        440|
 7|   5.600E+01|                 Infinity|   4.3979949713354248E-02|        517|
 7|   5.800E+01|                 Infinity|   3.9528470752104743E-02|        640|
 7|   6.000E+01|                 Infinity|   3.6273812505500581E-02|        760|
 7|   6.200E+01|                 Infinity|   4.0258484111423729E-02|        617|
 7|   6.400E+01|                 Infinity|   3.7529331252040075E-02|        710|
 7|   6.600E+01|                 Infinity|   3.7742567804819861E-02|        702|
 7|   6.800E+01|                 Infinity|   3.7267799624996496E-02|        720|
 7|   7.000E+01|                 Infinity|   3.7904902178945168E-02|        696|
 7|   7.200E+01|                 Infinity|   4.0193393552907040E-02|        619|
 7|   7.400E+01|                 Infinity|   3.6785594638885484E-02|        739|
 7|   7.600E+01|                 Infinity|   3.7555788309433985E-02|        709|
 7|   7.800E+01|                 Infinity|   2.8843487226888051E-02|       1202|
 7|   8.000E+01|                 Infinity|   2.8216632399155017E-02|       1256|
 7|   8.200E+01|                 Infinity|   3.3204455008545970E-02|        907|
 7|   8.400E+01|                 Infinity|   2.9172998299578909E-02|       1175|
 7|   8.600E+01|                 Infinity|   1.5202203871221337E-02|       4327|
 7|   8.800E+01|                 Infinity|   1.3847546864721619E-02|       5215|
 7|   9.000E+01|                 Infinity|   8.4030646523441544E-03|      14162|
 7|   9.200E+01|                 Infinity|   1.4595818604994154E-02|       4694|
 7|   9.400E+01|                 Infinity|   2.7430739102420141E-02|       1329|
 7|   9.600E+01|                 Infinity|   2.5141822757713452E-02|       1582|
 7|   9.800E+01|                 Infinity|   7.2357460529242162E-02|        191|
 7|   1.000E+02|                 Infinity|   8.7038827977848926E-02|        132|
 7|   1.020E+02|                 Infinity|   9.0166963466743230E-02|        123|
 7|   1.040E+02|                 Infinity|   9.4915799575249898E-02|        111|
 7|   1.060E+02|                 Infinity|   9.9014754297667443E-02|        102|
 7|   1.080E+02|                 Infinity|   1.0599978800063600E-01|         89|
 7|   1.100E+02|                 Infinity|   1.0599978800063600E-01|         89|
 7|   1.120E+02|                 Infinity|   1.0721125348377948E-01|         87|
 7|   1.140E+02|                 Infinity|   1.1180339887498948E-01|         80|
 7|   1.160E+02|                 Infinity|   1.3130643285972254E-01|         58|
 7|   1.180E+02|                 Infinity|   1.2909944487358055E-01|         60|
 7|   1.200E+02|                 Infinity|   1.1322770341445956E-01|         78|
 7|   1.220E+02|                 Infinity|   1.1624763874381928E-01|         74|
 7|   1.240E+02|                 Infinity|   1.2500000000000000E-01|         64|
 7|   1.260E+02|                 Infinity|   1.3363062095621220E-01|         56|
 7|   1.280E+02|                 Infinity|   1.2803687993289598E-01|         61|
 7|   1.300E+02|                 Infinity|   1.4285714285714285E-01|         49|
 7|   1.320E+02|                 Infinity|   1.4433756729740646E-01|         48|
 7|   1.340E+02|                 Infinity|   1.3245323570650439E-01|         57|
 7|   1.360E+02|                 Infinity|   1.4433756729740646E-01|         48|
 7|   1.380E+02|                 Infinity|   1.5617376188860607E-01|         41|
 7|   1.400E+02|                 Infinity|   1.3245323570650439E-01|         57|
 7|   1.420E+02|                 Infinity|   1.7677669529663687E-01|         32|
 7|   1.440E+02|                 Infinity|   1.5430334996209191E-01|         42|
 7|   1.460E+02|                 Infinity|   1.6012815380508713E-01|         39|
 7|   1.480E+02|                 Infinity|   1.6012815380508713E-01|         39|
 7|   1.500E+02|                 Infinity|   1.4907119849998599E-01|         45|
 7|   1.520E+02|                 Infinity|   1.6222142113076254E-01|         38|
 7|   1.540E+02|                 Infinity|   2.1821789023599239E-01|         21|
 7|   1.560E+02|                 Infinity|   2.0412414523193154E-01|         24|
 7|   1.580E+02|                 Infinity|   1.8569533817705186E-01|         29|
 7|   1.600E+02|                 Infinity|   1.8569533817705186E-01|         29|
 7|   1.620E+02|                 Infinity|   2.1320071635561041E-01|         22|
 7|   1.640E+02|                 Infinity|   2.0412414523193154E-01|         24|
 7|   1.660E+02|                 Infinity|   2.5000000000000000E-01|         16|
 7|   1.680E+02|                 Infinity|   2.5000000000000000E-01|         16|
 7|   1.700E+02|                 Infinity|   2.8867513459481292E-01|         12|
 7|   1.720E+02|                 Infinity|   2.5000000000000000E-01|         16|
 7|   1.740E+02|                 Infinity|   2.3570226039551587E-01|         18|
 7|   1.760E+02|                 Infinity|   3.0151134457776363E-01|         11|
 7|   1.780E+02|                 Infinity|   3.0151134457776363E-01|         11|
 7|   1.800E+02|                 Infinity|   4.0824829046386307E-01|          6|
 7|   1.820E+02|                 Infinity|   3.7796447300922720E-01|          7|
 7|   1.840E+02|                 Infinity|   3.5355339059327373E-01|          8|
 7|   1.860E+02|                 Infinity|   3.7796447300922720E-01|          7|
 7|   1.880E+02|                 Infinity|   4.4721359549995793E-01|          5|
 7|   1.900E+02|                 Infinity|   3.7796447300922720E-01|          7|
 7|   1.920E+02|                 Infinity|   3.1622776601683794E-01|         10|
 7|   1.940E+02|                 Infinity|   4.0824829046386307E-01|          6|
 7|   1.960E+02|                 Infinity|   3.7796447300922720E-01|          7|
 7|   1.980E+02|                 Infinity|   4.0824829046386307E-01|          6|
# integrated result:   9.0815974092370885E-04
#
# Histogram 8: m_4l                                              
 8|   1.000E+02|                 Infinity|   9.3234267578525178E-03|      11504|
 8|   1.400E+02|                 Infinity|   9.6323201842609552E-03|      10778|
 8|   1.800E+02|                 Infinity|   1.0740277401319045E-02|       8669|
 8|   2.200E+02|                 Infinity|   1.1936098080371271E-02|       7019|
 8|   2.600E+02|                 Infinity|   1.3522159001268476E-02|       5469|
 8|   3.000E+02|                 Infinity|   1.5646023188518772E-02|       4085|
 8|   3.400E+02|                 Infinity|   1.8036325667702160E-02|       3074|
 8|   3.800E+02|                 Infinity|   2.1266970502955673E-02|       2211|
 8|   4.200E+02|                 Infinity|   2.5261870341913829E-02|       1567|
 8|   4.600E+02|                 Infinity|   2.8891599832849384E-02|       1198|
 8|   5.000E+02|                 Infinity|   3.3767600672658715E-02|        877|
 8|   5.400E+02|                 Infinity|   3.9013715732043520E-02|        657|
 8|   5.800E+02|                 Infinity|   4.3355498476205998E-02|        532|
 8|   6.200E+02|                 Infinity|   4.9147318718299048E-02|        414|
 8|   6.600E+02|                 Infinity|   5.7735026918962568E-02|        300|
 8|   7.000E+02|                 Infinity|   5.8823529411764705E-02|        289|
 8|   7.400E+02|                 Infinity|   7.1981575074869450E-02|        193|
 8|   7.800E+02|                 Infinity|   8.9087080637474794E-02|        126|
 8|   8.200E+02|                 Infinity|   8.8045090632562384E-02|        129|
 8|   8.600E+02|                 Infinity|   1.0000000000000001E-01|        100|
 8|   9.000E+02|                 Infinity|   1.0425720702853739E-01|         92|
 8|   9.400E+02|                 Infinity|   1.2403473458920847E-01|         65|
 8|   9.800E+02|                 Infinity|   1.1952286093343936E-01|         70|
 8|   1.020E+03|                 Infinity|   1.2216944435630522E-01|         67|
 8|   1.060E+03|                 Infinity|   1.2909944487358055E-01|         60|
 8|   1.100E+03|                 Infinity|   1.5617376188860607E-01|         41|
 8|   1.140E+03|                 Infinity|   1.5811388300841897E-01|         40|
 8|   1.180E+03|                 Infinity|   2.1320071635561041E-01|         22|
 8|   1.220E+03|                 Infinity|   1.9245008972987526E-01|         27|
 8|   1.260E+03|                 Infinity|   2.2360679774997896E-01|         20|
 8|   1.300E+03|                 Infinity|   2.5819888974716110E-01|         15|
 8|   1.340E+03|                 Infinity|   2.2360679774997896E-01|         20|
 8|   1.380E+03|                 Infinity|   2.7735009811261457E-01|         13|
 8|   1.420E+03|                 Infinity|   3.7796447300922720E-01|          7|
 8|   1.460E+03|                 Infinity|   3.5355339059327373E-01|          8|
 8|   1.500E+03|                 Infinity|   4.4721359549995793E-01|          5|
 8|   1.540E+03|                 Infinity|   4.0824829046386307E-01|          6|
 8|   1.580E+03|                 Infinity|   5.0000000000000000E-01|          4|
 8|   1.620E+03|                 Infinity|   5.0000000000000000E-01|          4|
 8|   1.660E+03|                 Infinity|   7.0710678118654746E-01|          2|
 8|   1.700E+03|                 Infinity|   5.7735026918962584E-01|          3|
 8|   1.740E+03|                 Infinity|   7.0710678118654746E-01|          2|
 8|   1.780E+03|                 Infinity|   7.0710678118654746E-01|          2|
 8|   1.820E+03|                 Infinity|   5.7735026918962584E-01|          3|
 8|   1.860E+03|                      NaN|   0.0000000000000000E+00|          0|
 8|   1.900E+03|                      NaN|   0.0000000000000000E+00|          0|
 8|   1.940E+03|                      NaN|   0.0000000000000000E+00|          0|
 8|   1.980E+03|                 Infinity|   5.7735026918962584E-01|          3|
 8|   2.020E+03|                 Infinity|   7.0710678118654746E-01|          2|
 8|   2.060E+03|                 Infinity|   5.0000000000000000E-01|          4|
 8|   2.100E+03|                      NaN|   0.0000000000000000E+00|          0|
 8|   2.140E+03|                 Infinity|   1.0000000000000000E+00|          1|
 8|   2.180E+03|                      NaN|   0.0000000000000000E+00|          0|
 8|   2.220E+03|                 Infinity|   7.0710678118654746E-01|          2|
 8|   2.260E+03|                 Infinity|   1.0000000000000000E+00|          1|
 8|   2.300E+03|                 Infinity|   1.0000000000000000E+00|          1|
 8|   2.340E+03|                      NaN|   0.0000000000000000E+00|          0|
 8|   2.380E+03|                      NaN|   0.0000000000000000E+00|          0|
 8|   2.420E+03|                      NaN|   0.0000000000000000E+00|          0|
 8|   2.460E+03|                 Infinity|   7.0710678118654746E-01|          2|
 8|   2.500E+03|                      NaN|   0.0000000000000000E+00|          0|
 8|   2.540E+03|                      NaN|   0.0000000000000000E+00|          0|
 8|   2.580E+03|                      NaN|   0.0000000000000000E+00|          0|
 8|   2.620E+03|                      NaN|   0.0000000000000000E+00|          0|
 8|   2.660E+03|                      NaN|   0.0000000000000000E+00|          0|
 8|   2.700E+03|                 Infinity|   7.0710678118654746E-01|          2|
 8|   2.740E+03|                 Infinity|   1.0000000000000000E+00|          1|
 8|   2.780E+03|                      NaN|   0.0000000000000000E+00|          0|
 8|   2.820E+03|                      NaN|   0.0000000000000000E+00|          0|
 8|   2.860E+03|                      NaN|   0.0000000000000000E+00|          0|
 8|   2.900E+03|                 Infinity|   1.0000000000000000E+00|          1|
 8|   2.940E+03|                      NaN|   0.0000000000000000E+00|          0|
 8|   2.980E+03|                      NaN|   0.0000000000000000E+00|          0|
 8|   3.020E+03|                      NaN|   0.0000000000000000E+00|          0|
 8|   3.060E+03|                      NaN|   0.0000000000000000E+00|          0|
 8|   3.100E+03|                      NaN|   0.0000000000000000E+00|          0|
 8|   3.140E+03|                      NaN|   0.0000000000000000E+00|          0|
 8|   3.180E+03|                      NaN|   0.0000000000000000E+00|          0|
 8|   3.220E+03|                 Infinity|   1.0000000000000000E+00|          1|
 8|   3.260E+03|                      NaN|   0.0000000000000000E+00|          0|
 8|   3.300E+03|                      NaN|   0.0000000000000000E+00|          0|
 8|   3.340E+03|                      NaN|   0.0000000000000000E+00|          0|
 8|   3.380E+03|                      NaN|   0.0000000000000000E+00|          0|
 8|   3.420E+03|                      NaN|   0.0000000000000000E+00|          0|
 8|   3.460E+03|                      NaN|   0.0000000000000000E+00|          0|
 8|   3.500E+03|                      NaN|   0.0000000000000000E+00|          0|
 8|   3.540E+03|                      NaN|   0.0000000000000000E+00|          0|
 8|   3.580E+03|                      NaN|   0.0000000000000000E+00|          0|
 8|   3.620E+03|                 Infinity|   1.0000000000000000E+00|          1|
 8|   3.660E+03|                      NaN|   0.0000000000000000E+00|          0|
 8|   3.700E+03|                      NaN|   0.0000000000000000E+00|          0|
 8|   3.740E+03|                      NaN|   0.0000000000000000E+00|          0|
 8|   3.780E+03|                      NaN|   0.0000000000000000E+00|          0|
 8|   3.820E+03|                      NaN|   0.0000000000000000E+00|          0|
 8|   3.860E+03|                      NaN|   0.0000000000000000E+00|          0|
 8|   3.900E+03|                      NaN|   0.0000000000000000E+00|          0|
 8|   3.940E+03|                      NaN|   0.0000000000000000E+00|          0|
 8|   3.980E+03|                      NaN|   0.0000000000000000E+00|          0|
 8|   4.020E+03|                      NaN|   0.0000000000000000E+00|          0|
 8|   4.060E+03|                      NaN|   0.0000000000000000E+00|          0|
# integrated result:   9.0815974092370961E-04
#
# Histogram 9: m_4l                                              
 9|   8.500E+01|                 Infinity|   7.3127242412713067E-02|        187|
 9|   8.600E+01|                 Infinity|   7.6028592126970551E-02|        173|
 9|   8.700E+01|                 Infinity|   7.4329414624716636E-02|        181|
 9|   8.800E+01|                 Infinity|   8.3045479853739973E-02|        145|
 9|   8.900E+01|                 Infinity|   7.7151674981045956E-02|        168|
 9|   9.000E+01|                 Infinity|   8.1923192051904056E-02|        149|
 9|   9.100E+01|                 Infinity|   8.7038827977848926E-02|        132|
 9|   9.200E+01|                 Infinity|   8.7370405666103795E-02|        131|
 9|   9.300E+01|                 Infinity|   8.8735650941611385E-02|        127|
 9|   9.400E+01|                 Infinity|   8.9087080637474794E-02|        126|
 9|   9.500E+01|                 Infinity|   8.7370405666103795E-02|        131|
 9|   9.600E+01|                 Infinity|   8.0845208345444328E-02|        153|
 9|   9.700E+01|                 Infinity|   7.6249285166302333E-02|        172|
 9|   9.800E+01|                 Infinity|   7.3323557510676651E-02|        186|
 9|   9.900E+01|                 Infinity|   6.8680281974344518E-02|        212|
 9|   1.000E+02|                 Infinity|   6.6519010523773930E-02|        226|
 9|   1.010E+02|                 Infinity|   6.5094455490411943E-02|        236|
 9|   1.020E+02|                 Infinity|   6.3245553203367583E-02|        250|
 9|   1.030E+02|                 Infinity|   6.5938047339578698E-02|        230|
 9|   1.040E+02|                 Infinity|   5.9761430466719681E-02|        280|
 9|   1.050E+02|                 Infinity|   6.0971076084969232E-02|        269|
 9|   1.060E+02|                 Infinity|   6.1313933948496581E-02|        266|
 9|   1.070E+02|                 Infinity|   5.7448498962142602E-02|        303|
 9|   1.080E+02|                 Infinity|   5.8925565098878967E-02|        288|
 9|   1.090E+02|                 Infinity|   6.1662641597820735E-02|        263|
 9|   1.100E+02|                 Infinity|   5.8925565098878967E-02|        288|
 9|   1.110E+02|                 Infinity|   5.8621038176054921E-02|        291|
 9|   1.120E+02|                 Infinity|   5.7353933467640436E-02|        304|
 9|   1.130E+02|                 Infinity|   5.7639041770423498E-02|        301|
 9|   1.140E+02|                 Infinity|   5.8025885318565944E-02|        297|
 9|   1.150E+02|                 Infinity|   5.6343616981901101E-02|        315|
 9|   1.160E+02|                 Infinity|   5.5300126360933101E-02|        327|
 9|   1.170E+02|                 Infinity|   5.6796183424706478E-02|        310|
 9|   1.180E+02|                 Infinity|   5.7928444636349226E-02|        298|
 9|   1.190E+02|                 Infinity|   5.4073807043587517E-02|        342|
 9|   1.200E+02|                 Infinity|   5.6254395046301198E-02|        316|
 9|   1.210E+02|                 Infinity|   5.6980288229818973E-02|        308|
 9|   1.220E+02|                 Infinity|   5.7928444636349226E-02|        298|
 9|   1.230E+02|                 Infinity|   5.9234887775909233E-02|        285|
 9|   1.240E+02|                 Infinity|   6.1662641597820735E-02|        263|
 9|   1.250E+02|                 Infinity|   5.8123819371909642E-02|        296|
 9|   1.260E+02|                 Infinity|   5.9761430466719681E-02|        280|
 9|   1.270E+02|                 Infinity|   5.9028133610095526E-02|        287|
 9|   1.280E+02|                 Infinity|   5.9654998627189357E-02|        281|
 9|   1.290E+02|                 Infinity|   5.7166195047502949E-02|        306|
 9|   1.300E+02|                 Infinity|   5.8420623783698597E-02|        293|
 9|   1.310E+02|                 Infinity|   5.9976014390406722E-02|        278|
 9|   1.320E+02|                 Infinity|   5.7928444636349226E-02|        298|
 9|   1.330E+02|                 Infinity|   6.3119440309780311E-02|        251|
 9|   1.340E+02|                 Infinity|   5.7073014553534959E-02|        307|
# integrated result:   9.0815974092370722E-04
#
# Histogram10: Phi1                                              
10|  -3.142E+00|                 Infinity|   2.7166291246208060E-02|       1355|
10|  -2.985E+00|                 Infinity|   2.6783579200279007E-02|       1394|
10|  -2.827E+00|                 Infinity|   2.7565892320998563E-02|       1316|
10|  -2.670E+00|                 Infinity|   2.6909347105086238E-02|       1381|
10|  -2.513E+00|                 Infinity|   2.6162237992630243E-02|       1461|
10|  -2.356E+00|                 Infinity|   2.5269934785963448E-02|       1566|
10|  -2.199E+00|                 Infinity|   2.5062735355854276E-02|       1592|
10|  -2.042E+00|                 Infinity|   2.4426598437301574E-02|       1676|
10|  -1.885E+00|                 Infinity|   2.4368508941428967E-02|       1684|
10|  -1.728E+00|                 Infinity|   2.4028466566610635E-02|       1732|
10|  -1.571E+00|                 Infinity|   2.3312620206007845E-02|       1840|
10|  -1.414E+00|                 Infinity|   2.3218173010628604E-02|       1855|
10|  -1.257E+00|                 Infinity|   2.3193180352135665E-02|       1859|
10|  -1.100E+00|                 Infinity|   2.3389013486249399E-02|       1828|
10|  -9.425E-01|                 Infinity|   2.4354051207174154E-02|       1686|
10|  -7.854E-01|                 Infinity|   2.5269934785963448E-02|       1566|
10|  -6.283E-01|                 Infinity|   2.5110098047591269E-02|       1586|
10|  -4.713E-01|                 Infinity|   2.4730968341474896E-02|       1635|
10|  -3.142E-01|                 Infinity|   2.4492448305451230E-02|       1667|
10|  -1.571E-01|                 Infinity|   2.6207120918047958E-02|       1456|
10|  -3.000E-05|                 Infinity|   2.5416428388767447E-02|       1548|
10|   1.570E-01|                 Infinity|   2.5094280661424780E-02|       1588|
10|   3.141E-01|                 Infinity|   2.4891337579430815E-02|       1614|
10|   4.712E-01|                 Infinity|   2.6324906324632819E-02|       1443|
10|   6.283E-01|                 Infinity|   2.5759852612848935E-02|       1507|
10|   7.854E-01|                 Infinity|   2.4961028814965893E-02|       1605|
10|   9.424E-01|                 Infinity|   2.3094010767585032E-02|       1875|
10|   1.100E+00|                 Infinity|   2.3856905993323491E-02|       1757|
10|   1.257E+00|                 Infinity|   2.3218173010628604E-02|       1855|
10|   1.414E+00|                 Infinity|   2.3363465675799888E-02|       1832|
10|   1.571E+00|                 Infinity|   2.3708933905523488E-02|       1779|
10|   1.728E+00|                 Infinity|   2.4961028814965893E-02|       1605|
10|   1.885E+00|                 Infinity|   2.4566243134638045E-02|       1657|
10|   2.042E+00|                 Infinity|   2.5367314471592049E-02|       1554|
10|   2.199E+00|                 Infinity|   2.5474090105633382E-02|       1541|
10|   2.356E+00|                 Infinity|   2.6659558398736394E-02|       1407|
10|   2.513E+00|                 Infinity|   2.8318273589429951E-02|       1247|
10|   2.670E+00|                 Infinity|   2.6783579200279007E-02|       1394|
10|   2.827E+00|                 Infinity|   2.6270346874636689E-02|       1449|
10|   2.984E+00|                 Infinity|   2.7176321259932201E-02|       1354|
# integrated result:   9.0815974092370972E-04
#
