#
# column #1=histogram, #2=x-axis bin, #3=binned cross-section, #4=error, #5=number of events 
# this can be easily plotted in gnuplot with the commands:
#    NHi=3
#    plot 'output.dat' using ($2):($1==NHi ? $3 : 1/0) w st
# where NHi selects the histogram
#
#
# run time =      -0.00min
# TotCS =      2.2431450685E-05           1.29719E-05
#
# Histogram 1: m_jj                                              
 1|   0.000E+00|                      NaN|   0.0000000000000000E+00|          0|
 1|   5.000E+01|                 Infinity|   5.4177667919490906E-03|      34069|
 1|   1.000E+02|                 Infinity|   8.0493488943782776E-03|      15434|
 1|   1.500E+02|                 Infinity|   1.4098497814593786E-02|       5031|
 1|   2.000E+02|                 Infinity|   1.9234326202820510E-02|       2703|
 1|   2.500E+02|                 Infinity|   2.2005942406783077E-02|       2065|
 1|   3.000E+02|                 Infinity|   3.0457245193658632E-02|       1078|
 1|   3.500E+02|                 Infinity|   3.5805743701971648E-02|        780|
 1|   4.000E+02|                 Infinity|   4.1558581746169131E-02|        579|
 1|   4.500E+02|                 Infinity|   4.6225016352102424E-02|        468|
 1|   5.000E+02|                 Infinity|   5.5641488407465724E-02|        323|
 1|   5.500E+02|                 Infinity|   6.8199433947047347E-02|        215|
 1|   6.000E+02|                 Infinity|   8.1378845877115941E-02|        151|
 1|   6.500E+02|                 Infinity|   8.8735650941611385E-02|        127|
 1|   7.000E+02|                 Infinity|   1.1867816581938533E-01|         71|
 1|   7.500E+02|                 Infinity|   2.1821789023599239E-01|         21|
 1|   8.000E+02|                 Infinity|   3.1622776601683794E-01|         10|
 1|   8.500E+02|                 Infinity|   5.0000000000000000E-01|          4|
 1|   9.000E+02|                      NaN|   0.0000000000000000E+00|          0|
 1|   9.500E+02|                 Infinity|   1.0000000000000000E+00|          1|
 1|   1.000E+03|                 Infinity|   7.0710678118654746E-01|          2|
 1|   1.050E+03|                 Infinity|   5.0000000000000000E-01|          4|
 1|   1.100E+03|                      NaN|   0.0000000000000000E+00|          0|
 1|   1.150E+03|                 Infinity|   1.0000000000000000E+00|          1|
 1|   1.200E+03|                 Infinity|   5.7735026918962584E-01|          3|
 1|   1.250E+03|                 Infinity|   1.0000000000000000E+00|          1|
 1|   1.300E+03|                      NaN|   0.0000000000000000E+00|          0|
 1|   1.350E+03|                      NaN|   0.0000000000000000E+00|          0|
 1|   1.400E+03|                      NaN|   0.0000000000000000E+00|          0|
 1|   1.450E+03|                      NaN|   0.0000000000000000E+00|          0|
 1|   1.500E+03|                 Infinity|   1.0000000000000000E+00|          1|
 1|   1.550E+03|                 Infinity|   1.0000000000000000E+00|          1|
 1|   1.600E+03|                 Infinity|   1.0000000000000000E+00|          1|
 1|   1.650E+03|                      NaN|   0.0000000000000000E+00|          0|
 1|   1.700E+03|                      NaN|   0.0000000000000000E+00|          0|
 1|   1.750E+03|                      NaN|   0.0000000000000000E+00|          0|
 1|   1.800E+03|                      NaN|   0.0000000000000000E+00|          0|
 1|   1.850E+03|                      NaN|   0.0000000000000000E+00|          0|
 1|   1.900E+03|                      NaN|   0.0000000000000000E+00|          0|
 1|   1.950E+03|                      NaN|   0.0000000000000000E+00|          0|
 1|   2.000E+03|                      NaN|   0.0000000000000000E+00|          0|
 1|   2.050E+03|                      NaN|   0.0000000000000000E+00|          0|
 1|   2.100E+03|                 Infinity|   1.0000000000000000E+00|          1|
 1|   2.150E+03|                      NaN|   0.0000000000000000E+00|          0|
 1|   2.200E+03|                      NaN|   0.0000000000000000E+00|          0|
 1|   2.250E+03|                      NaN|   0.0000000000000000E+00|          0|
 1|   2.300E+03|                      NaN|   0.0000000000000000E+00|          0|
 1|   2.350E+03|                      NaN|   0.0000000000000000E+00|          0|
 1|   2.400E+03|                      NaN|   0.0000000000000000E+00|          0|
 1|   2.450E+03|                      NaN|   0.0000000000000000E+00|          0|
 1|   2.500E+03|                      NaN|   0.0000000000000000E+00|          0|
 1|   2.550E+03|                      NaN|   0.0000000000000000E+00|          0|
 1|   2.600E+03|                      NaN|   0.0000000000000000E+00|          0|
 1|   2.650E+03|                      NaN|   0.0000000000000000E+00|          0|
 1|   2.700E+03|                      NaN|   0.0000000000000000E+00|          0|
 1|   2.750E+03|                      NaN|   0.0000000000000000E+00|          0|
 1|   2.800E+03|                      NaN|   0.0000000000000000E+00|          0|
 1|   2.850E+03|                      NaN|   0.0000000000000000E+00|          0|
 1|   2.900E+03|                      NaN|   0.0000000000000000E+00|          0|
 1|   2.950E+03|                      NaN|   0.0000000000000000E+00|          0|
 1|   3.000E+03|                      NaN|   0.0000000000000000E+00|          0|
 1|   3.050E+03|                      NaN|   0.0000000000000000E+00|          0|
 1|   3.100E+03|                      NaN|   0.0000000000000000E+00|          0|
 1|   3.150E+03|                      NaN|   0.0000000000000000E+00|          0|
 1|   3.200E+03|                      NaN|   0.0000000000000000E+00|          0|
 1|   3.250E+03|                      NaN|   0.0000000000000000E+00|          0|
 1|   3.300E+03|                      NaN|   0.0000000000000000E+00|          0|
 1|   3.350E+03|                      NaN|   0.0000000000000000E+00|          0|
 1|   3.400E+03|                      NaN|   0.0000000000000000E+00|          0|
 1|   3.450E+03|                      NaN|   0.0000000000000000E+00|          0|
 1|   3.500E+03|                      NaN|   0.0000000000000000E+00|          0|
 1|   3.550E+03|                      NaN|   0.0000000000000000E+00|          0|
 1|   3.600E+03|                      NaN|   0.0000000000000000E+00|          0|
 1|   3.650E+03|                      NaN|   0.0000000000000000E+00|          0|
 1|   3.700E+03|                      NaN|   0.0000000000000000E+00|          0|
 1|   3.750E+03|                      NaN|   0.0000000000000000E+00|          0|
 1|   3.800E+03|                      NaN|   0.0000000000000000E+00|          0|
 1|   3.850E+03|                      NaN|   0.0000000000000000E+00|          0|
 1|   3.900E+03|                      NaN|   0.0000000000000000E+00|          0|
 1|   3.950E+03|                      NaN|   0.0000000000000000E+00|          0|
 1|   4.000E+03|                      NaN|   0.0000000000000000E+00|          0|
 1|   4.050E+03|                      NaN|   0.0000000000000000E+00|          0|
 1|   4.100E+03|                      NaN|   0.0000000000000000E+00|          0|
 1|   4.150E+03|                      NaN|   0.0000000000000000E+00|          0|
 1|   4.200E+03|                      NaN|   0.0000000000000000E+00|          0|
 1|   4.250E+03|                      NaN|   0.0000000000000000E+00|          0|
 1|   4.300E+03|                      NaN|   0.0000000000000000E+00|          0|
 1|   4.350E+03|                      NaN|   0.0000000000000000E+00|          0|
 1|   4.400E+03|                      NaN|   0.0000000000000000E+00|          0|
 1|   4.450E+03|                      NaN|   0.0000000000000000E+00|          0|
 1|   4.500E+03|                      NaN|   0.0000000000000000E+00|          0|
 1|   4.550E+03|                      NaN|   0.0000000000000000E+00|          0|
 1|   4.600E+03|                      NaN|   0.0000000000000000E+00|          0|
 1|   4.650E+03|                      NaN|   0.0000000000000000E+00|          0|
 1|   4.700E+03|                      NaN|   0.0000000000000000E+00|          0|
 1|   4.750E+03|                      NaN|   0.0000000000000000E+00|          0|
 1|   4.800E+03|                      NaN|   0.0000000000000000E+00|          0|
 1|   4.850E+03|                      NaN|   0.0000000000000000E+00|          0|
 1|   4.900E+03|                      NaN|   0.0000000000000000E+00|          0|
 1|   4.950E+03|                      NaN|   0.0000000000000000E+00|          0|
# integrated result:   2.2431450685291891E-05
#
# Histogram 2: m_jj                                              
 2|   0.000E+00|                      NaN|   0.0000000000000000E+00|          0|
 2|   2.000E+00|                      NaN|   0.0000000000000000E+00|          0|
 2|   4.000E+00|                      NaN|   0.0000000000000000E+00|          0|
 2|   6.000E+00|                      NaN|   0.0000000000000000E+00|          0|
 2|   8.000E+00|                      NaN|   0.0000000000000000E+00|          0|
 2|   1.000E+01|                      NaN|   0.0000000000000000E+00|          0|
 2|   1.200E+01|                      NaN|   0.0000000000000000E+00|          0|
 2|   1.400E+01|                      NaN|   0.0000000000000000E+00|          0|
 2|   1.600E+01|                      NaN|   0.0000000000000000E+00|          0|
 2|   1.800E+01|                      NaN|   0.0000000000000000E+00|          0|
 2|   2.000E+01|                      NaN|   0.0000000000000000E+00|          0|
 2|   2.200E+01|                      NaN|   0.0000000000000000E+00|          0|
 2|   2.400E+01|                      NaN|   0.0000000000000000E+00|          0|
 2|   2.600E+01|                      NaN|   0.0000000000000000E+00|          0|
 2|   2.800E+01|                      NaN|   0.0000000000000000E+00|          0|
 2|   3.000E+01|                      NaN|   0.0000000000000000E+00|          0|
 2|   3.200E+01|                      NaN|   0.0000000000000000E+00|          0|
 2|   3.400E+01|                      NaN|   0.0000000000000000E+00|          0|
 2|   3.600E+01|                      NaN|   0.0000000000000000E+00|          0|
 2|   3.800E+01|                      NaN|   0.0000000000000000E+00|          0|
 2|   4.000E+01|                      NaN|   0.0000000000000000E+00|          0|
 2|   4.200E+01|                      NaN|   0.0000000000000000E+00|          0|
 2|   4.400E+01|                      NaN|   0.0000000000000000E+00|          0|
 2|   4.600E+01|                      NaN|   0.0000000000000000E+00|          0|
 2|   4.800E+01|                      NaN|   0.0000000000000000E+00|          0|
 2|   5.000E+01|                      NaN|   0.0000000000000000E+00|          0|
 2|   5.200E+01|                      NaN|   0.0000000000000000E+00|          0|
 2|   5.400E+01|                      NaN|   0.0000000000000000E+00|          0|
 2|   5.600E+01|                      NaN|   0.0000000000000000E+00|          0|
 2|   5.800E+01|                      NaN|   0.0000000000000000E+00|          0|
 2|   6.000E+01|                      NaN|   0.0000000000000000E+00|          0|
 2|   6.200E+01|                      NaN|   0.0000000000000000E+00|          0|
 2|   6.400E+01|                      NaN|   0.0000000000000000E+00|          0|
 2|   6.600E+01|                      NaN|   0.0000000000000000E+00|          0|
 2|   6.800E+01|                      NaN|   0.0000000000000000E+00|          0|
 2|   7.000E+01|                 Infinity|   1.6583953170166487E-02|       3636|
 2|   7.200E+01|                 Infinity|   1.5216276731324616E-02|       4319|
 2|   7.400E+01|                 Infinity|   2.0974918506045256E-02|       2273|
 2|   7.600E+01|                 Infinity|   1.6778901380350607E-02|       3552|
 2|   7.800E+01|                 Infinity|   1.2630935170956915E-02|       6268|
 2|   8.000E+01|                 Infinity|   1.1558569738602507E-02|       7485|
 2|   8.200E+01|                 Infinity|   2.3075557699702289E-02|       1878|
 2|   8.400E+01|                 Infinity|   3.1895046605474840E-02|        983|
 2|   8.600E+01|                 Infinity|   2.8606478384531155E-02|       1222|
 2|   8.800E+01|                 Infinity|   4.6028730894916173E-02|        472|
 2|   9.000E+01|                 Infinity|   4.9690399499995326E-02|        405|
 2|   9.200E+01|                 Infinity|   5.0767308256680958E-02|        388|
 2|   9.400E+01|                 Infinity|   5.2270837348931669E-02|        366|
 2|   9.600E+01|                 Infinity|   5.0062617432175889E-02|        399|
 2|   9.800E+01|                 Infinity|   4.8621663832631515E-02|        423|
 2|   1.000E+02|                 Infinity|   4.6625240412015691E-02|        460|
 2|   1.020E+02|                 Infinity|   4.4324220717793628E-02|        509|
 2|   1.040E+02|                 Infinity|   3.7113480951260276E-02|        726|
 2|   1.060E+02|                 Infinity|   2.8688765527462350E-02|       1215|
 2|   1.080E+02|                 Infinity|   2.9111125486979101E-02|       1180|
 2|   1.100E+02|                 Infinity|   3.1158847642487789E-02|       1030|
 2|   1.120E+02|                 Infinity|   3.2933246096939213E-02|        922|
 2|   1.140E+02|                 Infinity|   3.4040395878489879E-02|        863|
 2|   1.160E+02|                 Infinity|   3.5421817348790727E-02|        797|
 2|   1.180E+02|                 Infinity|   3.6835473434187867E-02|        737|
 2|   1.200E+02|                 Infinity|   3.9683789506627251E-02|        635|
 2|   1.220E+02|                 Infinity|   3.9283710065919304E-02|        648|
 2|   1.240E+02|                 Infinity|   4.0488816508945799E-02|        610|
 2|   1.260E+02|                 Infinity|   4.3153185200210310E-02|        537|
 2|   1.280E+02|                 Infinity|   4.1134503489486357E-02|        591|
 2|   1.300E+02|                 Infinity|   4.5407660918649985E-02|        485|
 2|   1.320E+02|                 Infinity|   4.7088160934801108E-02|        451|
 2|   1.340E+02|                 Infinity|   4.7619047619047616E-02|        441|
 2|   1.360E+02|                 Infinity|   4.8280454958526758E-02|        429|
 2|   1.380E+02|                 Infinity|   5.1708768999501914E-02|        374|
 2|   1.400E+02|                 Infinity|   5.0379272185987839E-02|        394|
 2|   1.420E+02|                 Infinity|   5.0636968354183333E-02|        390|
 2|   1.440E+02|                 Infinity|   5.0964719143762556E-02|        385|
 2|   1.460E+02|                 Infinity|   5.4473471070284329E-02|        337|
 2|   1.480E+02|                 Infinity|   5.8925565098878967E-02|        288|
 2|   1.500E+02|                 Infinity|   5.6523341894422152E-02|        313|
 2|   1.520E+02|                 Infinity|   5.9028133610095526E-02|        287|
 2|   1.540E+02|                 Infinity|   6.2622429108514954E-02|        255|
 2|   1.560E+02|                 Infinity|   6.2257280636469035E-02|        258|
 2|   1.580E+02|                 Infinity|   6.3372425052447792E-02|        249|
 2|   1.600E+02|                 Infinity|   6.3628476297577771E-02|        247|
 2|   1.620E+02|                 Infinity|   6.4150029909958411E-02|        243|
 2|   1.640E+02|                 Infinity|   6.8041381743977170E-02|        216|
 2|   1.660E+02|                 Infinity|   6.8842839082151427E-02|        211|
 2|   1.680E+02|                 Infinity|   6.8199433947047347E-02|        215|
 2|   1.700E+02|                 Infinity|   6.8041381743977170E-02|        216|
 2|   1.720E+02|                 Infinity|   7.4124931666110117E-02|        182|
 2|   1.740E+02|                 Infinity|   6.7728546147859642E-02|        218|
 2|   1.760E+02|                 Infinity|   7.6923076923076927E-02|        169|
 2|   1.780E+02|                 Infinity|   7.7382323253413682E-02|        167|
 2|   1.800E+02|                 Infinity|   7.6028592126970551E-02|        173|
 2|   1.820E+02|                 Infinity|   7.4535599249992993E-02|        180|
 2|   1.840E+02|                 Infinity|   7.7151674981045956E-02|        168|
 2|   1.860E+02|                 Infinity|   7.2547625011001163E-02|        190|
 2|   1.880E+02|                 Infinity|   7.9808688446762213E-02|        157|
 2|   1.900E+02|                 Infinity|   9.0909090909090912E-02|        121|
 2|   1.920E+02|                 Infinity|   8.1378845877115941E-02|        151|
 2|   1.940E+02|                 Infinity|   8.4515425472851652E-02|        140|
 2|   1.960E+02|                 Infinity|   8.0582296402538028E-02|        154|
 2|   1.980E+02|                 Infinity|   8.1378845877115941E-02|        151|
# integrated result:   2.2431450685292789E-05
#
# Histogram 3: pT(H)                                             
 3|   0.000E+00|                 Infinity|   1.4356203435505359E-02|       4852|
 3|   1.000E+01|                 Infinity|   1.4326706376531320E-02|       4872|
 3|   2.000E+01|                 Infinity|   1.5636456680019055E-02|       4090|
 3|   3.000E+01|                 Infinity|   1.7002967276707269E-02|       3459|
 3|   4.000E+01|                 Infinity|   1.7243942512516180E-02|       3363|
 3|   5.000E+01|                 Infinity|   1.7598107953143850E-02|       3229|
 3|   6.000E+01|                 Infinity|   1.8151839895669614E-02|       3035|
 3|   7.000E+01|                 Infinity|   1.8490006540840973E-02|       2925|
 3|   8.000E+01|                 Infinity|   1.8124985839860344E-02|       3044|
 3|   9.000E+01|                 Infinity|   1.8817748237374535E-02|       2824|
 3|   1.000E+02|                 Infinity|   1.9992004796802236E-02|       2502|
 3|   1.100E+02|                 Infinity|   2.0227834851568371E-02|       2444|
 3|   1.200E+02|                 Infinity|   2.0190693024117065E-02|       2453|
 3|   1.300E+02|                 Infinity|   2.2869467687317412E-02|       1912|
 3|   1.400E+02|                 Infinity|   2.3020462775806542E-02|       1887|
 3|   1.500E+02|                 Infinity|   2.3802777946288958E-02|       1765|
 3|   1.600E+02|                 Infinity|   2.4485105343719588E-02|       1668|
 3|   1.700E+02|                 Infinity|   2.4253562503633298E-02|       1700|
 3|   1.800E+02|                 Infinity|   2.8676966733820218E-02|       1216|
 3|   1.900E+02|                 Infinity|   3.0110103182983891E-02|       1103|
 3|   2.000E+02|                 Infinity|   3.1434730673096573E-02|       1012|
 3|   2.100E+02|                 Infinity|   3.1326574483831929E-02|       1019|
 3|   2.200E+02|                 Infinity|   3.4441829515914534E-02|        843|
 3|   2.300E+02|                 Infinity|   3.4794450031961049E-02|        826|
 3|   2.400E+02|                 Infinity|   3.7345684348663553E-02|        717|
 3|   2.500E+02|                 Infinity|   4.1739193556484110E-02|        574|
 3|   2.600E+02|                 Infinity|   4.5786854649563009E-02|        477|
 3|   2.700E+02|                 Infinity|   4.8564293117863207E-02|        424|
 3|   2.800E+02|                 Infinity|   4.7565149415449405E-02|        442|
 3|   2.900E+02|                 Infinity|   4.9507377148833721E-02|        408|
 3|   3.000E+02|                 Infinity|   5.2057920629535355E-02|        369|
 3|   3.100E+02|                 Infinity|   5.4882129994845173E-02|        332|
 3|   3.200E+02|                 Infinity|   6.6372331159997203E-02|        227|
 3|   3.300E+02|                 Infinity|   7.5377836144440907E-02|        176|
 3|   3.400E+02|                 Infinity|   7.7382323253413682E-02|        167|
 3|   3.500E+02|                 Infinity|   9.2450032704204849E-02|        117|
 3|   3.600E+02|                 Infinity|   9.2450032704204849E-02|        117|
 3|   3.700E+02|                 Infinity|   1.0206207261596577E-01|         96|
 3|   3.800E+02|                 Infinity|   1.4433756729740646E-01|         48|
 3|   3.900E+02|                 Infinity|   1.2309149097933272E-01|         66|
 3|   4.000E+02|                 Infinity|   1.2909944487358055E-01|         60|
 3|   4.100E+02|                 Infinity|   1.3018891098082389E-01|         59|
 3|   4.200E+02|                 Infinity|   1.5075567228888181E-01|         44|
 3|   4.300E+02|                 Infinity|   1.6903085094570330E-01|         35|
 3|   4.400E+02|                 Infinity|   1.6903085094570330E-01|         35|
 3|   4.500E+02|                 Infinity|   2.0000000000000001E-01|         25|
 3|   4.600E+02|                 Infinity|   2.8867513459481292E-01|         12|
 3|   4.700E+02|                 Infinity|   2.5819888974716110E-01|         15|
 3|   4.800E+02|                 Infinity|   3.5355339059327373E-01|          8|
 3|   4.900E+02|                 Infinity|   3.0151134457776363E-01|         11|
# integrated result:   2.2431450685292799E-05
#
# Histogram 4: pT(j1)                                            
 4|   0.000E+00|                      NaN|   0.0000000000000000E+00|          0|
 4|   1.000E+01|                 Infinity|   2.8306925853614891E-02|       1248|
 4|   2.000E+01|                 Infinity|   1.8048071892110839E-02|       3070|
 4|   3.000E+01|                 Infinity|   1.4709063722876272E-02|       4622|
 4|   4.000E+01|                 Infinity|   1.3275635943085290E-02|       5674|
 4|   5.000E+01|                 Infinity|   1.3217526428635735E-02|       5724|
 4|   6.000E+01|                 Infinity|   1.3666610481827953E-02|       5354|
 4|   7.000E+01|                 Infinity|   1.4312025866090474E-02|       4882|
 4|   8.000E+01|                 Infinity|   1.5198691752918441E-02|       4329|
 4|   9.000E+01|                 Infinity|   1.5969877280748043E-02|       3921|
 4|   1.000E+02|                 Infinity|   1.6859786954334186E-02|       3518|
 4|   1.100E+02|                 Infinity|   1.8290982847556567E-02|       2989|
 4|   1.200E+02|                 Infinity|   1.9370971105651492E-02|       2665|
 4|   1.300E+02|                 Infinity|   2.0924348765934360E-02|       2284|
 4|   1.400E+02|                 Infinity|   2.2233204294660427E-02|       2023|
 4|   1.500E+02|                 Infinity|   2.4521886354905213E-02|       1663|
 4|   1.600E+02|                 Infinity|   2.6707054531881675E-02|       1402|
 4|   1.700E+02|                 Infinity|   2.9235267310234306E-02|       1170|
 4|   1.800E+02|                 Infinity|   3.0729254193150105E-02|       1059|
 4|   1.900E+02|                 Infinity|   3.3022909334191324E-02|        917|
 4|   2.000E+02|                 Infinity|   3.5990787537434725E-02|        772|
 4|   2.100E+02|                 Infinity|   3.8320083261967369E-02|        681|
 4|   2.200E+02|                 Infinity|   4.2182454060959780E-02|        562|
 4|   2.300E+02|                 Infinity|   4.7619047619047616E-02|        441|
 4|   2.400E+02|                 Infinity|   5.0062617432175889E-02|        399|
 4|   2.500E+02|                 Infinity|   5.7448498962142602E-02|        303|
 4|   2.600E+02|                 Infinity|   5.9131239598908258E-02|        286|
 4|   2.700E+02|                 Infinity|   6.4282434653322507E-02|        242|
 4|   2.800E+02|                 Infinity|   6.8842839082151427E-02|        211|
 4|   2.900E+02|                 Infinity|   8.1923192051904056E-02|        149|
 4|   3.000E+02|                 Infinity|   8.8388347648318433E-02|        128|
 4|   3.100E+02|                 Infinity|   1.0425720702853739E-01|         92|
 4|   3.200E+02|                 Infinity|   1.1624763874381928E-01|         74|
 4|   3.300E+02|                 Infinity|   1.2909944487358055E-01|         60|
 4|   3.400E+02|                 Infinity|   1.4142135623730950E-01|         50|
 4|   3.500E+02|                 Infinity|   1.6222142113076254E-01|         38|
 4|   3.600E+02|                 Infinity|   2.0000000000000001E-01|         25|
 4|   3.700E+02|                 Infinity|   2.2360679774997896E-01|         20|
 4|   3.800E+02|                 Infinity|   2.6726124191242440E-01|         14|
 4|   3.900E+02|                 Infinity|   2.4253562503633297E-01|         17|
 4|   4.000E+02|                 Infinity|   2.8867513459481292E-01|         12|
 4|   4.100E+02|                 Infinity|   3.1622776601683794E-01|         10|
 4|   4.200E+02|                 Infinity|   4.0824829046386307E-01|          6|
 4|   4.300E+02|                 Infinity|   4.4721359549995793E-01|          5|
 4|   4.400E+02|                 Infinity|   5.7735026918962584E-01|          3|
 4|   4.500E+02|                 Infinity|   1.0000000000000000E+00|          1|
 4|   4.600E+02|                 Infinity|   7.0710678118654746E-01|          2|
 4|   4.700E+02|                 Infinity|   7.0710678118654746E-01|          2|
 4|   4.800E+02|                      NaN|   0.0000000000000000E+00|          0|
 4|   4.900E+02|                 Infinity|   7.0710678118654746E-01|          2|
# integrated result:   2.2431450685292745E-05
#
# Histogram 5: dy(j1,j2)                                         
 5|  -5.000E+00|                      NaN|   0.0000000000000000E+00|          0|
 5|  -4.800E+00|                 Infinity|   1.0000000000000000E+00|          1|
 5|  -4.600E+00|                 Infinity|   7.0710678118654746E-01|          2|
 5|  -4.400E+00|                      NaN|   0.0000000000000000E+00|          0|
 5|  -4.200E+00|                 Infinity|   7.0710678118654746E-01|          2|
 5|  -4.000E+00|                 Infinity|   5.7735026918962584E-01|          3|
 5|  -3.800E+00|                 Infinity|   5.7735026918962584E-01|          3|
 5|  -3.600E+00|                 Infinity|   3.5355339059327373E-01|          8|
 5|  -3.400E+00|                 Infinity|   3.7796447300922720E-01|          7|
 5|  -3.200E+00|                 Infinity|   2.5819888974716110E-01|         15|
 5|  -3.000E+00|                 Infinity|   2.4253562503633297E-01|         17|
 5|  -2.800E+00|                 Infinity|   1.4744195615489714E-01|         46|
 5|  -2.600E+00|                 Infinity|   1.1470786693528087E-01|         76|
 5|  -2.400E+00|                 Infinity|   7.9305158571814416E-02|        159|
 5|  -2.200E+00|                 Infinity|   6.2136976600120006E-02|        259|
 5|  -2.000E+00|                 Infinity|   6.1429511683395117E-02|        265|
 5|  -1.800E+00|                 Infinity|   5.1366549693751415E-02|        379|
 5|  -1.600E+00|                 Infinity|   4.4499415948998478E-02|        505|
 5|  -1.400E+00|                 Infinity|   3.4731435582359395E-02|        829|
 5|  -1.200E+00|                 Infinity|   2.6919095102908276E-02|       1380|
 5|  -1.000E+00|                 Infinity|   2.9591497808609105E-02|       1142|
 5|  -8.000E-01|                 Infinity|   2.5657900289539272E-02|       1519|
 5|  -6.000E-01|                 Infinity|   2.3749016662636548E-02|       1773|
 5|  -4.000E-01|                 Infinity|   2.1511595185875910E-02|       2161|
 5|  -2.000E-01|                 Infinity|   2.2959706631926799E-02|       1897|
 5|   0.000E+00|                 Infinity|   2.3775851718273702E-02|       1769|
 5|   2.000E-01|                 Infinity|   2.0450795781510083E-02|       2391|
 5|   4.000E-01|                 Infinity|   1.6655104634982609E-02|       3605|
 5|   6.000E-01|                 Infinity|   1.5027827244457205E-02|       4428|
 5|   8.000E-01|                 Infinity|   1.4500369764143539E-02|       4756|
 5|   1.000E+00|                 Infinity|   1.3980887210514204E-02|       5116|
 5|   1.200E+00|                 Infinity|   1.4997375688861584E-02|       4446|
 5|   1.400E+00|                 Infinity|   1.6978442574375578E-02|       3469|
 5|   1.600E+00|                 Infinity|   1.8486846666163390E-02|       2926|
 5|   1.800E+00|                 Infinity|   1.9477234678290496E-02|       2636|
 5|   2.000E+00|                 Infinity|   2.0519567041703081E-02|       2375|
 5|   2.200E+00|                 Infinity|   2.2167554926073633E-02|       2035|
 5|   2.400E+00|                 Infinity|   2.4822226837318159E-02|       1623|
 5|   2.600E+00|                 Infinity|   2.6602896148920738E-02|       1413|
 5|   2.800E+00|                 Infinity|   2.5278006958277935E-02|       1565|
 5|   3.000E+00|                 Infinity|   1.6893434459987148E-02|       3504|
 5|   3.200E+00|                 Infinity|   2.2151233248863027E-02|       2038|
 5|   3.400E+00|                 Infinity|   5.7448498962142602E-02|        303|
 5|   3.600E+00|                 Infinity|   8.8388347648318433E-02|        128|
 5|   3.800E+00|                 Infinity|   1.2309149097933272E-01|         66|
 5|   4.000E+00|                 Infinity|   1.6666666666666666E-01|         36|
 5|   4.200E+00|                 Infinity|   2.2941573387056174E-01|         19|
 5|   4.400E+00|                 Infinity|   2.2360679774997896E-01|         20|
 5|   4.600E+00|                 Infinity|   5.0000000000000000E-01|          4|
 5|   4.800E+00|                 Infinity|   3.5355339059327373E-01|          8|
# integrated result:   2.2431450685292819E-05
#
# Histogram 6: mz1                                               
 6|   0.000E+00|                      NaN|   0.0000000000000000E+00|          0|
 6|   2.000E+00|                      NaN|   0.0000000000000000E+00|          0|
 6|   4.000E+00|                 Infinity|   3.6273812505500581E-02|        760|
 6|   6.000E+00|                 Infinity|   3.9872611141444997E-02|        629|
 6|   8.000E+00|                 Infinity|   2.4906774069335894E-02|       1612|
 6|   1.000E+01|                 Infinity|   2.7186362391351842E-02|       1353|
 6|   1.200E+01|                 Infinity|   5.0898659855928764E-02|        386|
 6|   1.400E+01|                 Infinity|   7.1428571428571425E-02|        196|
 6|   1.600E+01|                 Infinity|   6.7573737839948592E-02|        219|
 6|   1.800E+01|                 Infinity|   6.6081860045508978E-02|        229|
 6|   2.000E+01|                 Infinity|   4.2835293687811936E-02|        545|
 6|   2.200E+01|                 Infinity|   4.0000000000000001E-02|        625|
 6|   2.400E+01|                 Infinity|   4.5596075258755323E-02|        481|
 6|   2.600E+01|                 Infinity|   7.5377836144440907E-02|        176|
 6|   2.800E+01|                 Infinity|   1.0482848367219183E-01|         91|
 6|   3.000E+01|                 Infinity|   9.3250480824031381E-02|        115|
 6|   3.200E+01|                 Infinity|   8.3624201000709081E-02|        143|
 6|   3.400E+01|                 Infinity|   7.8567420131838608E-02|        162|
 6|   3.600E+01|                 Infinity|   7.8811040623910061E-02|        161|
 6|   3.800E+01|                 Infinity|   1.0000000000000001E-01|        100|
 6|   4.000E+01|                 Infinity|   1.6012815380508713E-01|         39|
 6|   4.200E+01|                 Infinity|   1.6222142113076254E-01|         38|
 6|   4.400E+01|                 Infinity|   1.3018891098082389E-01|         59|
 6|   4.600E+01|                 Infinity|   1.4586499149789456E-01|         47|
 6|   4.800E+01|                 Infinity|   1.1624763874381928E-01|         74|
 6|   5.000E+01|                 Infinity|   1.4586499149789456E-01|         47|
 6|   5.200E+01|                 Infinity|   1.6439898730535729E-01|         37|
 6|   5.400E+01|                 Infinity|   1.5811388300841897E-01|         40|
 6|   5.600E+01|                 Infinity|   1.4586499149789456E-01|         47|
 6|   5.800E+01|                 Infinity|   1.3130643285972254E-01|         58|
 6|   6.000E+01|                 Infinity|   1.3018891098082389E-01|         59|
 6|   6.200E+01|                 Infinity|   1.2700012700019050E-01|         62|
 6|   6.400E+01|                 Infinity|   1.5249857033260467E-01|         43|
 6|   6.600E+01|                 Infinity|   1.3867504905630729E-01|         52|
 6|   6.800E+01|                 Infinity|   1.4142135623730950E-01|         50|
 6|   7.000E+01|                 Infinity|   1.2309149097933272E-01|         66|
 6|   7.200E+01|                 Infinity|   1.0660035817780521E-01|         88|
 6|   7.400E+01|                 Infinity|   1.0910894511799619E-01|         84|
 6|   7.600E+01|                 Infinity|   1.1952286093343936E-01|         70|
 6|   7.800E+01|                 Infinity|   1.0846522890932808E-01|         85|
 6|   8.000E+01|                 Infinity|   7.9056941504209485E-02|        160|
 6|   8.200E+01|                 Infinity|   7.4329414624716636E-02|        181|
 6|   8.400E+01|                 Infinity|   4.3153185200210310E-02|        537|
 6|   8.600E+01|                 Infinity|   2.2173003507924643E-02|       2034|
 6|   8.800E+01|                 Infinity|   2.2388683141982252E-02|       1995|
 6|   9.000E+01|                 Infinity|   8.6649126807572356E-03|      13319|
 6|   9.200E+01|                 Infinity|   1.4960407311610030E-02|       4468|
 6|   9.400E+01|                 Infinity|   5.9835201459037656E-03|      27931|
 6|   9.600E+01|                 Infinity|   4.3437224276306939E-02|        530|
 6|   9.800E+01|                 Infinity|   8.4215192106651904E-02|        141|
 6|   1.000E+02|                 Infinity|   8.5435765771676095E-02|        137|
 6|   1.020E+02|                 Infinity|   6.0745673923078697E-02|        271|
 6|   1.040E+02|                 Infinity|   5.2925612402496311E-02|        357|
 6|   1.060E+02|                 Infinity|   6.8518870982753166E-02|        213|
 6|   1.080E+02|                 Infinity|   8.4215192106651904E-02|        141|
 6|   1.100E+02|                 Infinity|   1.0910894511799619E-01|         84|
 6|   1.120E+02|                 Infinity|   9.6673648904566353E-02|        107|
 6|   1.140E+02|                 Infinity|   1.1250879009260240E-01|         79|
 6|   1.160E+02|                 Infinity|   1.0206207261596577E-01|         96|
 6|   1.180E+02|                 Infinity|   9.7128586235726413E-02|        106|
 6|   1.200E+02|                 Infinity|   1.0259783520851541E-01|         95|
 6|   1.220E+02|                 Infinity|   1.0314212462587934E-01|         94|
 6|   1.240E+02|                 Infinity|   9.1669849702821132E-02|        119|
 6|   1.260E+02|                 Infinity|   9.9503719020998915E-02|        101|
 6|   1.280E+02|                 Infinity|   9.6673648904566353E-02|        107|
 6|   1.300E+02|                 Infinity|   1.0846522890932808E-01|         85|
 6|   1.320E+02|                 Infinity|   1.1785113019775793E-01|         72|
 6|   1.340E+02|                 Infinity|   1.3736056394868904E-01|         53|
 6|   1.360E+02|                 Infinity|   1.4142135623730950E-01|         50|
 6|   1.380E+02|                 Infinity|   1.9611613513818404E-01|         26|
 6|   1.400E+02|                 Infinity|   1.6439898730535729E-01|         37|
 6|   1.420E+02|                 Infinity|   1.9245008972987526E-01|         27|
 6|   1.440E+02|                 Infinity|   2.5000000000000000E-01|         16|
 6|   1.460E+02|                 Infinity|   2.2360679774997896E-01|         20|
 6|   1.480E+02|                 Infinity|   2.5000000000000000E-01|         16|
 6|   1.500E+02|                 Infinity|   2.5000000000000000E-01|         16|
 6|   1.520E+02|                 Infinity|   3.0151134457776363E-01|         11|
 6|   1.540E+02|                 Infinity|   2.4253562503633297E-01|         17|
 6|   1.560E+02|                 Infinity|   3.0151134457776363E-01|         11|
 6|   1.580E+02|                 Infinity|   3.3333333333333331E-01|          9|
 6|   1.600E+02|                 Infinity|   3.1622776601683794E-01|         10|
 6|   1.620E+02|                 Infinity|   3.7796447300922720E-01|          7|
 6|   1.640E+02|                 Infinity|   4.4721359549995793E-01|          5|
 6|   1.660E+02|                 Infinity|   5.0000000000000000E-01|          4|
 6|   1.680E+02|                 Infinity|   3.7796447300922720E-01|          7|
 6|   1.700E+02|                 Infinity|   3.3333333333333331E-01|          9|
 6|   1.720E+02|                 Infinity|   4.0824829046386307E-01|          6|
 6|   1.740E+02|                 Infinity|   4.0824829046386307E-01|          6|
 6|   1.760E+02|                 Infinity|   5.0000000000000000E-01|          4|
 6|   1.780E+02|                 Infinity|   4.0824829046386307E-01|          6|
 6|   1.800E+02|                 Infinity|   1.0000000000000000E+00|          1|
 6|   1.820E+02|                 Infinity|   4.4721359549995793E-01|          5|
 6|   1.840E+02|                 Infinity|   3.7796447300922720E-01|          7|
 6|   1.860E+02|                 Infinity|   4.0824829046386307E-01|          6|
 6|   1.880E+02|                 Infinity|   5.0000000000000000E-01|          4|
 6|   1.900E+02|                 Infinity|   5.7735026918962584E-01|          3|
 6|   1.920E+02|                 Infinity|   7.0710678118654746E-01|          2|
 6|   1.940E+02|                 Infinity|   4.0824829046386307E-01|          6|
 6|   1.960E+02|                 Infinity|   7.0710678118654746E-01|          2|
 6|   1.980E+02|                 Infinity|   1.0000000000000000E+00|          1|
# integrated result:   2.2431450685292670E-05
#
# Histogram 7: mz2                                               
 7|   0.000E+00|                      NaN|   0.0000000000000000E+00|          0|
 7|   2.000E+00|                      NaN|   0.0000000000000000E+00|          0|
 7|   4.000E+00|                 Infinity|   2.6958193300859603E-02|       1376|
 7|   6.000E+00|                 Infinity|   3.3445003104532557E-02|        894|
 7|   8.000E+00|                 Infinity|   3.2241294010958051E-02|        962|
 7|   1.000E+01|                 Infinity|   3.0137438733945612E-02|       1101|
 7|   1.200E+01|                 Infinity|   2.9111125486979101E-02|       1180|
 7|   1.400E+01|                 Infinity|   3.1023602427884881E-02|       1039|
 7|   1.600E+01|                 Infinity|   3.0993786368687184E-02|       1041|
 7|   1.800E+01|                 Infinity|   3.0628194591584439E-02|       1066|
 7|   2.000E+01|                 Infinity|   3.0499714066520935E-02|       1075|
 7|   2.200E+01|                 Infinity|   2.9411764705882353E-02|       1156|
 7|   2.400E+01|                 Infinity|   3.2141217326661253E-02|        968|
 7|   2.600E+01|                 Infinity|   3.4503277967117711E-02|        840|
 7|   2.800E+01|                 Infinity|   3.6321635614607398E-02|        758|
 7|   3.000E+01|                 Infinity|   3.7371754637596795E-02|        716|
 7|   3.200E+01|                 Infinity|   4.0128617695256406E-02|        621|
 7|   3.400E+01|                 Infinity|   4.1030496993110906E-02|        594|
 7|   3.600E+01|                 Infinity|   4.1558581746169131E-02|        579|
 7|   3.800E+01|                 Infinity|   4.2874646285627205E-02|        544|
 7|   4.000E+01|                 Infinity|   4.3810795433832352E-02|        521|
 7|   4.200E+01|                 Infinity|   4.6126560401444250E-02|        470|
 7|   4.400E+01|                 Infinity|   4.4455422447438706E-02|        506|
 7|   4.600E+01|                 Infinity|   4.7298376984040214E-02|        447|
 7|   4.800E+01|                 Infinity|   4.6625240412015691E-02|        460|
 7|   5.000E+01|                 Infinity|   4.6574643283262232E-02|        461|
 7|   5.200E+01|                 Infinity|   4.6274481338274755E-02|        467|
 7|   5.400E+01|                 Infinity|   4.8911598804451853E-02|        418|
 7|   5.600E+01|                 Infinity|   4.8450158311150918E-02|        426|
 7|   5.800E+01|                 Infinity|   4.6423834544262965E-02|        464|
 7|   6.000E+01|                 Infinity|   4.6676002800933661E-02|        459|
 7|   6.200E+01|                 Infinity|   4.4108109139123088E-02|        514|
 7|   6.400E+01|                 Infinity|   4.4065264923923174E-02|        515|
 7|   6.600E+01|                 Infinity|   4.1848697531868720E-02|        571|
 7|   6.800E+01|                 Infinity|   3.9683789506627251E-02|        635|
 7|   7.000E+01|                 Infinity|   3.7688918072220454E-02|        704|
 7|   7.200E+01|                 Infinity|   3.7555788309433985E-02|        709|
 7|   7.400E+01|                 Infinity|   3.8924947208076148E-02|        660|
 7|   7.600E+01|                 Infinity|   4.3437224276306939E-02|        530|
 7|   7.800E+01|                 Infinity|   4.3355498476205998E-02|        532|
 7|   8.000E+01|                 Infinity|   4.8911598804451853E-02|        418|
 7|   8.200E+01|                 Infinity|   4.6473941234017310E-02|        463|
 7|   8.400E+01|                 Infinity|   3.9283710065919304E-02|        648|
 7|   8.600E+01|                 Infinity|   2.0433710736103811E-02|       2395|
 7|   8.800E+01|                 Infinity|   1.8445915166287581E-02|       2939|
 7|   9.000E+01|                 Infinity|   6.4828544535579886E-03|      23794|
 7|   9.200E+01|                 Infinity|   1.9414730885301035E-02|       2653|
 7|   9.400E+01|                 Infinity|   2.7317918235407655E-02|       1340|
 7|   9.600E+01|                 Infinity|   5.0964719143762556E-02|        385|
 7|   9.800E+01|                 Infinity|   6.8041381743977170E-02|        216|
 7|   1.000E+02|                 Infinity|   7.7382323253413682E-02|        167|
 7|   1.020E+02|                 Infinity|   8.5125653075874858E-02|        138|
 7|   1.040E+02|                 Infinity|   9.5346258924559238E-02|        110|
 7|   1.060E+02|                 Infinity|   1.2038585308576920E-01|         69|
 7|   1.080E+02|                 Infinity|   1.5075567228888181E-01|         44|
 7|   1.100E+02|                 Infinity|   1.6903085094570330E-01|         35|
 7|   1.120E+02|                 Infinity|   1.7407765595569785E-01|         33|
 7|   1.140E+02|                 Infinity|   1.9611613513818404E-01|         26|
 7|   1.160E+02|                 Infinity|   2.0000000000000001E-01|         25|
 7|   1.180E+02|                 Infinity|   2.0851441405707477E-01|         23|
 7|   1.200E+02|                 Infinity|   1.9611613513818404E-01|         26|
 7|   1.220E+02|                 Infinity|   2.3570226039551587E-01|         18|
 7|   1.240E+02|                 Infinity|   2.5819888974716110E-01|         15|
 7|   1.260E+02|                 Infinity|   2.2360679774997896E-01|         20|
 7|   1.280E+02|                 Infinity|   2.5000000000000000E-01|         16|
 7|   1.300E+02|                 Infinity|   2.6726124191242440E-01|         14|
 7|   1.320E+02|                 Infinity|   2.8867513459481292E-01|         12|
 7|   1.340E+02|                 Infinity|   3.5355339059327373E-01|          8|
 7|   1.360E+02|                 Infinity|   2.7735009811261457E-01|         13|
 7|   1.380E+02|                 Infinity|   3.1622776601683794E-01|         10|
 7|   1.400E+02|                 Infinity|   3.7796447300922720E-01|          7|
 7|   1.420E+02|                 Infinity|   7.0710678118654746E-01|          2|
 7|   1.440E+02|                 Infinity|   3.3333333333333331E-01|          9|
 7|   1.460E+02|                 Infinity|   4.0824829046386307E-01|          6|
 7|   1.480E+02|                 Infinity|   4.0824829046386307E-01|          6|
 7|   1.500E+02|                 Infinity|   5.0000000000000000E-01|          4|
 7|   1.520E+02|                 Infinity|   7.0710678118654746E-01|          2|
 7|   1.540E+02|                 Infinity|   4.0824829046386307E-01|          6|
 7|   1.560E+02|                 Infinity|   1.0000000000000000E+00|          1|
 7|   1.580E+02|                 Infinity|   5.7735026918962584E-01|          3|
 7|   1.600E+02|                 Infinity|   5.0000000000000000E-01|          4|
 7|   1.620E+02|                 Infinity|   1.0000000000000000E+00|          1|
 7|   1.640E+02|                 Infinity|   1.0000000000000000E+00|          1|
 7|   1.660E+02|                 Infinity|   4.4721359549995793E-01|          5|
 7|   1.680E+02|                      NaN|   0.0000000000000000E+00|          0|
 7|   1.700E+02|                 Infinity|   1.0000000000000000E+00|          1|
 7|   1.720E+02|                 Infinity|   5.7735026918962584E-01|          3|
 7|   1.740E+02|                 Infinity|   5.7735026918962584E-01|          3|
 7|   1.760E+02|                 Infinity|   7.0710678118654746E-01|          2|
 7|   1.780E+02|                      NaN|   0.0000000000000000E+00|          0|
 7|   1.800E+02|                      NaN|   0.0000000000000000E+00|          0|
 7|   1.820E+02|                 Infinity|   7.0710678118654746E-01|          2|
 7|   1.840E+02|                 Infinity|   5.7735026918962584E-01|          3|
 7|   1.860E+02|                 Infinity|   7.0710678118654746E-01|          2|
 7|   1.880E+02|                 Infinity|   7.0710678118654746E-01|          2|
 7|   1.900E+02|                 Infinity|   1.0000000000000000E+00|          1|
 7|   1.920E+02|                 Infinity|   7.0710678118654746E-01|          2|
 7|   1.940E+02|                 Infinity|   1.0000000000000000E+00|          1|
 7|   1.960E+02|                      NaN|   0.0000000000000000E+00|          0|
 7|   1.980E+02|                 Infinity|   7.0710678118654746E-01|          2|
# integrated result:   2.2431450685292535E-05
#
# Histogram 8: m_4l                                              
 8|   1.000E+02|                 Infinity|   8.4437056004080628E-03|      14026|
 8|   1.400E+02|                 Infinity|   9.4026332941141606E-03|      11311|
 8|   1.800E+02|                 Infinity|   9.7133168097003862E-03|      10599|
 8|   2.200E+02|                 Infinity|   1.1205580872588201E-02|       7964|
 8|   2.600E+02|                 Infinity|   1.4359163172354760E-02|       4850|
 8|   3.000E+02|                 Infinity|   1.7811762496977412E-02|       3152|
 8|   3.400E+02|                 Infinity|   2.0874143036171647E-02|       2295|
 8|   3.800E+02|                 Infinity|   2.2803964585835359E-02|       1923|
 8|   4.200E+02|                 Infinity|   2.5015639663712997E-02|       1598|
 8|   4.600E+02|                 Infinity|   2.7820744203732862E-02|       1292|
 8|   5.000E+02|                 Infinity|   3.1083493608010462E-02|       1035|
 8|   5.400E+02|                 Infinity|   3.7216146378239341E-02|        722|
 8|   5.800E+02|                 Infinity|   4.5175395145262566E-02|        490|
 8|   6.200E+02|                 Infinity|   5.2199575097188054E-02|        367|
 8|   6.600E+02|                 Infinity|   6.3500063500095252E-02|        248|
 8|   7.000E+02|                 Infinity|   8.6386842558136015E-02|        134|
 8|   7.400E+02|                 Infinity|   1.0910894511799619E-01|         84|
 8|   7.800E+02|                 Infinity|   1.5249857033260467E-01|         43|
 8|   8.200E+02|                 Infinity|   2.2360679774997896E-01|         20|
 8|   8.600E+02|                 Infinity|   2.5819888974716110E-01|         15|
 8|   9.000E+02|                 Infinity|   3.7796447300922720E-01|          7|
 8|   9.400E+02|                 Infinity|   4.4721359549995793E-01|          5|
 8|   9.800E+02|                 Infinity|   5.0000000000000000E-01|          4|
 8|   1.020E+03|                 Infinity|   7.0710678118654746E-01|          2|
 8|   1.060E+03|                 Infinity|   7.0710678118654746E-01|          2|
 8|   1.100E+03|                 Infinity|   5.7735026918962584E-01|          3|
 8|   1.140E+03|                 Infinity|   7.0710678118654746E-01|          2|
 8|   1.180E+03|                 Infinity|   4.4721359549995793E-01|          5|
 8|   1.220E+03|                 Infinity|   7.0710678118654746E-01|          2|
 8|   1.260E+03|                 Infinity|   1.0000000000000000E+00|          1|
 8|   1.300E+03|                      NaN|   0.0000000000000000E+00|          0|
 8|   1.340E+03|                 Infinity|   1.0000000000000000E+00|          1|
 8|   1.380E+03|                      NaN|   0.0000000000000000E+00|          0|
 8|   1.420E+03|                 Infinity|   7.0710678118654746E-01|          2|
 8|   1.460E+03|                 Infinity|   1.0000000000000000E+00|          1|
 8|   1.500E+03|                      NaN|   0.0000000000000000E+00|          0|
 8|   1.540E+03|                      NaN|   0.0000000000000000E+00|          0|
 8|   1.580E+03|                 Infinity|   1.0000000000000000E+00|          1|
 8|   1.620E+03|                 Infinity|   1.0000000000000000E+00|          1|
 8|   1.660E+03|                 Infinity|   7.0710678118654746E-01|          2|
 8|   1.700E+03|                      NaN|   0.0000000000000000E+00|          0|
 8|   1.740E+03|                      NaN|   0.0000000000000000E+00|          0|
 8|   1.780E+03|                      NaN|   0.0000000000000000E+00|          0|
 8|   1.820E+03|                      NaN|   0.0000000000000000E+00|          0|
 8|   1.860E+03|                 Infinity|   7.0710678118654746E-01|          2|
 8|   1.900E+03|                      NaN|   0.0000000000000000E+00|          0|
 8|   1.940E+03|                      NaN|   0.0000000000000000E+00|          0|
 8|   1.980E+03|                      NaN|   0.0000000000000000E+00|          0|
 8|   2.020E+03|                      NaN|   0.0000000000000000E+00|          0|
 8|   2.060E+03|                 Infinity|   1.0000000000000000E+00|          1|
 8|   2.100E+03|                      NaN|   0.0000000000000000E+00|          0|
 8|   2.140E+03|                      NaN|   0.0000000000000000E+00|          0|
 8|   2.180E+03|                      NaN|   0.0000000000000000E+00|          0|
 8|   2.220E+03|                      NaN|   0.0000000000000000E+00|          0|
 8|   2.260E+03|                      NaN|   0.0000000000000000E+00|          0|
 8|   2.300E+03|                      NaN|   0.0000000000000000E+00|          0|
 8|   2.340E+03|                      NaN|   0.0000000000000000E+00|          0|
 8|   2.380E+03|                      NaN|   0.0000000000000000E+00|          0|
 8|   2.420E+03|                 Infinity|   1.0000000000000000E+00|          1|
 8|   2.460E+03|                 Infinity|   1.0000000000000000E+00|          1|
 8|   2.500E+03|                      NaN|   0.0000000000000000E+00|          0|
 8|   2.540E+03|                      NaN|   0.0000000000000000E+00|          0|
 8|   2.580E+03|                      NaN|   0.0000000000000000E+00|          0|
 8|   2.620E+03|                      NaN|   0.0000000000000000E+00|          0|
 8|   2.660E+03|                      NaN|   0.0000000000000000E+00|          0|
 8|   2.700E+03|                      NaN|   0.0000000000000000E+00|          0|
 8|   2.740E+03|                      NaN|   0.0000000000000000E+00|          0|
 8|   2.780E+03|                 Infinity|   1.0000000000000000E+00|          1|
 8|   2.820E+03|                      NaN|   0.0000000000000000E+00|          0|
 8|   2.860E+03|                      NaN|   0.0000000000000000E+00|          0|
 8|   2.900E+03|                      NaN|   0.0000000000000000E+00|          0|
 8|   2.940E+03|                      NaN|   0.0000000000000000E+00|          0|
 8|   2.980E+03|                      NaN|   0.0000000000000000E+00|          0|
 8|   3.020E+03|                 Infinity|   1.0000000000000000E+00|          1|
 8|   3.060E+03|                      NaN|   0.0000000000000000E+00|          0|
 8|   3.100E+03|                      NaN|   0.0000000000000000E+00|          0|
 8|   3.140E+03|                 Infinity|   1.0000000000000000E+00|          1|
 8|   3.180E+03|                      NaN|   0.0000000000000000E+00|          0|
 8|   3.220E+03|                      NaN|   0.0000000000000000E+00|          0|
 8|   3.260E+03|                      NaN|   0.0000000000000000E+00|          0|
 8|   3.300E+03|                      NaN|   0.0000000000000000E+00|          0|
 8|   3.340E+03|                      NaN|   0.0000000000000000E+00|          0|
 8|   3.380E+03|                      NaN|   0.0000000000000000E+00|          0|
 8|   3.420E+03|                      NaN|   0.0000000000000000E+00|          0|
 8|   3.460E+03|                      NaN|   0.0000000000000000E+00|          0|
 8|   3.500E+03|                      NaN|   0.0000000000000000E+00|          0|
 8|   3.540E+03|                      NaN|   0.0000000000000000E+00|          0|
 8|   3.580E+03|                      NaN|   0.0000000000000000E+00|          0|
 8|   3.620E+03|                      NaN|   0.0000000000000000E+00|          0|
 8|   3.660E+03|                      NaN|   0.0000000000000000E+00|          0|
 8|   3.700E+03|                      NaN|   0.0000000000000000E+00|          0|
 8|   3.740E+03|                      NaN|   0.0000000000000000E+00|          0|
 8|   3.780E+03|                      NaN|   0.0000000000000000E+00|          0|
 8|   3.820E+03|                      NaN|   0.0000000000000000E+00|          0|
 8|   3.860E+03|                      NaN|   0.0000000000000000E+00|          0|
 8|   3.900E+03|                      NaN|   0.0000000000000000E+00|          0|
 8|   3.940E+03|                      NaN|   0.0000000000000000E+00|          0|
 8|   3.980E+03|                      NaN|   0.0000000000000000E+00|          0|
 8|   4.020E+03|                      NaN|   0.0000000000000000E+00|          0|
 8|   4.060E+03|                      NaN|   0.0000000000000000E+00|          0|
# integrated result:   2.2431450685292731E-05
#
# Histogram 9: m_4l                                              
 9|   8.500E+01|                 Infinity|   1.7960530202677491E-01|         31|
 9|   8.600E+01|                 Infinity|   1.8257418583505536E-01|         30|
 9|   8.700E+01|                 Infinity|   1.5249857033260467E-01|         43|
 9|   8.800E+01|                 Infinity|   1.4744195615489714E-01|         46|
 9|   8.900E+01|                 Infinity|   1.5430334996209191E-01|         42|
 9|   9.000E+01|                 Infinity|   1.3245323570650439E-01|         57|
 9|   9.100E+01|                 Infinity|   1.6012815380508713E-01|         39|
 9|   9.200E+01|                 Infinity|   1.5617376188860607E-01|         41|
 9|   9.300E+01|                 Infinity|   1.4744195615489714E-01|         46|
 9|   9.400E+01|                 Infinity|   1.5430334996209191E-01|         42|
 9|   9.500E+01|                 Infinity|   1.5249857033260467E-01|         43|
 9|   9.600E+01|                 Infinity|   1.4002800840280097E-01|         51|
 9|   9.700E+01|                 Infinity|   1.3130643285972254E-01|         58|
 9|   9.800E+01|                 Infinity|   1.0259783520851541E-01|         95|
 9|   9.900E+01|                 Infinity|   1.0369516947304253E-01|         93|
 9|   1.000E+02|                 Infinity|   8.5749292571254410E-02|        136|
 9|   1.010E+02|                 Infinity|   7.9056941504209485E-02|        160|
 9|   1.020E+02|                 Infinity|   6.8518870982753166E-02|        213|
 9|   1.030E+02|                 Infinity|   6.5795169495976899E-02|        231|
 9|   1.040E+02|                 Infinity|   6.2017367294604234E-02|        260|
 9|   1.050E+02|                 Infinity|   5.8420623783698597E-02|        293|
 9|   1.060E+02|                 Infinity|   6.4549722436790274E-02|        240|
 9|   1.070E+02|                 Infinity|   5.8123819371909642E-02|        296|
 9|   1.080E+02|                 Infinity|   5.7073014553534959E-02|        307|
 9|   1.090E+02|                 Infinity|   5.3605626741889741E-02|        348|
 9|   1.100E+02|                 Infinity|   5.5555555555555552E-02|        324|
 9|   1.110E+02|                 Infinity|   6.0633906259083242E-02|        272|
 9|   1.120E+02|                 Infinity|   5.9443829827776400E-02|        283|
 9|   1.130E+02|                 Infinity|   6.2994078834871195E-02|        252|
 9|   1.140E+02|                 Infinity|   5.9761430466719681E-02|        280|
 9|   1.150E+02|                 Infinity|   6.0192926542884599E-02|        276|
 9|   1.160E+02|                 Infinity|   5.6796183424706478E-02|        310|
 9|   1.170E+02|                 Infinity|   5.2414241836095915E-02|        364|
 9|   1.180E+02|                 Infinity|   4.2993358039234778E-02|        541|
 9|   1.190E+02|                 Infinity|   4.1775599314435682E-02|        573|
 9|   1.200E+02|                 Infinity|   4.3073049225394802E-02|        539|
 9|   1.210E+02|                 Infinity|   4.5883146774112350E-02|        475|
 9|   1.220E+02|                 Infinity|   4.7946330148538413E-02|        435|
 9|   1.230E+02|                 Infinity|   4.5738935374634825E-02|        478|
 9|   1.240E+02|                 Infinity|   4.7245559126153400E-02|        448|
 9|   1.250E+02|                 Infinity|   4.4108109139123088E-02|        514|
 9|   1.260E+02|                 Infinity|   3.8866103716823586E-02|        662|
 9|   1.270E+02|                 Infinity|   3.8547167224584990E-02|        673|
 9|   1.280E+02|                 Infinity|   4.7351372381037843E-02|        446|
 9|   1.290E+02|                 Infinity|   5.5300126360933101E-02|        327|
 9|   1.300E+02|                 Infinity|   5.9131239598908258E-02|        286|
 9|   1.310E+02|                 Infinity|   5.9028133610095526E-02|        287|
 9|   1.320E+02|                 Infinity|   5.7073014553534959E-02|        307|
 9|   1.330E+02|                 Infinity|   5.7073014553534959E-02|        307|
 9|   1.340E+02|                 Infinity|   5.3682812709501898E-02|        347|
# integrated result:   2.2431450685291705E-05
#
# Histogram10: Phi1                                              
10|  -3.142E+00|                 Infinity|   2.7713699773684663E-02|       1302|
10|  -2.985E+00|                 Infinity|   2.6650089544451302E-02|       1408|
10|  -2.827E+00|                 Infinity|   2.5871684190211096E-02|       1494|
10|  -2.670E+00|                 Infinity|   2.3440361546924769E-02|       1820|
10|  -2.513E+00|                 Infinity|   2.1157210918704518E-02|       2234|
10|  -2.356E+00|                 Infinity|   1.9532889334101800E-02|       2621|
10|  -2.199E+00|                 Infinity|   1.8904976633935942E-02|       2798|
10|  -2.042E+00|                 Infinity|   1.9698936975548399E-02|       2577|
10|  -1.885E+00|                 Infinity|   2.1276595744680851E-02|       2209|
10|  -1.728E+00|                 Infinity|   2.1826986543983434E-02|       2099|
10|  -1.571E+00|                 Infinity|   2.1521556564129584E-02|       2159|
10|  -1.414E+00|                 Infinity|   2.1086537485779239E-02|       2249|
10|  -1.257E+00|                 Infinity|   2.2102483685126760E-02|       2047|
10|  -1.100E+00|                 Infinity|   2.3421066418221823E-02|       1823|
10|  -9.425E-01|                 Infinity|   2.5173668017796205E-02|       1578|
10|  -7.854E-01|                 Infinity|   2.6688025634181191E-02|       1404|
10|  -6.283E-01|                 Infinity|   2.8398091712353239E-02|       1240|
10|  -4.713E-01|                 Infinity|   2.9827499313594678E-02|       1124|
10|  -3.142E-01|                 Infinity|   3.0528125543633180E-02|       1073|
10|  -1.571E-01|                 Infinity|   3.1311214554257477E-02|       1020|
10|  -3.000E-05|                 Infinity|   3.2108064953396777E-02|        970|
10|   1.570E-01|                 Infinity|   3.1670317760976820E-02|        997|
10|   3.141E-01|                 Infinity|   3.1814238148788886E-02|        988|
10|   4.712E-01|                 Infinity|   3.1575448897533630E-02|       1003|
10|   6.283E-01|                 Infinity|   3.1960138605029657E-02|        979|
10|   7.854E-01|                 Infinity|   3.1943828249996996E-02|        980|
10|   9.424E-01|                 Infinity|   3.0993786368687184E-02|       1041|
10|   1.100E+00|                 Infinity|   3.0978910540439487E-02|       1042|
10|   1.257E+00|                 Infinity|   2.9748205865436483E-02|       1130|
10|   1.414E+00|                 Infinity|   2.7671226645624276E-02|       1306|
10|   1.571E+00|                 Infinity|   2.5941231853830935E-02|       1486|
10|   1.728E+00|                 Infinity|   2.4126172032669039E-02|       1718|
10|   1.885E+00|                 Infinity|   2.1984660059051055E-02|       2069|
10|   2.042E+00|                 Infinity|   2.1195195169964869E-02|       2226|
10|   2.199E+00|                 Infinity|   2.3498534324630827E-02|       1811|
10|   2.356E+00|                 Infinity|   2.4906774069335894E-02|       1612|
10|   2.513E+00|                 Infinity|   2.5641025641025640E-02|       1521|
10|   2.670E+00|                 Infinity|   2.6621743403250103E-02|       1411|
10|   2.827E+00|                 Infinity|   2.7399831217559550E-02|       1332|
10|   2.984E+00|                 Infinity|   2.8352398856187136E-02|       1244|
# integrated result:   2.2431450685292809E-05
#
