#
# column #1=histogram, #2=x-axis bin, #3=binned cross-section, #4=error, #5=number of events 
# this can be easily plotted in gnuplot with the commands:
#    NHi=3
#    plot 'output.dat' using ($2):($1==NHi ? $3 : 1/0) w st
# where NHi selects the histogram
#
#
# run time =      -0.00min
# TotCS =      1.8413066888E-04           3.72127E-05
#
# Histogram 1: m_jj                                              
 1|   0.000E+00|                      NaN|   0.0000000000000000E+00|          0|
 1|   5.000E+01|                 Infinity|   1.4325236292244805E-02|       4873|
 1|   1.000E+02|                 Infinity|   1.0678861770883310E-02|       8769|
 1|   1.500E+02|                 Infinity|   1.0771385261753922E-02|       8619|
 1|   2.000E+02|                 Infinity|   1.0699012312772822E-02|       8736|
 1|   2.500E+02|                 Infinity|   1.1432491812230930E-02|       7651|
 1|   3.000E+02|                 Infinity|   1.3175013302652961E-02|       5761|
 1|   3.500E+02|                 Infinity|   1.5682536711195141E-02|       4066|
 1|   4.000E+02|                 Infinity|   1.8983159915049980E-02|       2775|
 1|   4.500E+02|                 Infinity|   2.2821773229381920E-02|       1920|
 1|   5.000E+02|                 Infinity|   2.7046790851991440E-02|       1367|
 1|   5.500E+02|                 Infinity|   3.2009219983223994E-02|        976|
 1|   6.000E+02|                 Infinity|   3.7190400165280094E-02|        723|
 1|   6.500E+02|                 Infinity|   4.3153185200210310E-02|        537|
 1|   7.000E+02|                 Infinity|   4.7298376984040214E-02|        447|
 1|   7.500E+02|                 Infinity|   5.3376051268362382E-02|        351|
 1|   8.000E+02|                 Infinity|   5.5384877562171128E-02|        326|
 1|   8.500E+02|                 Infinity|   6.9006555934235422E-02|        210|
 1|   9.000E+02|                 Infinity|   7.9056941504209485E-02|        160|
 1|   9.500E+02|                 Infinity|   8.6710996952411995E-02|        133|
 1|   1.000E+03|                 Infinity|   1.0153461651336192E-01|         97|
 1|   1.050E+03|                 Infinity|   1.1043152607484653E-01|         82|
 1|   1.100E+03|                 Infinity|   1.3245323570650439E-01|         57|
 1|   1.150E+03|                 Infinity|   1.4433756729740646E-01|         48|
 1|   1.200E+03|                 Infinity|   1.6012815380508713E-01|         39|
 1|   1.250E+03|                 Infinity|   1.8569533817705186E-01|         29|
 1|   1.300E+03|                 Infinity|   1.9245008972987526E-01|         27|
 1|   1.350E+03|                 Infinity|   2.0412414523193154E-01|         24|
 1|   1.400E+03|                 Infinity|   2.3570226039551587E-01|         18|
 1|   1.450E+03|                 Infinity|   2.6726124191242440E-01|         14|
 1|   1.500E+03|                 Infinity|   2.3570226039551587E-01|         18|
 1|   1.550E+03|                 Infinity|   3.1622776601683794E-01|         10|
 1|   1.600E+03|                 Infinity|   2.7735009811261457E-01|         13|
 1|   1.650E+03|                 Infinity|   3.0151134457776363E-01|         11|
 1|   1.700E+03|                 Infinity|   7.0710678118654746E-01|          2|
 1|   1.750E+03|                 Infinity|   3.7796447300922720E-01|          7|
 1|   1.800E+03|                 Infinity|   2.8867513459481292E-01|         12|
 1|   1.850E+03|                 Infinity|   3.7796447300922720E-01|          7|
 1|   1.900E+03|                 Infinity|   7.0710678118654746E-01|          2|
 1|   1.950E+03|                 Infinity|   4.0824829046386307E-01|          6|
 1|   2.000E+03|                 Infinity|   3.7796447300922720E-01|          7|
 1|   2.050E+03|                 Infinity|   1.0000000000000000E+00|          1|
 1|   2.100E+03|                 Infinity|   7.0710678118654746E-01|          2|
 1|   2.150E+03|                 Infinity|   1.0000000000000000E+00|          1|
 1|   2.200E+03|                 Infinity|   1.0000000000000000E+00|          1|
 1|   2.250E+03|                 Infinity|   7.0710678118654746E-01|          2|
 1|   2.300E+03|                 Infinity|   5.0000000000000000E-01|          4|
 1|   2.350E+03|                      NaN|   0.0000000000000000E+00|          0|
 1|   2.400E+03|                 Infinity|   7.0710678118654746E-01|          2|
 1|   2.450E+03|                 Infinity|   5.0000000000000000E-01|          4|
 1|   2.500E+03|                 Infinity|   7.0710678118654746E-01|          2|
 1|   2.550E+03|                 Infinity|   1.0000000000000000E+00|          1|
 1|   2.600E+03|                 Infinity|   1.0000000000000000E+00|          1|
 1|   2.650E+03|                 Infinity|   1.0000000000000000E+00|          1|
 1|   2.700E+03|                 Infinity|   7.0710678118654746E-01|          2|
 1|   2.750E+03|                 Infinity|   5.7735026918962584E-01|          3|
 1|   2.800E+03|                 Infinity|   1.0000000000000000E+00|          1|
 1|   2.850E+03|                 Infinity|   1.0000000000000000E+00|          1|
 1|   2.900E+03|                 Infinity|   1.0000000000000000E+00|          1|
 1|   2.950E+03|                      NaN|   0.0000000000000000E+00|          0|
 1|   3.000E+03|                 Infinity|   1.0000000000000000E+00|          1|
 1|   3.050E+03|                 Infinity|   7.0710678118654746E-01|          2|
 1|   3.100E+03|                      NaN|   0.0000000000000000E+00|          0|
 1|   3.150E+03|                      NaN|   0.0000000000000000E+00|          0|
 1|   3.200E+03|                 Infinity|   7.0710678118654746E-01|          2|
 1|   3.250E+03|                 Infinity|   1.0000000000000000E+00|          1|
 1|   3.300E+03|                      NaN|   0.0000000000000000E+00|          0|
 1|   3.350E+03|                      NaN|   0.0000000000000000E+00|          0|
 1|   3.400E+03|                      NaN|   0.0000000000000000E+00|          0|
 1|   3.450E+03|                      NaN|   0.0000000000000000E+00|          0|
 1|   3.500E+03|                 Infinity|   1.0000000000000000E+00|          1|
 1|   3.550E+03|                      NaN|   0.0000000000000000E+00|          0|
 1|   3.600E+03|                      NaN|   0.0000000000000000E+00|          0|
 1|   3.650E+03|                      NaN|   0.0000000000000000E+00|          0|
 1|   3.700E+03|                      NaN|   0.0000000000000000E+00|          0|
 1|   3.750E+03|                      NaN|   0.0000000000000000E+00|          0|
 1|   3.800E+03|                      NaN|   0.0000000000000000E+00|          0|
 1|   3.850E+03|                      NaN|   0.0000000000000000E+00|          0|
 1|   3.900E+03|                      NaN|   0.0000000000000000E+00|          0|
 1|   3.950E+03|                      NaN|   0.0000000000000000E+00|          0|
 1|   4.000E+03|                 Infinity|   1.0000000000000000E+00|          1|
 1|   4.050E+03|                      NaN|   0.0000000000000000E+00|          0|
 1|   4.100E+03|                      NaN|   0.0000000000000000E+00|          0|
 1|   4.150E+03|                      NaN|   0.0000000000000000E+00|          0|
 1|   4.200E+03|                      NaN|   0.0000000000000000E+00|          0|
 1|   4.250E+03|                      NaN|   0.0000000000000000E+00|          0|
 1|   4.300E+03|                      NaN|   0.0000000000000000E+00|          0|
 1|   4.350E+03|                      NaN|   0.0000000000000000E+00|          0|
 1|   4.400E+03|                      NaN|   0.0000000000000000E+00|          0|
 1|   4.450E+03|                      NaN|   0.0000000000000000E+00|          0|
 1|   4.500E+03|                      NaN|   0.0000000000000000E+00|          0|
 1|   4.550E+03|                      NaN|   0.0000000000000000E+00|          0|
 1|   4.600E+03|                      NaN|   0.0000000000000000E+00|          0|
 1|   4.650E+03|                      NaN|   0.0000000000000000E+00|          0|
 1|   4.700E+03|                      NaN|   0.0000000000000000E+00|          0|
 1|   4.750E+03|                      NaN|   0.0000000000000000E+00|          0|
 1|   4.800E+03|                      NaN|   0.0000000000000000E+00|          0|
 1|   4.850E+03|                      NaN|   0.0000000000000000E+00|          0|
 1|   4.900E+03|                      NaN|   0.0000000000000000E+00|          0|
 1|   4.950E+03|                 Infinity|   1.0000000000000000E+00|          1|
# integrated result:   1.8413066888083382E-04
#
# Histogram 2: m_jj                                              
 2|   0.000E+00|                      NaN|   0.0000000000000000E+00|          0|
 2|   2.000E+00|                      NaN|   0.0000000000000000E+00|          0|
 2|   4.000E+00|                      NaN|   0.0000000000000000E+00|          0|
 2|   6.000E+00|                      NaN|   0.0000000000000000E+00|          0|
 2|   8.000E+00|                      NaN|   0.0000000000000000E+00|          0|
 2|   1.000E+01|                      NaN|   0.0000000000000000E+00|          0|
 2|   1.200E+01|                      NaN|   0.0000000000000000E+00|          0|
 2|   1.400E+01|                      NaN|   0.0000000000000000E+00|          0|
 2|   1.600E+01|                      NaN|   0.0000000000000000E+00|          0|
 2|   1.800E+01|                      NaN|   0.0000000000000000E+00|          0|
 2|   2.000E+01|                      NaN|   0.0000000000000000E+00|          0|
 2|   2.200E+01|                      NaN|   0.0000000000000000E+00|          0|
 2|   2.400E+01|                      NaN|   0.0000000000000000E+00|          0|
 2|   2.600E+01|                      NaN|   0.0000000000000000E+00|          0|
 2|   2.800E+01|                      NaN|   0.0000000000000000E+00|          0|
 2|   3.000E+01|                      NaN|   0.0000000000000000E+00|          0|
 2|   3.200E+01|                      NaN|   0.0000000000000000E+00|          0|
 2|   3.400E+01|                      NaN|   0.0000000000000000E+00|          0|
 2|   3.600E+01|                      NaN|   0.0000000000000000E+00|          0|
 2|   3.800E+01|                      NaN|   0.0000000000000000E+00|          0|
 2|   4.000E+01|                      NaN|   0.0000000000000000E+00|          0|
 2|   4.200E+01|                      NaN|   0.0000000000000000E+00|          0|
 2|   4.400E+01|                      NaN|   0.0000000000000000E+00|          0|
 2|   4.600E+01|                      NaN|   0.0000000000000000E+00|          0|
 2|   4.800E+01|                      NaN|   0.0000000000000000E+00|          0|
 2|   5.000E+01|                      NaN|   0.0000000000000000E+00|          0|
 2|   5.200E+01|                      NaN|   0.0000000000000000E+00|          0|
 2|   5.400E+01|                      NaN|   0.0000000000000000E+00|          0|
 2|   5.600E+01|                      NaN|   0.0000000000000000E+00|          0|
 2|   5.800E+01|                      NaN|   0.0000000000000000E+00|          0|
 2|   6.000E+01|                      NaN|   0.0000000000000000E+00|          0|
 2|   6.200E+01|                      NaN|   0.0000000000000000E+00|          0|
 2|   6.400E+01|                      NaN|   0.0000000000000000E+00|          0|
 2|   6.600E+01|                      NaN|   0.0000000000000000E+00|          0|
 2|   6.800E+01|                      NaN|   0.0000000000000000E+00|          0|
 2|   7.000E+01|                 Infinity|   7.3127242412713067E-02|        187|
 2|   7.200E+01|                 Infinity|   6.5094455490411943E-02|        236|
 2|   7.400E+01|                 Infinity|   6.0522753266880246E-02|        273|
 2|   7.600E+01|                 Infinity|   5.8621038176054921E-02|        291|
 2|   7.800E+01|                 Infinity|   5.5131784641997125E-02|        329|
 2|   8.000E+01|                 Infinity|   5.6077215409204434E-02|        318|
 2|   8.200E+01|                 Infinity|   5.3760333057047034E-02|        346|
 2|   8.400E+01|                 Infinity|   5.2414241836095915E-02|        364|
 2|   8.600E+01|                 Infinity|   5.3605626741889741E-02|        348|
 2|   8.800E+01|                 Infinity|   5.2704627669472988E-02|        360|
 2|   9.000E+01|                 Infinity|   5.1031036307982884E-02|        384|
 2|   9.200E+01|                 Infinity|   5.3376051268362382E-02|        351|
 2|   9.400E+01|                 Infinity|   5.2486388108147798E-02|        363|
 2|   9.600E+01|                 Infinity|   5.4073807043587517E-02|        342|
 2|   9.800E+01|                 Infinity|   5.1231551957855996E-02|        381|
 2|   1.000E+02|                 Infinity|   5.0898659855928764E-02|        386|
 2|   1.020E+02|                 Infinity|   5.1434449987363969E-02|        378|
 2|   1.040E+02|                 Infinity|   5.3994924715603881E-02|        343|
 2|   1.060E+02|                 Infinity|   5.2342392259021375E-02|        365|
 2|   1.080E+02|                 Infinity|   5.4312544659356844E-02|        339|
 2|   1.100E+02|                 Infinity|   5.3149400345273393E-02|        354|
 2|   1.120E+02|                 Infinity|   5.1571062312939668E-02|        376|
 2|   1.140E+02|                 Infinity|   5.5989251095585432E-02|        319|
 2|   1.160E+02|                 Infinity|   5.4312544659356844E-02|        339|
 2|   1.180E+02|                 Infinity|   5.5470019622522911E-02|        325|
 2|   1.200E+02|                 Infinity|   4.9937616943892232E-02|        401|
 2|   1.220E+02|                 Infinity|   5.5989251095585432E-02|        319|
 2|   1.240E+02|                 Infinity|   5.2199575097188054E-02|        367|
 2|   1.260E+02|                 Infinity|   5.3838190205816552E-02|        345|
 2|   1.280E+02|                 Infinity|   5.2631578947368418E-02|        361|
 2|   1.300E+02|                 Infinity|   5.3838190205816552E-02|        345|
 2|   1.320E+02|                 Infinity|   5.3528772757218922E-02|        349|
 2|   1.340E+02|                 Infinity|   5.5814557218594761E-02|        321|
 2|   1.360E+02|                 Infinity|   5.4554472558998097E-02|        336|
 2|   1.380E+02|                 Infinity|   5.3605626741889741E-02|        348|
 2|   1.400E+02|                 Infinity|   5.4153036107388232E-02|        341|
 2|   1.420E+02|                 Infinity|   5.3074489243427524E-02|        355|
 2|   1.440E+02|                 Infinity|   5.1987524491003641E-02|        370|
 2|   1.460E+02|                 Infinity|   5.3300179088902604E-02|        352|
 2|   1.480E+02|                 Infinity|   5.4635836470815310E-02|        335|
 2|   1.500E+02|                 Infinity|   5.2704627669472988E-02|        360|
 2|   1.520E+02|                 Infinity|   5.3994924715603881E-02|        343|
 2|   1.540E+02|                 Infinity|   5.2851642258168990E-02|        358|
 2|   1.560E+02|                 Infinity|   5.2128603514268693E-02|        368|
 2|   1.580E+02|                 Infinity|   5.7831493196624020E-02|        299|
 2|   1.600E+02|                 Infinity|   5.0572173742417362E-02|        391|
 2|   1.620E+02|                 Infinity|   5.4153036107388232E-02|        341|
 2|   1.640E+02|                 Infinity|   5.3994924715603881E-02|        343|
 2|   1.660E+02|                 Infinity|   5.5131784641997125E-02|        329|
 2|   1.680E+02|                 Infinity|   5.4717565516458275E-02|        334|
 2|   1.700E+02|                 Infinity|   5.4717565516458275E-02|        334|
 2|   1.720E+02|                 Infinity|   5.7639041770423498E-02|        301|
 2|   1.740E+02|                 Infinity|   5.3682812709501898E-02|        347|
 2|   1.760E+02|                 Infinity|   5.4153036107388232E-02|        341|
 2|   1.780E+02|                 Infinity|   5.3074489243427524E-02|        355|
 2|   1.800E+02|                 Infinity|   5.4312544659356844E-02|        339|
 2|   1.820E+02|                 Infinity|   5.3224629541234948E-02|        353|
 2|   1.840E+02|                 Infinity|   5.2777981396925952E-02|        359|
 2|   1.860E+02|                 Infinity|   5.5131784641997125E-02|        329|
 2|   1.880E+02|                 Infinity|   5.3682812709501898E-02|        347|
 2|   1.900E+02|                 Infinity|   5.3838190205816552E-02|        345|
 2|   1.920E+02|                 Infinity|   5.4232614454664041E-02|        340|
 2|   1.940E+02|                 Infinity|   5.4073807043587517E-02|        342|
 2|   1.960E+02|                 Infinity|   5.3838190205816552E-02|        345|
 2|   1.980E+02|                 Infinity|   5.1571062312939668E-02|        376|
# integrated result:   1.8413066888083395E-04
#
# Histogram 3: pT(H)                                             
 3|   0.000E+00|                 Infinity|   1.5314097295792219E-02|       4264|
 3|   1.000E+01|                 Infinity|   1.3832965611885050E-02|       5226|
 3|   2.000E+01|                 Infinity|   1.3306157385308737E-02|       5648|
 3|   3.000E+01|                 Infinity|   1.3672996450347016E-02|       5349|
 3|   4.000E+01|                 Infinity|   1.3851531579263273E-02|       5212|
 3|   5.000E+01|                 Infinity|   1.4577197523283040E-02|       4706|
 3|   6.000E+01|                 Infinity|   1.5485740327062772E-02|       4170|
 3|   7.000E+01|                 Infinity|   1.6941853689292428E-02|       3484|
 3|   8.000E+01|                 Infinity|   1.8027531034590396E-02|       3077|
 3|   9.000E+01|                 Infinity|   1.9370971105651492E-02|       2665|
 3|   1.000E+02|                 Infinity|   2.1219039474017432E-02|       2221|
 3|   1.100E+02|                 Infinity|   2.3032671985243936E-02|       1885|
 3|   1.200E+02|                 Infinity|   2.4929982747211407E-02|       1609|
 3|   1.300E+02|                 Infinity|   2.6831742481762743E-02|       1389|
 3|   1.400E+02|                 Infinity|   2.9708795551115327E-02|       1133|
 3|   1.500E+02|                 Infinity|   3.2633766658241879E-02|        939|
 3|   1.600E+02|                 Infinity|   3.4964180063753285E-02|        818|
 3|   1.700E+02|                 Infinity|   3.8895492079220696E-02|        661|
 3|   1.800E+02|                 Infinity|   4.0622223185119377E-02|        606|
 3|   1.900E+02|                 Infinity|   4.4946657497549475E-02|        495|
 3|   2.000E+02|                 Infinity|   4.8336824452283177E-02|        428|
 3|   2.100E+02|                 Infinity|   5.1987524491003641E-02|        370|
 3|   2.200E+02|                 Infinity|   5.7735026918962568E-02|        300|
 3|   2.300E+02|                 Infinity|   5.9654998627189357E-02|        281|
 3|   2.400E+02|                 Infinity|   6.5372045046061339E-02|        234|
 3|   2.500E+02|                 Infinity|   7.1611487403943297E-02|        195|
 3|   2.600E+02|                 Infinity|   7.5809804357890337E-02|        174|
 3|   2.700E+02|                 Infinity|   8.0321932890249886E-02|        155|
 3|   2.800E+02|                 Infinity|   8.7370405666103795E-02|        131|
 3|   2.900E+02|                 Infinity|   9.1287092917527679E-02|        120|
 3|   3.000E+02|                 Infinity|   1.0153461651336192E-01|         97|
 3|   3.100E+02|                 Infinity|   1.0050378152592121E-01|         99|
 3|   3.200E+02|                 Infinity|   1.1250879009260240E-01|         79|
 3|   3.300E+02|                 Infinity|   1.2216944435630522E-01|         67|
 3|   3.400E+02|                 Infinity|   1.2598815766974239E-01|         63|
 3|   3.500E+02|                 Infinity|   1.2700012700019050E-01|         62|
 3|   3.600E+02|                 Infinity|   1.4907119849998599E-01|         45|
 3|   3.700E+02|                 Infinity|   1.4285714285714285E-01|         49|
 3|   3.800E+02|                 Infinity|   1.4285714285714285E-01|         49|
 3|   3.900E+02|                 Infinity|   1.5430334996209191E-01|         42|
 3|   4.000E+02|                 Infinity|   2.1821789023599239E-01|         21|
 3|   4.100E+02|                 Infinity|   1.7407765595569785E-01|         33|
 3|   4.200E+02|                 Infinity|   2.0412414523193154E-01|         24|
 3|   4.300E+02|                 Infinity|   2.0000000000000001E-01|         25|
 3|   4.400E+02|                 Infinity|   2.1821789023599239E-01|         21|
 3|   4.500E+02|                 Infinity|   2.4253562503633297E-01|         17|
 3|   4.600E+02|                 Infinity|   3.1622776601683794E-01|         10|
 3|   4.700E+02|                 Infinity|   2.1320071635561041E-01|         22|
 3|   4.800E+02|                 Infinity|   2.4253562503633297E-01|         17|
 3|   4.900E+02|                 Infinity|   3.1622776601683794E-01|         10|
# integrated result:   1.8413066888083379E-04
#
# Histogram 4: pT(j1)                                            
 4|   0.000E+00|                      NaN|   0.0000000000000000E+00|          0|
 4|   1.000E+01|                 Infinity|   2.2587697572631283E-02|       1960|
 4|   2.000E+01|                 Infinity|   1.4915408491089417E-02|       4495|
 4|   3.000E+01|                 Infinity|   1.3087839325038072E-02|       5838|
 4|   4.000E+01|                 Infinity|   1.2754645529889683E-02|       6147|
 4|   5.000E+01|                 Infinity|   1.3051005112921494E-02|       5871|
 4|   6.000E+01|                 Infinity|   1.3998684185526935E-02|       5103|
 4|   7.000E+01|                 Infinity|   1.4792510968188684E-02|       4570|
 4|   8.000E+01|                 Infinity|   1.5805462363360657E-02|       4003|
 4|   9.000E+01|                 Infinity|   1.7287692604876951E-02|       3346|
 4|   1.000E+02|                 Infinity|   1.8777894154716993E-02|       2836|
 4|   1.100E+02|                 Infinity|   2.0506619579876550E-02|       2378|
 4|   1.200E+02|                 Infinity|   2.2162110358896814E-02|       2036|
 4|   1.300E+02|                 Infinity|   2.4573659359149524E-02|       1656|
 4|   1.400E+02|                 Infinity|   2.7307730683968016E-02|       1341|
 4|   1.500E+02|                 Infinity|   2.9880715233359841E-02|       1120|
 4|   1.600E+02|                 Infinity|   3.2986956237702113E-02|        919|
 4|   1.700E+02|                 Infinity|   3.5355339059327376E-02|        800|
 4|   1.800E+02|                 Infinity|   4.0389619586100968E-02|        613|
 4|   1.900E+02|                 Infinity|   4.3233770116711694E-02|        535|
 4|   2.000E+02|                 Infinity|   4.6778026972498797E-02|        457|
 4|   2.100E+02|                 Infinity|   5.2342392259021375E-02|        365|
 4|   2.200E+02|                 Infinity|   5.6343616981901101E-02|        315|
 4|   2.300E+02|                 Infinity|   5.8823529411764705E-02|        289|
 4|   2.400E+02|                 Infinity|   6.6666666666666666E-02|        225|
 4|   2.500E+02|                 Infinity|   7.1428571428571425E-02|        196|
 4|   2.600E+02|                 Infinity|   7.5377836144440907E-02|        176|
 4|   2.700E+02|                 Infinity|   7.8326044998795738E-02|        163|
 4|   2.800E+02|                 Infinity|   8.8388347648318433E-02|        128|
 4|   2.900E+02|                 Infinity|   8.8045090632562384E-02|        129|
 4|   3.000E+02|                 Infinity|   1.0206207261596577E-01|         96|
 4|   3.100E+02|                 Infinity|   1.1111111111111110E-01|         81|
 4|   3.200E+02|                 Infinity|   1.0910894511799619E-01|         84|
 4|   3.300E+02|                 Infinity|   1.1867816581938533E-01|         71|
 4|   3.400E+02|                 Infinity|   1.3363062095621220E-01|         56|
 4|   3.500E+02|                 Infinity|   1.3363062095621220E-01|         56|
 4|   3.600E+02|                 Infinity|   1.4002800840280097E-01|         51|
 4|   3.700E+02|                 Infinity|   1.4002800840280097E-01|         51|
 4|   3.800E+02|                 Infinity|   1.5811388300841897E-01|         40|
 4|   3.900E+02|                 Infinity|   1.8569533817705186E-01|         29|
 4|   4.000E+02|                 Infinity|   1.7960530202677491E-01|         31|
 4|   4.100E+02|                 Infinity|   1.5811388300841897E-01|         40|
 4|   4.200E+02|                 Infinity|   2.1821789023599239E-01|         21|
 4|   4.300E+02|                 Infinity|   2.1821789023599239E-01|         21|
 4|   4.400E+02|                 Infinity|   2.5000000000000000E-01|         16|
 4|   4.500E+02|                 Infinity|   2.5000000000000000E-01|         16|
 4|   4.600E+02|                 Infinity|   2.3570226039551587E-01|         18|
 4|   4.700E+02|                 Infinity|   3.1622776601683794E-01|         10|
 4|   4.800E+02|                 Infinity|   3.1622776601683794E-01|         10|
 4|   4.900E+02|                 Infinity|   3.3333333333333331E-01|          9|
# integrated result:   1.8413066888083382E-04
#
# Histogram 5: dy(j1,j2)                                         
 5|  -5.000E+00|                 Infinity|   1.0000000000000000E+00|          1|
 5|  -4.800E+00|                 Infinity|   5.0000000000000000E-01|          4|
 5|  -4.600E+00|                 Infinity|   5.7735026918962584E-01|          3|
 5|  -4.400E+00|                      NaN|   0.0000000000000000E+00|          0|
 5|  -4.200E+00|                 Infinity|   7.0710678118654746E-01|          2|
 5|  -4.000E+00|                 Infinity|   3.5355339059327373E-01|          8|
 5|  -3.800E+00|                 Infinity|   7.0710678118654746E-01|          2|
 5|  -3.600E+00|                 Infinity|   5.0000000000000000E-01|          4|
 5|  -3.400E+00|                 Infinity|   3.1622776601683794E-01|         10|
 5|  -3.200E+00|                 Infinity|   3.7796447300922720E-01|          7|
 5|  -3.000E+00|                 Infinity|   2.8867513459481292E-01|         12|
 5|  -2.800E+00|                 Infinity|   3.5355339059327373E-01|          8|
 5|  -2.600E+00|                 Infinity|   1.8898223650461360E-01|         28|
 5|  -2.400E+00|                 Infinity|   2.3570226039551587E-01|         18|
 5|  -2.200E+00|                 Infinity|   2.2360679774997896E-01|         20|
 5|  -2.000E+00|                 Infinity|   1.7149858514250882E-01|         34|
 5|  -1.800E+00|                 Infinity|   1.7960530202677491E-01|         31|
 5|  -1.600E+00|                 Infinity|   1.3245323570650439E-01|         57|
 5|  -1.400E+00|                 Infinity|   1.4142135623730950E-01|         50|
 5|  -1.200E+00|                 Infinity|   1.2500000000000000E-01|         64|
 5|  -1.000E+00|                 Infinity|   1.0783277320343841E-01|         86|
 5|  -8.000E-01|                 Infinity|   1.1547005383792514E-01|         75|
 5|  -6.000E-01|                 Infinity|   8.0845208345444328E-02|        153|
 5|  -4.000E-01|                 Infinity|   7.7382323253413682E-02|        167|
 5|  -2.000E-01|                 Infinity|   7.6249285166302333E-02|        172|
 5|   0.000E+00|                 Infinity|   7.3127242412713067E-02|        187|
 5|   2.000E-01|                 Infinity|   6.5938047339578698E-02|        230|
 5|   4.000E-01|                 Infinity|   5.2342392259021375E-02|        365|
 5|   6.000E-01|                 Infinity|   3.2599068331940421E-02|        941|
 5|   8.000E-01|                 Infinity|   2.8915746598312010E-02|       1196|
 5|   1.000E+00|                 Infinity|   2.7226638505866506E-02|       1349|
 5|   1.200E+00|                 Infinity|   2.4119153509747387E-02|       1719|
 5|   1.400E+00|                 Infinity|   2.2134947570948589E-02|       2041|
 5|   1.600E+00|                 Infinity|   1.9660827175925041E-02|       2587|
 5|   1.800E+00|                 Infinity|   1.8537599944001618E-02|       2910|
 5|   2.000E+00|                 Infinity|   1.6502459049611239E-02|       3672|
 5|   2.200E+00|                 Infinity|   1.6680572940814539E-02|       3594|
 5|   2.400E+00|                 Infinity|   1.6874182676570676E-02|       3512|
 5|   2.600E+00|                 Infinity|   1.7228580422595965E-02|       3369|
 5|   2.800E+00|                 Infinity|   1.8181818181818181E-02|       3025|
 5|   3.000E+00|                 Infinity|   2.0382711378539392E-02|       2407|
 5|   3.200E+00|                 Infinity|   2.1030505843376807E-02|       2261|
 5|   3.400E+00|                 Infinity|   2.0100756305184240E-02|       2475|
 5|   3.600E+00|                 Infinity|   1.8627433076293616E-02|       2882|
 5|   3.800E+00|                 Infinity|   1.8386578283823053E-02|       2958|
 5|   4.000E+00|                 Infinity|   1.9284331963501929E-02|       2689|
 5|   4.200E+00|                 Infinity|   1.8901599237458089E-02|       2799|
 5|   4.400E+00|                 Infinity|   2.0593402107173850E-02|       2358|
 5|   4.600E+00|                 Infinity|   2.2428065200812829E-02|       1988|
 5|   4.800E+00|                 Infinity|   2.4289308377863014E-02|       1695|
# integrated result:   1.8413066888083379E-04
#
# Histogram 6: mz1                                               
 6|   0.000E+00|                      NaN|   0.0000000000000000E+00|          0|
 6|   2.000E+00|                      NaN|   0.0000000000000000E+00|          0|
 6|   4.000E+00|                 Infinity|   1.5314097295792219E-02|       4264|
 6|   6.000E+00|                 Infinity|   1.3670440988881778E-02|       5351|
 6|   8.000E+00|                 Infinity|   2.2282825891079321E-02|       2014|
 6|   1.000E+01|                 Infinity|   1.4908776472757504E-02|       4499|
 6|   1.200E+01|                 Infinity|   1.9076189842912893E-02|       2748|
 6|   1.400E+01|                 Infinity|   2.5197631533948481E-02|       1575|
 6|   1.600E+01|                 Infinity|   3.0628194591584439E-02|       1066|
 6|   1.800E+01|                 Infinity|   3.9013715732043520E-02|        657|
 6|   2.000E+01|                 Infinity|   4.8450158311150918E-02|        426|
 6|   2.200E+01|                 Infinity|   4.3852900965351466E-02|        520|
 6|   2.400E+01|                 Infinity|   3.2325409191761800E-02|        957|
 6|   2.600E+01|                 Infinity|   3.0192333931958418E-02|       1097|
 6|   2.800E+01|                 Infinity|   2.9074190231479016E-02|       1183|
 6|   3.000E+01|                 Infinity|   3.3767600672658715E-02|        877|
 6|   3.200E+01|                 Infinity|   2.7660638840895514E-02|       1307|
 6|   3.400E+01|                 Infinity|   4.3726946944662608E-02|        523|
 6|   3.600E+01|                 Infinity|   3.8208035995043507E-02|        685|
 6|   3.800E+01|                 Infinity|   4.2144975196108957E-02|        563|
 6|   4.000E+01|                 Infinity|   4.9326362366699003E-02|        411|
 6|   4.200E+01|                 Infinity|   4.9875466805381644E-02|        402|
 6|   4.400E+01|                 Infinity|   4.0655781409087086E-02|        605|
 6|   4.600E+01|                 Infinity|   4.3233770116711694E-02|        535|
 6|   4.800E+01|                 Infinity|   2.4448489343954046E-02|       1673|
 6|   5.000E+01|                 Infinity|   2.4784079854830481E-02|       1628|
 6|   5.200E+01|                 Infinity|   2.4485105343719588E-02|       1668|
 6|   5.400E+01|                 Infinity|   3.8924947208076148E-02|        660|
 6|   5.600E+01|                 Infinity|   3.5921060405354983E-02|        775|
 6|   5.800E+01|                 Infinity|   2.8629916715693413E-02|       1220|
 6|   6.000E+01|                 Infinity|   3.9314056698537575E-02|        647|
 6|   6.200E+01|                 Infinity|   3.7450294313656908E-02|        713|
 6|   6.400E+01|                 Infinity|   4.4676705160877031E-02|        501|
 6|   6.600E+01|                 Infinity|   4.2107596053325952E-02|        564|
 6|   6.800E+01|                 Infinity|   3.3748365353141352E-02|        878|
 6|   7.000E+01|                 Infinity|   3.0729254193150105E-02|       1059|
 6|   7.200E+01|                 Infinity|   5.8420623783698597E-02|        293|
 6|   7.400E+01|                 Infinity|   6.5938047339578698E-02|        230|
 6|   7.600E+01|                 Infinity|   6.3887656499993992E-02|        245|
 6|   7.800E+01|                 Infinity|   6.4018439966447988E-02|        244|
 6|   8.000E+01|                 Infinity|   6.5795169495976899E-02|        231|
 6|   8.200E+01|                 Infinity|   3.5093120317179823E-02|        812|
 6|   8.400E+01|                 Infinity|   3.2616403652672113E-02|        940|
 6|   8.600E+01|                 Infinity|   2.7639499641139105E-02|       1309|
 6|   8.800E+01|                 Infinity|   1.6495721976846452E-02|       3675|
 6|   9.000E+01|                 Infinity|   1.8864566947613626E-02|       2810|
 6|   9.200E+01|                 Infinity|   2.3230699676234090E-02|       1853|
 6|   9.400E+01|                 Infinity|   5.4153036107388232E-02|        341|
 6|   9.600E+01|                 Infinity|   6.0412209333017698E-02|        274|
 6|   9.800E+01|                 Infinity|   7.2739296745330792E-02|        189|
 6|   1.000E+02|                 Infinity|   8.6066296582387042E-02|        135|
 6|   1.020E+02|                 Infinity|   9.4915799575249898E-02|        111|
 6|   1.040E+02|                 Infinity|   1.0599978800063600E-01|         89|
 6|   1.060E+02|                 Infinity|   1.1547005383792514E-01|         75|
 6|   1.080E+02|                 Infinity|   1.1180339887498948E-01|         80|
 6|   1.100E+02|                 Infinity|   1.3736056394868904E-01|         53|
 6|   1.120E+02|                 Infinity|   1.2500000000000000E-01|         64|
 6|   1.140E+02|                 Infinity|   1.2038585308576920E-01|         69|
 6|   1.160E+02|                 Infinity|   1.3363062095621220E-01|         56|
 6|   1.180E+02|                 Infinity|   1.6222142113076254E-01|         38|
 6|   1.200E+02|                 Infinity|   1.7677669529663687E-01|         32|
 6|   1.220E+02|                 Infinity|   1.4907119849998599E-01|         45|
 6|   1.240E+02|                 Infinity|   1.5249857033260467E-01|         43|
 6|   1.260E+02|                 Infinity|   2.0000000000000001E-01|         25|
 6|   1.280E+02|                 Infinity|   1.5811388300841897E-01|         40|
 6|   1.300E+02|                 Infinity|   2.5000000000000000E-01|         16|
 6|   1.320E+02|                 Infinity|   2.0412414523193154E-01|         24|
 6|   1.340E+02|                 Infinity|   1.8898223650461360E-01|         28|
 6|   1.360E+02|                 Infinity|   2.3570226039551587E-01|         18|
 6|   1.380E+02|                 Infinity|   2.5000000000000000E-01|         16|
 6|   1.400E+02|                 Infinity|   2.5819888974716110E-01|         15|
 6|   1.420E+02|                 Infinity|   2.6726124191242440E-01|         14|
 6|   1.440E+02|                 Infinity|   2.7735009811261457E-01|         13|
 6|   1.460E+02|                 Infinity|   2.2360679774997896E-01|         20|
 6|   1.480E+02|                 Infinity|   2.5819888974716110E-01|         15|
 6|   1.500E+02|                 Infinity|   2.7735009811261457E-01|         13|
 6|   1.520E+02|                 Infinity|   3.0151134457776363E-01|         11|
 6|   1.540E+02|                 Infinity|   3.1622776601683794E-01|         10|
 6|   1.560E+02|                 Infinity|   3.5355339059327373E-01|          8|
 6|   1.580E+02|                 Infinity|   3.3333333333333331E-01|          9|
 6|   1.600E+02|                 Infinity|   3.7796447300922720E-01|          7|
 6|   1.620E+02|                 Infinity|   3.5355339059327373E-01|          8|
 6|   1.640E+02|                 Infinity|   3.3333333333333331E-01|          9|
 6|   1.660E+02|                 Infinity|   7.0710678118654746E-01|          2|
 6|   1.680E+02|                 Infinity|   7.0710678118654746E-01|          2|
 6|   1.700E+02|                 Infinity|   3.5355339059327373E-01|          8|
 6|   1.720E+02|                 Infinity|   5.0000000000000000E-01|          4|
 6|   1.740E+02|                 Infinity|   7.0710678118654746E-01|          2|
 6|   1.760E+02|                 Infinity|   1.0000000000000000E+00|          1|
 6|   1.780E+02|                      NaN|   0.0000000000000000E+00|          0|
 6|   1.800E+02|                 Infinity|   7.0710678118654746E-01|          2|
 6|   1.820E+02|                 Infinity|   5.7735026918962584E-01|          3|
 6|   1.840E+02|                 Infinity|   5.7735026918962584E-01|          3|
 6|   1.860E+02|                 Infinity|   1.0000000000000000E+00|          1|
 6|   1.880E+02|                 Infinity|   4.4721359549995793E-01|          5|
 6|   1.900E+02|                 Infinity|   5.7735026918962584E-01|          3|
 6|   1.920E+02|                 Infinity|   7.0710678118654746E-01|          2|
 6|   1.940E+02|                 Infinity|   7.0710678118654746E-01|          2|
 6|   1.960E+02|                 Infinity|   5.7735026918962584E-01|          3|
 6|   1.980E+02|                      NaN|   0.0000000000000000E+00|          0|
# integrated result:   1.8413066888083371E-04
#
# Histogram 7: mz2                                               
 7|   0.000E+00|                      NaN|   0.0000000000000000E+00|          0|
 7|   2.000E+00|                      NaN|   0.0000000000000000E+00|          0|
 7|   4.000E+00|                 Infinity|   1.2682637116179160E-02|       6217|
 7|   6.000E+00|                 Infinity|   2.2990024493585143E-02|       1892|
 7|   8.000E+00|                 Infinity|   2.3193180352135665E-02|       1859|
 7|   1.000E+01|                 Infinity|   2.1667569500871973E-02|       2130|
 7|   1.200E+01|                 Infinity|   2.3870495801314430E-02|       1755|
 7|   1.400E+01|                 Infinity|   2.6802813370944870E-02|       1392|
 7|   1.600E+01|                 Infinity|   3.2258064516129031E-02|        961|
 7|   1.800E+01|                 Infinity|   3.0528125543633180E-02|       1073|
 7|   2.000E+01|                 Infinity|   2.8952080535072162E-02|       1193|
 7|   2.200E+01|                 Infinity|   2.8049635672660719E-02|       1271|
 7|   2.400E+01|                 Infinity|   3.0178582014172842E-02|       1098|
 7|   2.600E+01|                 Infinity|   3.8866103716823586E-02|        662|
 7|   2.800E+01|                 Infinity|   3.5466345106595430E-02|        795|
 7|   3.000E+01|                 Infinity|   3.6686441912352652E-02|        743|
 7|   3.200E+01|                 Infinity|   3.4857808718787492E-02|        823|
 7|   3.400E+01|                 Infinity|   3.6514837167011073E-02|        750|
 7|   3.600E+01|                 Infinity|   4.0356715613563091E-02|        614|
 7|   3.800E+01|                 Infinity|   3.3520076157699544E-02|        890|
 7|   4.000E+01|                 Infinity|   3.6202430712799827E-02|        763|
 7|   4.200E+01|                 Infinity|   3.9344473768231684E-02|        646|
 7|   4.400E+01|                 Infinity|   3.9904344223381107E-02|        628|
 7|   4.600E+01|                 Infinity|   4.2874646285627205E-02|        544|
 7|   4.800E+01|                 Infinity|   4.5454545454545456E-02|        484|
 7|   5.000E+01|                 Infinity|   4.4411559168432757E-02|        507|
 7|   5.200E+01|                 Infinity|   4.3153185200210310E-02|        537|
 7|   5.400E+01|                 Infinity|   4.2107596053325952E-02|        564|
 7|   5.600E+01|                 Infinity|   4.4324220717793628E-02|        509|
 7|   5.800E+01|                 Infinity|   4.6524210519923545E-02|        462|
 7|   6.000E+01|                 Infinity|   4.5691166238495382E-02|        479|
 7|   6.200E+01|                 Infinity|   3.5805743701971648E-02|        780|
 7|   6.400E+01|                 Infinity|   2.9669541454846331E-02|       1136|
 7|   6.600E+01|                 Infinity|   3.9253433598942983E-02|        649|
 7|   6.800E+01|                 Infinity|   3.9163022499397869E-02|        652|
 7|   7.000E+01|                 Infinity|   2.6020147394144395E-02|       1477|
 7|   7.200E+01|                 Infinity|   2.3708933905523488E-02|       1779|
 7|   7.400E+01|                 Infinity|   3.7424059428255989E-02|        714|
 7|   7.600E+01|                 Infinity|   3.7345684348663553E-02|        717|
 7|   7.800E+01|                 Infinity|   3.0656966974248290E-02|       1064|
 7|   8.000E+01|                 Infinity|   5.1031036307982884E-02|        384|
 7|   8.200E+01|                 Infinity|   5.0636968354183333E-02|        390|
 7|   8.400E+01|                 Infinity|   3.4020690871988585E-02|        864|
 7|   8.600E+01|                 Infinity|   1.7022663741204886E-02|       3451|
 7|   8.800E+01|                 Infinity|   1.9562767576168476E-02|       2613|
 7|   9.000E+01|                 Infinity|   1.3208299532971179E-02|       5732|
 7|   9.200E+01|                 Infinity|   1.9436722280931712E-02|       2647|
 7|   9.400E+01|                 Infinity|   7.4953168899586142E-02|        178|
 7|   9.600E+01|                 Infinity|   9.6225044864937631E-02|        108|
 7|   9.800E+01|                 Infinity|   1.1624763874381928E-01|         74|
 7|   1.000E+02|                 Infinity|   1.1111111111111110E-01|         81|
 7|   1.020E+02|                 Infinity|   1.1470786693528087E-01|         76|
 7|   1.040E+02|                 Infinity|   1.2598815766974239E-01|         63|
 7|   1.060E+02|                 Infinity|   1.2216944435630522E-01|         67|
 7|   1.080E+02|                 Infinity|   1.3867504905630729E-01|         52|
 7|   1.100E+02|                 Infinity|   1.3483997249264842E-01|         55|
 7|   1.120E+02|                 Infinity|   1.3018891098082389E-01|         59|
 7|   1.140E+02|                 Infinity|   1.3483997249264842E-01|         55|
 7|   1.160E+02|                 Infinity|   1.4285714285714285E-01|         49|
 7|   1.180E+02|                 Infinity|   1.2598815766974239E-01|         63|
 7|   1.200E+02|                 Infinity|   1.3608276348795434E-01|         54|
 7|   1.220E+02|                 Infinity|   1.3867504905630729E-01|         52|
 7|   1.240E+02|                 Infinity|   1.4907119849998599E-01|         45|
 7|   1.260E+02|                 Infinity|   1.6903085094570330E-01|         35|
 7|   1.280E+02|                 Infinity|   1.6439898730535729E-01|         37|
 7|   1.300E+02|                 Infinity|   1.8257418583505536E-01|         30|
 7|   1.320E+02|                 Infinity|   1.5430334996209191E-01|         42|
 7|   1.340E+02|                 Infinity|   1.5811388300841897E-01|         40|
 7|   1.360E+02|                 Infinity|   1.7677669529663687E-01|         32|
 7|   1.380E+02|                 Infinity|   1.9245008972987526E-01|         27|
 7|   1.400E+02|                 Infinity|   1.9611613513818404E-01|         26|
 7|   1.420E+02|                 Infinity|   2.0412414523193154E-01|         24|
 7|   1.440E+02|                 Infinity|   2.2360679774997896E-01|         20|
 7|   1.460E+02|                 Infinity|   2.2941573387056174E-01|         19|
 7|   1.480E+02|                 Infinity|   3.1622776601683794E-01|         10|
 7|   1.500E+02|                 Infinity|   2.6726124191242440E-01|         14|
 7|   1.520E+02|                 Infinity|   2.8867513459481292E-01|         12|
 7|   1.540E+02|                 Infinity|   2.5819888974716110E-01|         15|
 7|   1.560E+02|                 Infinity|   3.3333333333333331E-01|          9|
 7|   1.580E+02|                 Infinity|   3.1622776601683794E-01|         10|
 7|   1.600E+02|                 Infinity|   4.0824829046386307E-01|          6|
 7|   1.620E+02|                      NaN|   0.0000000000000000E+00|          0|
 7|   1.640E+02|                 Infinity|   2.8867513459481292E-01|         12|
 7|   1.660E+02|                 Infinity|   4.4721359549995793E-01|          5|
 7|   1.680E+02|                 Infinity|   4.0824829046386307E-01|          6|
 7|   1.700E+02|                 Infinity|   3.7796447300922720E-01|          7|
 7|   1.720E+02|                 Infinity|   5.0000000000000000E-01|          4|
 7|   1.740E+02|                 Infinity|   3.5355339059327373E-01|          8|
 7|   1.760E+02|                 Infinity|   4.4721359549995793E-01|          5|
 7|   1.780E+02|                 Infinity|   5.0000000000000000E-01|          4|
 7|   1.800E+02|                 Infinity|   5.7735026918962584E-01|          3|
 7|   1.820E+02|                 Infinity|   5.7735026918962584E-01|          3|
 7|   1.840E+02|                 Infinity|   4.4721359549995793E-01|          5|
 7|   1.860E+02|                 Infinity|   4.0824829046386307E-01|          6|
 7|   1.880E+02|                 Infinity|   4.0824829046386307E-01|          6|
 7|   1.900E+02|                 Infinity|   5.7735026918962584E-01|          3|
 7|   1.920E+02|                 Infinity|   5.0000000000000000E-01|          4|
 7|   1.940E+02|                 Infinity|   7.0710678118654746E-01|          2|
 7|   1.960E+02|                 Infinity|   5.7735026918962584E-01|          3|
 7|   1.980E+02|                 Infinity|   7.0710678118654746E-01|          2|
# integrated result:   1.8413066888083385E-04
#
# Histogram 8: m_4l                                              
 8|   1.000E+02|                 Infinity|   7.6898054999798623E-03|      16911|
 8|   1.400E+02|                 Infinity|   8.9842509355017430E-03|      12389|
 8|   1.800E+02|                 Infinity|   1.1654726687917760E-02|       7362|
 8|   2.200E+02|                 Infinity|   1.5680608569955762E-02|       4067|
 8|   2.600E+02|                 Infinity|   2.0467923754178649E-02|       2387|
 8|   3.000E+02|                 Infinity|   2.6198125853112302E-02|       1457|
 8|   3.400E+02|                 Infinity|   3.2274861218395137E-02|        960|
 8|   3.800E+02|                 Infinity|   4.0588747923409947E-02|        607|
 8|   4.200E+02|                 Infinity|   5.1298917604257706E-02|        380|
 8|   4.600E+02|                 Infinity|   5.9549133417541367E-02|        282|
 8|   5.000E+02|                 Infinity|   7.4953168899586142E-02|        178|
 8|   5.400E+02|                 Infinity|   8.1110710565381272E-02|        152|
 8|   5.800E+02|                 Infinity|   9.7590007294853329E-02|        105|
 8|   6.200E+02|                 Infinity|   1.2126781251816648E-01|         68|
 8|   6.600E+02|                 Infinity|   1.2216944435630522E-01|         67|
 8|   7.000E+02|                 Infinity|   1.4285714285714285E-01|         49|
 8|   7.400E+02|                 Infinity|   1.5617376188860607E-01|         41|
 8|   7.800E+02|                 Infinity|   1.9611613513818404E-01|         26|
 8|   8.200E+02|                 Infinity|   1.8898223650461360E-01|         28|
 8|   8.600E+02|                 Infinity|   2.3570226039551587E-01|         18|
 8|   9.000E+02|                 Infinity|   2.5000000000000000E-01|         16|
 8|   9.400E+02|                 Infinity|   3.1622776601683794E-01|         10|
 8|   9.800E+02|                 Infinity|   3.0151134457776363E-01|         11|
 8|   1.020E+03|                 Infinity|   3.5355339059327373E-01|          8|
 8|   1.060E+03|                 Infinity|   3.5355339059327373E-01|          8|
 8|   1.100E+03|                 Infinity|   3.7796447300922720E-01|          7|
 8|   1.140E+03|                 Infinity|   7.0710678118654746E-01|          2|
 8|   1.180E+03|                 Infinity|   4.4721359549995793E-01|          5|
 8|   1.220E+03|                 Infinity|   3.7796447300922720E-01|          7|
 8|   1.260E+03|                 Infinity|   7.0710678118654746E-01|          2|
 8|   1.300E+03|                 Infinity|   1.0000000000000000E+00|          1|
 8|   1.340E+03|                 Infinity|   4.4721359549995793E-01|          5|
 8|   1.380E+03|                 Infinity|   1.0000000000000000E+00|          1|
 8|   1.420E+03|                 Infinity|   4.4721359549995793E-01|          5|
 8|   1.460E+03|                 Infinity|   1.0000000000000000E+00|          1|
 8|   1.500E+03|                 Infinity|   5.7735026918962584E-01|          3|
 8|   1.540E+03|                 Infinity|   7.0710678118654746E-01|          2|
 8|   1.580E+03|                 Infinity|   7.0710678118654746E-01|          2|
 8|   1.620E+03|                 Infinity|   1.0000000000000000E+00|          1|
 8|   1.660E+03|                 Infinity|   5.7735026918962584E-01|          3|
 8|   1.700E+03|                      NaN|   0.0000000000000000E+00|          0|
 8|   1.740E+03|                      NaN|   0.0000000000000000E+00|          0|
 8|   1.780E+03|                 Infinity|   1.0000000000000000E+00|          1|
 8|   1.820E+03|                 Infinity|   7.0710678118654746E-01|          2|
 8|   1.860E+03|                 Infinity|   1.0000000000000000E+00|          1|
 8|   1.900E+03|                      NaN|   0.0000000000000000E+00|          0|
 8|   1.940E+03|                 Infinity|   1.0000000000000000E+00|          1|
 8|   1.980E+03|                      NaN|   0.0000000000000000E+00|          0|
 8|   2.020E+03|                      NaN|   0.0000000000000000E+00|          0|
 8|   2.060E+03|                 Infinity|   7.0710678118654746E-01|          2|
 8|   2.100E+03|                 Infinity|   1.0000000000000000E+00|          1|
 8|   2.140E+03|                      NaN|   0.0000000000000000E+00|          0|
 8|   2.180E+03|                      NaN|   0.0000000000000000E+00|          0|
 8|   2.220E+03|                      NaN|   0.0000000000000000E+00|          0|
 8|   2.260E+03|                      NaN|   0.0000000000000000E+00|          0|
 8|   2.300E+03|                 Infinity|   1.0000000000000000E+00|          1|
 8|   2.340E+03|                      NaN|   0.0000000000000000E+00|          0|
 8|   2.380E+03|                      NaN|   0.0000000000000000E+00|          0|
 8|   2.420E+03|                      NaN|   0.0000000000000000E+00|          0|
 8|   2.460E+03|                 Infinity|   1.0000000000000000E+00|          1|
 8|   2.500E+03|                 Infinity|   1.0000000000000000E+00|          1|
 8|   2.540E+03|                      NaN|   0.0000000000000000E+00|          0|
 8|   2.580E+03|                      NaN|   0.0000000000000000E+00|          0|
 8|   2.620E+03|                      NaN|   0.0000000000000000E+00|          0|
 8|   2.660E+03|                      NaN|   0.0000000000000000E+00|          0|
 8|   2.700E+03|                      NaN|   0.0000000000000000E+00|          0|
 8|   2.740E+03|                      NaN|   0.0000000000000000E+00|          0|
 8|   2.780E+03|                      NaN|   0.0000000000000000E+00|          0|
 8|   2.820E+03|                      NaN|   0.0000000000000000E+00|          0|
 8|   2.860E+03|                      NaN|   0.0000000000000000E+00|          0|
 8|   2.900E+03|                      NaN|   0.0000000000000000E+00|          0|
 8|   2.940E+03|                      NaN|   0.0000000000000000E+00|          0|
 8|   2.980E+03|                      NaN|   0.0000000000000000E+00|          0|
 8|   3.020E+03|                      NaN|   0.0000000000000000E+00|          0|
 8|   3.060E+03|                      NaN|   0.0000000000000000E+00|          0|
 8|   3.100E+03|                      NaN|   0.0000000000000000E+00|          0|
 8|   3.140E+03|                      NaN|   0.0000000000000000E+00|          0|
 8|   3.180E+03|                      NaN|   0.0000000000000000E+00|          0|
 8|   3.220E+03|                      NaN|   0.0000000000000000E+00|          0|
 8|   3.260E+03|                      NaN|   0.0000000000000000E+00|          0|
 8|   3.300E+03|                      NaN|   0.0000000000000000E+00|          0|
 8|   3.340E+03|                      NaN|   0.0000000000000000E+00|          0|
 8|   3.380E+03|                      NaN|   0.0000000000000000E+00|          0|
 8|   3.420E+03|                      NaN|   0.0000000000000000E+00|          0|
 8|   3.460E+03|                      NaN|   0.0000000000000000E+00|          0|
 8|   3.500E+03|                      NaN|   0.0000000000000000E+00|          0|
 8|   3.540E+03|                      NaN|   0.0000000000000000E+00|          0|
 8|   3.580E+03|                      NaN|   0.0000000000000000E+00|          0|
 8|   3.620E+03|                      NaN|   0.0000000000000000E+00|          0|
 8|   3.660E+03|                      NaN|   0.0000000000000000E+00|          0|
 8|   3.700E+03|                      NaN|   0.0000000000000000E+00|          0|
 8|   3.740E+03|                      NaN|   0.0000000000000000E+00|          0|
 8|   3.780E+03|                      NaN|   0.0000000000000000E+00|          0|
 8|   3.820E+03|                      NaN|   0.0000000000000000E+00|          0|
 8|   3.860E+03|                      NaN|   0.0000000000000000E+00|          0|
 8|   3.900E+03|                      NaN|   0.0000000000000000E+00|          0|
 8|   3.940E+03|                      NaN|   0.0000000000000000E+00|          0|
 8|   3.980E+03|                      NaN|   0.0000000000000000E+00|          0|
 8|   4.020E+03|                      NaN|   0.0000000000000000E+00|          0|
 8|   4.060E+03|                      NaN|   0.0000000000000000E+00|          0|
# integrated result:   1.8413066888083328E-04
#
# Histogram 9: m_4l                                              
 9|   8.500E+01|                 Infinity|   4.9326362366699003E-02|        411|
 9|   8.600E+01|                 Infinity|   4.8679238351123547E-02|        422|
 9|   8.700E+01|                 Infinity|   5.0125470711708552E-02|        398|
 9|   8.800E+01|                 Infinity|   5.0000000000000003E-02|        400|
 9|   8.900E+01|                 Infinity|   4.9507377148833721E-02|        408|
 9|   9.000E+01|                 Infinity|   5.1231551957855996E-02|        381|
 9|   9.100E+01|                 Infinity|   5.1778037307849772E-02|        373|
 9|   9.200E+01|                 Infinity|   4.8970210687439175E-02|        417|
 9|   9.300E+01|                 Infinity|   5.1571062312939668E-02|        376|
 9|   9.400E+01|                 Infinity|   5.0125470711708552E-02|        398|
 9|   9.500E+01|                 Infinity|   4.7511433814557989E-02|        443|
 9|   9.600E+01|                 Infinity|   5.1778037307849772E-02|        373|
 9|   9.700E+01|                 Infinity|   5.0507627227610534E-02|        392|
 9|   9.800E+01|                 Infinity|   5.2057920629535355E-02|        369|
 9|   9.900E+01|                 Infinity|   4.9690399499995326E-02|        405|
 9|   1.000E+02|                 Infinity|   5.1366549693751415E-02|        379|
 9|   1.010E+02|                 Infinity|   4.9386479832479478E-02|        410|
 9|   1.020E+02|                 Infinity|   4.7298376984040214E-02|        447|
 9|   1.030E+02|                 Infinity|   4.8507125007266595E-02|        425|
 9|   1.040E+02|                 Infinity|   4.8737017882857933E-02|        421|
 9|   1.050E+02|                 Infinity|   4.7673129462279619E-02|        440|
 9|   1.060E+02|                 Infinity|   4.9386479832479478E-02|        410|
 9|   1.070E+02|                 Infinity|   4.8679238351123547E-02|        422|
 9|   1.080E+02|                 Infinity|   4.8450158311150918E-02|        426|
 9|   1.090E+02|                 Infinity|   4.9088069367381602E-02|        415|
 9|   1.100E+02|                 Infinity|   4.6676002800933661E-02|        459|
 9|   1.110E+02|                 Infinity|   4.7298376984040214E-02|        447|
 9|   1.120E+02|                 Infinity|   4.7781848256749658E-02|        438|
 9|   1.130E+02|                 Infinity|   4.7619047619047616E-02|        441|
 9|   1.140E+02|                 Infinity|   4.7245559126153400E-02|        448|
 9|   1.150E+02|                 Infinity|   4.8280454958526758E-02|        429|
 9|   1.160E+02|                 Infinity|   4.9326362366699003E-02|        411|
 9|   1.170E+02|                 Infinity|   4.7036043419179864E-02|        452|
 9|   1.180E+02|                 Infinity|   5.0251890762960605E-02|        396|
 9|   1.190E+02|                 Infinity|   4.6778026972498797E-02|        457|
 9|   1.200E+02|                 Infinity|   4.8737017882857933E-02|        421|
 9|   1.210E+02|                 Infinity|   4.8393391849582724E-02|        427|
 9|   1.220E+02|                 Infinity|   4.9875466805381644E-02|        402|
 9|   1.230E+02|                 Infinity|   4.6778026972498797E-02|        457|
 9|   1.240E+02|                 Infinity|   4.9446817643414874E-02|        409|
 9|   1.250E+02|                 Infinity|   4.7457899787624949E-02|        444|
 9|   1.260E+02|                 Infinity|   4.9088069367381602E-02|        415|
 9|   1.270E+02|                 Infinity|   4.7891314261057569E-02|        436|
 9|   1.280E+02|                 Infinity|   4.8679238351123547E-02|        422|
 9|   1.290E+02|                 Infinity|   4.6880723093849538E-02|        455|
 9|   1.300E+02|                 Infinity|   4.7511433814557989E-02|        443|
 9|   1.310E+02|                 Infinity|   4.8393391849582724E-02|        427|
 9|   1.320E+02|                 Infinity|   5.0188561322849559E-02|        397|
 9|   1.330E+02|                 Infinity|   5.0315460542662761E-02|        395|
 9|   1.340E+02|                 Infinity|   4.9088069367381602E-02|        415|
# integrated result:   1.8413066888083398E-04
#
# Histogram10: Phi1                                              
10|  -3.142E+00|                 Infinity|   2.7226638505866506E-02|       1349|
10|  -2.985E+00|                 Infinity|   2.6783579200279007E-02|       1394|
10|  -2.827E+00|                 Infinity|   2.5607375986579195E-02|       1525|
10|  -2.670E+00|                 Infinity|   2.4042351841717248E-02|       1730|
10|  -2.513E+00|                 Infinity|   2.3563681481313652E-02|       1801|
10|  -2.356E+00|                 Infinity|   2.4536645240595824E-02|       1661|
10|  -2.199E+00|                 Infinity|   2.4354051207174154E-02|       1686|
10|  -2.042E+00|                 Infinity|   2.4070194759954793E-02|       1726|
10|  -1.885E+00|                 Infinity|   2.3863697995167382E-02|       1756|
10|  -1.728E+00|                 Infinity|   2.3596458909150436E-02|       1796|
10|  -1.571E+00|                 Infinity|   2.4063224962571107E-02|       1727|
10|  -1.414E+00|                 Infinity|   2.4133196686197629E-02|       1717|
10|  -1.257E+00|                 Infinity|   2.4961028814965893E-02|       1605|
10|  -1.100E+00|                 Infinity|   2.6334032657486166E-02|       1442|
10|  -9.425E-01|                 Infinity|   2.6352313834736494E-02|       1440|
10|  -7.854E-01|                 Infinity|   2.8272964322665701E-02|       1251|
10|  -6.283E-01|                 Infinity|   2.9323117635391110E-02|       1163|
10|  -4.713E-01|                 Infinity|   2.8536507276767480E-02|       1228|
10|  -3.142E-01|                 Infinity|   2.9049644688706338E-02|       1185|
10|  -1.571E-01|                 Infinity|   2.8444006199428714E-02|       1236|
10|  -3.000E-05|                 Infinity|   2.8783683125170191E-02|       1207|
10|   1.570E-01|                 Infinity|   2.8618190351607124E-02|       1221|
10|   3.141E-01|                 Infinity|   2.9348363544187461E-02|       1161|
10|   4.712E-01|                 Infinity|   2.9501220638256383E-02|       1149|
10|   6.283E-01|                 Infinity|   2.9310519088027460E-02|       1164|
10|   7.854E-01|                 Infinity|   2.8284271247461901E-02|       1250|
10|   9.424E-01|                 Infinity|   2.7809983907757470E-02|       1293|
10|   1.100E+00|                 Infinity|   2.6144349280800103E-02|       1463|
10|   1.257E+00|                 Infinity|   2.5615775978927998E-02|       1524|
10|   1.414E+00|                 Infinity|   2.5359156467048689E-02|       1555|
10|   1.571E+00|                 Infinity|   2.5465828684918111E-02|       1542|
10|   1.728E+00|                 Infinity|   2.4708310555370042E-02|       1638|
10|   1.885E+00|                 Infinity|   2.4318019154289876E-02|       1691|
10|   2.042E+00|                 Infinity|   2.5141822757713452E-02|       1582|
10|   2.199E+00|                 Infinity|   2.4648192922358196E-02|       1646|
10|   2.356E+00|                 Infinity|   2.4140227479263379E-02|       1716|
10|   2.513E+00|                 Infinity|   2.4906774069335894E-02|       1612|
10|   2.670E+00|                 Infinity|   2.6602896148920738E-02|       1413|
10|   2.827E+00|                 Infinity|   2.6909347105086238E-02|       1381|
10|   2.984E+00|                 Infinity|   2.7287389727190907E-02|       1343|
# integrated result:   1.8413066888083374E-04
#
