#
# column #1=histogram, #2=x-axis bin, #3=binned cross-section, #4=error, #5=number of events 
# this can be easily plotted in gnuplot with the commands:
#    NHi=3
#    plot 'output.dat' using ($2):($1==NHi ? $3 : 1/0) w st
# where NHi selects the histogram
#
#
# run time =      -0.00min
# TotCS =      5.1963126242E-06           1.30373E-06
#
# Histogram 1: m_jj                                              
 1|   0.000E+00|                      NaN|   0.0000000000000000E+00|          0|
 1|   5.000E+01|                 Infinity|   1.9795189561622396E-02|       2552|
 1|   1.000E+02|                 Infinity|   1.4497321867154718E-02|       4758|
 1|   1.500E+02|                 Infinity|   1.3240678533309402E-02|       5704|
 1|   2.000E+02|                 Infinity|   1.2419725271263714E-02|       6483|
 1|   2.500E+02|                 Infinity|   1.2361704410853719E-02|       6544|
 1|   3.000E+02|                 Infinity|   1.2622882294670720E-02|       6276|
 1|   3.500E+02|                 Infinity|   1.2489271640047411E-02|       6411|
 1|   4.000E+02|                 Infinity|   1.2473715947708236E-02|       6427|
 1|   4.500E+02|                 Infinity|   1.3444941418501123E-02|       5532|
 1|   5.000E+02|                 Infinity|   1.4666288607210830E-02|       4649|
 1|   5.500E+02|                 Infinity|   1.6455472086908743E-02|       3693|
 1|   6.000E+02|                 Infinity|   1.8015824844372499E-02|       3081|
 1|   6.500E+02|                 Infinity|   2.0012010810811352E-02|       2497|
 1|   7.000E+02|                 Infinity|   2.3002185311411807E-02|       1890|
 1|   7.500E+02|                 Infinity|   2.6546593660094948E-02|       1419|
 1|   8.000E+02|                 Infinity|   3.0729254193150105E-02|       1059|
 1|   8.500E+02|                 Infinity|   3.5990787537434725E-02|        772|
 1|   9.000E+02|                 Infinity|   4.1134503489486357E-02|        591|
 1|   9.500E+02|                 Infinity|   4.4992127066584751E-02|        494|
 1|   1.000E+03|                 Infinity|   4.8737017882857933E-02|        421|
 1|   1.050E+03|                 Infinity|   5.8123819371909642E-02|        296|
 1|   1.100E+03|                 Infinity|   6.8358592702466331E-02|        214|
 1|   1.150E+03|                 Infinity|   7.4535599249992993E-02|        180|
 1|   1.200E+03|                 Infinity|   9.4072086838359728E-02|        113|
 1|   1.250E+03|                 Infinity|   1.1180339887498948E-01|         80|
 1|   1.300E+03|                 Infinity|   1.1785113019775793E-01|         72|
 1|   1.350E+03|                 Infinity|   1.4142135623730950E-01|         50|
 1|   1.400E+03|                 Infinity|   1.5811388300841897E-01|         40|
 1|   1.450E+03|                 Infinity|   2.3570226039551587E-01|         18|
 1|   1.500E+03|                 Infinity|   1.8257418583505536E-01|         30|
 1|   1.550E+03|                 Infinity|   1.8569533817705186E-01|         29|
 1|   1.600E+03|                 Infinity|   2.8867513459481292E-01|         12|
 1|   1.650E+03|                 Infinity|   2.6726124191242440E-01|         14|
 1|   1.700E+03|                 Infinity|   3.1622776601683794E-01|         10|
 1|   1.750E+03|                 Infinity|   2.7735009811261457E-01|         13|
 1|   1.800E+03|                 Infinity|   3.3333333333333331E-01|          9|
 1|   1.850E+03|                 Infinity|   4.0824829046386307E-01|          6|
 1|   1.900E+03|                 Infinity|   7.0710678118654746E-01|          2|
 1|   1.950E+03|                 Infinity|   5.0000000000000000E-01|          4|
 1|   2.000E+03|                 Infinity|   4.0824829046386307E-01|          6|
 1|   2.050E+03|                 Infinity|   7.0710678118654746E-01|          2|
 1|   2.100E+03|                 Infinity|   4.4721359549995793E-01|          5|
 1|   2.150E+03|                 Infinity|   4.0824829046386307E-01|          6|
 1|   2.200E+03|                 Infinity|   7.0710678118654746E-01|          2|
 1|   2.250E+03|                 Infinity|   4.4721359549995793E-01|          5|
 1|   2.300E+03|                 Infinity|   1.0000000000000000E+00|          1|
 1|   2.350E+03|                 Infinity|   5.7735026918962584E-01|          3|
 1|   2.400E+03|                 Infinity|   7.0710678118654746E-01|          2|
 1|   2.450E+03|                 Infinity|   5.7735026918962584E-01|          3|
 1|   2.500E+03|                 Infinity|   5.7735026918962584E-01|          3|
 1|   2.550E+03|                 Infinity|   5.7735026918962584E-01|          3|
 1|   2.600E+03|                 Infinity|   1.0000000000000000E+00|          1|
 1|   2.650E+03|                      NaN|   0.0000000000000000E+00|          0|
 1|   2.700E+03|                 Infinity|   1.0000000000000000E+00|          1|
 1|   2.750E+03|                 Infinity|   7.0710678118654746E-01|          2|
 1|   2.800E+03|                 Infinity|   1.0000000000000000E+00|          1|
 1|   2.850E+03|                 Infinity|   7.0710678118654746E-01|          2|
 1|   2.900E+03|                      NaN|   0.0000000000000000E+00|          0|
 1|   2.950E+03|                      NaN|   0.0000000000000000E+00|          0|
 1|   3.000E+03|                      NaN|   0.0000000000000000E+00|          0|
 1|   3.050E+03|                      NaN|   0.0000000000000000E+00|          0|
 1|   3.100E+03|                      NaN|   0.0000000000000000E+00|          0|
 1|   3.150E+03|                 Infinity|   1.0000000000000000E+00|          1|
 1|   3.200E+03|                      NaN|   0.0000000000000000E+00|          0|
 1|   3.250E+03|                 Infinity|   1.0000000000000000E+00|          1|
 1|   3.300E+03|                      NaN|   0.0000000000000000E+00|          0|
 1|   3.350E+03|                      NaN|   0.0000000000000000E+00|          0|
 1|   3.400E+03|                      NaN|   0.0000000000000000E+00|          0|
 1|   3.450E+03|                      NaN|   0.0000000000000000E+00|          0|
 1|   3.500E+03|                      NaN|   0.0000000000000000E+00|          0|
 1|   3.550E+03|                      NaN|   0.0000000000000000E+00|          0|
 1|   3.600E+03|                      NaN|   0.0000000000000000E+00|          0|
 1|   3.650E+03|                      NaN|   0.0000000000000000E+00|          0|
 1|   3.700E+03|                 Infinity|   1.0000000000000000E+00|          1|
 1|   3.750E+03|                      NaN|   0.0000000000000000E+00|          0|
 1|   3.800E+03|                      NaN|   0.0000000000000000E+00|          0|
 1|   3.850E+03|                      NaN|   0.0000000000000000E+00|          0|
 1|   3.900E+03|                      NaN|   0.0000000000000000E+00|          0|
 1|   3.950E+03|                      NaN|   0.0000000000000000E+00|          0|
 1|   4.000E+03|                      NaN|   0.0000000000000000E+00|          0|
 1|   4.050E+03|                      NaN|   0.0000000000000000E+00|          0|
 1|   4.100E+03|                      NaN|   0.0000000000000000E+00|          0|
 1|   4.150E+03|                      NaN|   0.0000000000000000E+00|          0|
 1|   4.200E+03|                      NaN|   0.0000000000000000E+00|          0|
 1|   4.250E+03|                      NaN|   0.0000000000000000E+00|          0|
 1|   4.300E+03|                      NaN|   0.0000000000000000E+00|          0|
 1|   4.350E+03|                      NaN|   0.0000000000000000E+00|          0|
 1|   4.400E+03|                      NaN|   0.0000000000000000E+00|          0|
 1|   4.450E+03|                      NaN|   0.0000000000000000E+00|          0|
 1|   4.500E+03|                      NaN|   0.0000000000000000E+00|          0|
 1|   4.550E+03|                      NaN|   0.0000000000000000E+00|          0|
 1|   4.600E+03|                      NaN|   0.0000000000000000E+00|          0|
 1|   4.650E+03|                      NaN|   0.0000000000000000E+00|          0|
 1|   4.700E+03|                      NaN|   0.0000000000000000E+00|          0|
 1|   4.750E+03|                      NaN|   0.0000000000000000E+00|          0|
 1|   4.800E+03|                      NaN|   0.0000000000000000E+00|          0|
 1|   4.850E+03|                      NaN|   0.0000000000000000E+00|          0|
 1|   4.900E+03|                      NaN|   0.0000000000000000E+00|          0|
 1|   4.950E+03|                      NaN|   0.0000000000000000E+00|          0|
# integrated result:   5.1963126241642632E-06
#
# Histogram 2: m_jj                                              
 2|   0.000E+00|                      NaN|   0.0000000000000000E+00|          0|
 2|   2.000E+00|                      NaN|   0.0000000000000000E+00|          0|
 2|   4.000E+00|                      NaN|   0.0000000000000000E+00|          0|
 2|   6.000E+00|                      NaN|   0.0000000000000000E+00|          0|
 2|   8.000E+00|                      NaN|   0.0000000000000000E+00|          0|
 2|   1.000E+01|                      NaN|   0.0000000000000000E+00|          0|
 2|   1.200E+01|                      NaN|   0.0000000000000000E+00|          0|
 2|   1.400E+01|                      NaN|   0.0000000000000000E+00|          0|
 2|   1.600E+01|                      NaN|   0.0000000000000000E+00|          0|
 2|   1.800E+01|                      NaN|   0.0000000000000000E+00|          0|
 2|   2.000E+01|                      NaN|   0.0000000000000000E+00|          0|
 2|   2.200E+01|                      NaN|   0.0000000000000000E+00|          0|
 2|   2.400E+01|                      NaN|   0.0000000000000000E+00|          0|
 2|   2.600E+01|                      NaN|   0.0000000000000000E+00|          0|
 2|   2.800E+01|                      NaN|   0.0000000000000000E+00|          0|
 2|   3.000E+01|                      NaN|   0.0000000000000000E+00|          0|
 2|   3.200E+01|                      NaN|   0.0000000000000000E+00|          0|
 2|   3.400E+01|                      NaN|   0.0000000000000000E+00|          0|
 2|   3.600E+01|                      NaN|   0.0000000000000000E+00|          0|
 2|   3.800E+01|                      NaN|   0.0000000000000000E+00|          0|
 2|   4.000E+01|                      NaN|   0.0000000000000000E+00|          0|
 2|   4.200E+01|                      NaN|   0.0000000000000000E+00|          0|
 2|   4.400E+01|                      NaN|   0.0000000000000000E+00|          0|
 2|   4.600E+01|                      NaN|   0.0000000000000000E+00|          0|
 2|   4.800E+01|                      NaN|   0.0000000000000000E+00|          0|
 2|   5.000E+01|                      NaN|   0.0000000000000000E+00|          0|
 2|   5.200E+01|                      NaN|   0.0000000000000000E+00|          0|
 2|   5.400E+01|                      NaN|   0.0000000000000000E+00|          0|
 2|   5.600E+01|                      NaN|   0.0000000000000000E+00|          0|
 2|   5.800E+01|                      NaN|   0.0000000000000000E+00|          0|
 2|   6.000E+01|                      NaN|   0.0000000000000000E+00|          0|
 2|   6.200E+01|                      NaN|   0.0000000000000000E+00|          0|
 2|   6.400E+01|                      NaN|   0.0000000000000000E+00|          0|
 2|   6.600E+01|                      NaN|   0.0000000000000000E+00|          0|
 2|   6.800E+01|                      NaN|   0.0000000000000000E+00|          0|
 2|   7.000E+01|                 Infinity|   8.1923192051904056E-02|        149|
 2|   7.200E+01|                 Infinity|   7.8326044998795738E-02|        163|
 2|   7.400E+01|                 Infinity|   7.7615052570633281E-02|        166|
 2|   7.600E+01|                 Infinity|   7.4535599249992993E-02|        180|
 2|   7.800E+01|                 Infinity|   7.7151674981045956E-02|        168|
 2|   8.000E+01|                 Infinity|   7.7382323253413682E-02|        167|
 2|   8.200E+01|                 Infinity|   7.3323557510676651E-02|        186|
 2|   8.400E+01|                 Infinity|   7.5377836144440907E-02|        176|
 2|   8.600E+01|                 Infinity|   8.1110710565381272E-02|        152|
 2|   8.800E+01|                 Infinity|   7.4953168899586142E-02|        178|
 2|   9.000E+01|                 Infinity|   7.7382323253413682E-02|        167|
 2|   9.200E+01|                 Infinity|   7.9056941504209485E-02|        160|
 2|   9.400E+01|                 Infinity|   7.4743509275193590E-02|        179|
 2|   9.600E+01|                 Infinity|   7.8086880944303036E-02|        164|
 2|   9.800E+01|                 Infinity|   7.1247049987909650E-02|        197|
 2|   1.000E+02|                 Infinity|   6.9843029576957816E-02|        205|
 2|   1.020E+02|                 Infinity|   7.5164602800282893E-02|        177|
 2|   1.040E+02|                 Infinity|   7.8086880944303036E-02|        164|
 2|   1.060E+02|                 Infinity|   7.2168783648703230E-02|        192|
 2|   1.080E+02|                 Infinity|   6.9171446386607466E-02|        209|
 2|   1.100E+02|                 Infinity|   7.8567420131838608E-02|        162|
 2|   1.120E+02|                 Infinity|   7.3922127095457285E-02|        183|
 2|   1.140E+02|                 Infinity|   7.2739296745330792E-02|        189|
 2|   1.160E+02|                 Infinity|   7.1066905451870152E-02|        198|
 2|   1.180E+02|                 Infinity|   7.8326044998795738E-02|        163|
 2|   1.200E+02|                 Infinity|   7.3922127095457285E-02|        183|
 2|   1.220E+02|                 Infinity|   7.0534561585859828E-02|        201|
 2|   1.240E+02|                 Infinity|   7.4953168899586142E-02|        178|
 2|   1.260E+02|                 Infinity|   7.4329414624716636E-02|        181|
 2|   1.280E+02|                 Infinity|   7.5809804357890337E-02|        174|
 2|   1.300E+02|                 Infinity|   7.6696498884737035E-02|        170|
 2|   1.320E+02|                 Infinity|   7.1611487403943297E-02|        195|
 2|   1.340E+02|                 Infinity|   7.4124931666110117E-02|        182|
 2|   1.360E+02|                 Infinity|   7.0359754473029182E-02|        202|
 2|   1.380E+02|                 Infinity|   7.2357460529242162E-02|        191|
 2|   1.400E+02|                 Infinity|   6.6964953018242512E-02|        223|
 2|   1.420E+02|                 Infinity|   7.0888120500833582E-02|        199|
 2|   1.440E+02|                 Infinity|   6.7115605521402430E-02|        222|
 2|   1.460E+02|                 Infinity|   7.1795815861773818E-02|        194|
 2|   1.480E+02|                 Infinity|   6.7267279399631244E-02|        221|
 2|   1.500E+02|                 Infinity|   7.2547625011001163E-02|        190|
 2|   1.520E+02|                 Infinity|   6.4415662640083082E-02|        241|
 2|   1.540E+02|                 Infinity|   6.8842839082151427E-02|        211|
 2|   1.560E+02|                 Infinity|   7.1795815861773818E-02|        194|
 2|   1.580E+02|                 Infinity|   6.7267279399631244E-02|        221|
 2|   1.600E+02|                 Infinity|   6.6226617853252193E-02|        228|
 2|   1.620E+02|                 Infinity|   6.4956980246163087E-02|        237|
 2|   1.640E+02|                 Infinity|   6.6964953018242512E-02|        223|
 2|   1.660E+02|                 Infinity|   6.7115605521402430E-02|        222|
 2|   1.680E+02|                 Infinity|   6.5232807305344226E-02|        235|
 2|   1.700E+02|                 Infinity|   6.6964953018242512E-02|        223|
 2|   1.720E+02|                 Infinity|   7.0359754473029182E-02|        202|
 2|   1.740E+02|                 Infinity|   6.5653216429861272E-02|        232|
 2|   1.760E+02|                 Infinity|   6.5512178208041838E-02|        233|
 2|   1.780E+02|                 Infinity|   6.6815310478106099E-02|        224|
 2|   1.800E+02|                 Infinity|   6.4150029909958411E-02|        243|
 2|   1.820E+02|                 Infinity|   6.6081860045508978E-02|        229|
 2|   1.840E+02|                 Infinity|   6.8358592702466331E-02|        214|
 2|   1.860E+02|                 Infinity|   6.6081860045508978E-02|        229|
 2|   1.880E+02|                 Infinity|   6.4150029909958411E-02|        243|
 2|   1.900E+02|                 Infinity|   6.6372331159997203E-02|        227|
 2|   1.920E+02|                 Infinity|   6.5653216429861272E-02|        232|
 2|   1.940E+02|                 Infinity|   6.1662641597820735E-02|        263|
 2|   1.960E+02|                 Infinity|   6.1780206321521543E-02|        262|
 2|   1.980E+02|                 Infinity|   6.3757671306333821E-02|        246|
# integrated result:   5.1963126241642657E-06
#
# Histogram 3: pT(H)                                             
 3|   0.000E+00|                 Infinity|   3.2564480451291802E-02|        943|
 3|   1.000E+01|                 Infinity|   1.9338344762674490E-02|       2674|
 3|   2.000E+01|                 Infinity|   1.7117165741551164E-02|       3413|
 3|   3.000E+01|                 Infinity|   1.5797571468029410E-02|       4007|
 3|   4.000E+01|                 Infinity|   1.5070430457578103E-02|       4403|
 3|   5.000E+01|                 Infinity|   1.5092727811824554E-02|       4390|
 3|   6.000E+01|                 Infinity|   1.5182917289142565E-02|       4338|
 3|   7.000E+01|                 Infinity|   1.5182917289142565E-02|       4338|
 3|   8.000E+01|                 Infinity|   1.5502478656928756E-02|       4161|
 3|   9.000E+01|                 Infinity|   1.6137430609197569E-02|       3840|
 3|   1.000E+02|                 Infinity|   1.6565739048064292E-02|       3644|
 3|   1.100E+02|                 Infinity|   1.7277368511627204E-02|       3350|
 3|   1.200E+02|                 Infinity|   1.8236155465055130E-02|       3007|
 3|   1.300E+02|                 Infinity|   1.9252140716412975E-02|       2698|
 3|   1.400E+02|                 Infinity|   2.0227834851568371E-02|       2444|
 3|   1.500E+02|                 Infinity|   2.2194838080923766E-02|       2030|
 3|   1.600E+02|                 Infinity|   2.2869467687317412E-02|       1912|
 3|   1.700E+02|                 Infinity|   2.4426598437301574E-02|       1676|
 3|   1.800E+02|                 Infinity|   2.5674808298154838E-02|       1517|
 3|   1.900E+02|                 Infinity|   2.7046790851991440E-02|       1367|
 3|   2.000E+02|                 Infinity|   2.8352398856187136E-02|       1244|
 3|   2.100E+02|                 Infinity|   3.0110103182983891E-02|       1103|
 3|   2.200E+02|                 Infinity|   3.2141217326661253E-02|        968|
 3|   2.300E+02|                 Infinity|   3.2444284226152510E-02|        950|
 3|   2.400E+02|                 Infinity|   3.5245368842512066E-02|        805|
 3|   2.500E+02|                 Infinity|   3.7062465833055058E-02|        728|
 3|   2.600E+02|                 Infinity|   3.9013715732043520E-02|        657|
 3|   2.700E+02|                 Infinity|   3.9590379123244791E-02|        638|
 3|   2.800E+02|                 Infinity|   4.1739193556484110E-02|        574|
 3|   2.900E+02|                 Infinity|   4.3153185200210310E-02|        537|
 3|   3.000E+02|                 Infinity|   4.8112522432468816E-02|        432|
 3|   3.100E+02|                 Infinity|   4.9568159709660962E-02|        407|
 3|   3.200E+02|                 Infinity|   5.4153036107388232E-02|        341|
 3|   3.300E+02|                 Infinity|   6.0084176812610968E-02|        277|
 3|   3.400E+02|                 Infinity|   6.1898446059017294E-02|        261|
 3|   3.500E+02|                 Infinity|   6.5372045046061339E-02|        234|
 3|   3.600E+02|                 Infinity|   6.7267279399631244E-02|        221|
 3|   3.700E+02|                 Infinity|   7.1428571428571425E-02|        196|
 3|   3.800E+02|                 Infinity|   6.9843029576957816E-02|        205|
 3|   3.900E+02|                 Infinity|   7.6923076923076927E-02|        169|
 3|   4.000E+02|                 Infinity|   9.5346258924559238E-02|        110|
 3|   4.100E+02|                 Infinity|   7.7151674981045956E-02|        168|
 3|   4.200E+02|                 Infinity|   9.0909090909090912E-02|        121|
 3|   4.300E+02|                 Infinity|   1.0425720702853739E-01|         92|
 3|   4.400E+02|                 Infinity|   1.0206207261596577E-01|         96|
 3|   4.500E+02|                 Infinity|   1.1111111111111110E-01|         81|
 3|   4.600E+02|                 Infinity|   1.2500000000000000E-01|         64|
 3|   4.700E+02|                 Infinity|   1.2909944487358055E-01|         60|
 3|   4.800E+02|                 Infinity|   1.4744195615489714E-01|         46|
 3|   4.900E+02|                 Infinity|   1.4586499149789456E-01|         47|
# integrated result:   5.1963126241642733E-06
#
# Histogram 4: pT(j1)                                            
 4|   0.000E+00|                      NaN|   0.0000000000000000E+00|          0|
 4|   1.000E+01|                 Infinity|   4.3355498476205998E-02|        532|
 4|   2.000E+01|                 Infinity|   2.5351006328169692E-02|       1556|
 4|   3.000E+01|                 Infinity|   2.0357354481251779E-02|       2413|
 4|   4.000E+01|                 Infinity|   1.7811762496977412E-02|       3152|
 4|   5.000E+01|                 Infinity|   1.6634353475582883E-02|       3614|
 4|   6.000E+01|                 Infinity|   1.5957672558078225E-02|       3927|
 4|   7.000E+01|                 Infinity|   1.5777895820254743E-02|       4017|
 4|   8.000E+01|                 Infinity|   1.5957672558078225E-02|       3927|
 4|   9.000E+01|                 Infinity|   1.6267153097966322E-02|       3779|
 4|   1.000E+02|                 Infinity|   1.6402261043504094E-02|       3717|
 4|   1.100E+02|                 Infinity|   1.6816819849907811E-02|       3536|
 4|   1.200E+02|                 Infinity|   1.7484762112905904E-02|       3271|
 4|   1.300E+02|                 Infinity|   1.8116060938618419E-02|       3047|
 4|   1.400E+02|                 Infinity|   1.8834429162764506E-02|       2819|
 4|   1.500E+02|                 Infinity|   1.9532889334101800E-02|       2621|
 4|   1.600E+02|                 Infinity|   2.0248557974359569E-02|       2439|
 4|   1.700E+02|                 Infinity|   2.1016567585459930E-02|       2264|
 4|   1.800E+02|                 Infinity|   2.2445006962161680E-02|       1985|
 4|   1.900E+02|                 Infinity|   2.2587697572631283E-02|       1960|
 4|   2.000E+02|                 Infinity|   2.3802777946288958E-02|       1765|
 4|   2.100E+02|                 Infinity|   2.4655683636076897E-02|       1645|
 4|   2.200E+02|                 Infinity|   2.6555952586407233E-02|       1418|
 4|   2.300E+02|                 Infinity|   2.7576371656986686E-02|       1315|
 4|   2.400E+02|                 Infinity|   2.8398091712353239E-02|       1240|
 4|   2.500E+02|                 Infinity|   3.0570892025787156E-02|       1070|
 4|   2.600E+02|                 Infinity|   3.1782086308186408E-02|        990|
 4|   2.700E+02|                 Infinity|   3.4199278402838471E-02|        855|
 4|   2.800E+02|                 Infinity|   3.6060922298730945E-02|        769|
 4|   2.900E+02|                 Infinity|   3.8490017945975050E-02|        675|
 4|   3.000E+02|                 Infinity|   3.8320083261967369E-02|        681|
 4|   3.100E+02|                 Infinity|   4.1922180815031851E-02|        569|
 4|   3.200E+02|                 Infinity|   4.4676705160877031E-02|        501|
 4|   3.300E+02|                 Infinity|   4.7298376984040214E-02|        447|
 4|   3.400E+02|                 Infinity|   4.7673129462279619E-02|        440|
 4|   3.500E+02|                 Infinity|   5.2851642258168990E-02|        358|
 4|   3.600E+02|                 Infinity|   5.3300179088902604E-02|        352|
 4|   3.700E+02|                 Infinity|   5.7353933467640436E-02|        304|
 4|   3.800E+02|                 Infinity|   6.3500063500095252E-02|        248|
 4|   3.900E+02|                 Infinity|   6.4820372355216441E-02|        238|
 4|   4.000E+02|                 Infinity|   7.0359754473029182E-02|        202|
 4|   4.100E+02|                 Infinity|   7.0014004201400484E-02|        204|
 4|   4.200E+02|                 Infinity|   7.9808688446762213E-02|        157|
 4|   4.300E+02|                 Infinity|   8.6066296582387042E-02|        135|
 4|   4.400E+02|                 Infinity|   8.7370405666103795E-02|        131|
 4|   4.500E+02|                 Infinity|   8.3918135829668908E-02|        142|
 4|   4.600E+02|                 Infinity|   1.0101525445522107E-01|         98|
 4|   4.700E+02|                 Infinity|   9.8058067569092022E-02|        104|
 4|   4.800E+02|                 Infinity|   1.1250879009260240E-01|         79|
 4|   4.900E+02|                 Infinity|   1.1547005383792514E-01|         75|
# integrated result:   5.1963126241642742E-06
#
# Histogram 5: dy(j1,j2)                                         
 5|  -5.000E+00|                 Infinity|   2.7874733666903025E-02|       1287|
 5|  -4.800E+00|                 Infinity|   2.6279416561381837E-02|       1448|
 5|  -4.600E+00|                 Infinity|   2.4210875062207954E-02|       1706|
 5|  -4.400E+00|                 Infinity|   2.2178456109386121E-02|       2033|
 5|  -4.200E+00|                 Infinity|   1.8467921378827943E-02|       2932|
 5|  -4.000E+00|                 Infinity|   1.5939417826583455E-02|       3936|
 5|  -3.800E+00|                 Infinity|   1.7062262896177707E-02|       3435|
 5|  -3.600E+00|                 Infinity|   1.7744336024691901E-02|       3176|
 5|  -3.400E+00|                 Infinity|   1.8777894154716993E-02|       2836|
 5|  -3.200E+00|                 Infinity|   1.8986581228931064E-02|       2774|
 5|  -3.000E+00|                 Infinity|   1.7989569074028863E-02|       3090|
 5|  -2.800E+00|                 Infinity|   1.7663875013688813E-02|       3205|
 5|  -2.600E+00|                 Infinity|   1.5923243882462051E-02|       3944|
 5|  -2.400E+00|                 Infinity|   1.5463506661142748E-02|       4182|
 5|  -2.200E+00|                 Infinity|   1.4811970539375384E-02|       4558|
 5|  -2.000E+00|                 Infinity|   1.8637135707254341E-02|       2879|
 5|  -1.800E+00|                 Infinity|   1.8048071892110839E-02|       3070|
 5|  -1.600E+00|                 Infinity|   2.1242964433104368E-02|       2216|
 5|  -1.400E+00|                 Infinity|   2.1611836153683839E-02|       2141|
 5|  -1.200E+00|                 Infinity|   2.0323692028323077E-02|       2421|
 5|  -1.000E+00|                 Infinity|   1.6391240239301070E-02|       3722|
 5|  -8.000E-01|                 Infinity|   1.8781205660633699E-02|       2835|
 5|  -6.000E-01|                 Infinity|   2.7524094128159017E-02|       1320|
 5|  -4.000E-01|                 Infinity|   3.3296357910601343E-02|        902|
 5|  -2.000E-01|                 Infinity|   3.0542361089076306E-02|       1072|
 5|   0.000E+00|                 Infinity|   3.8124642583151166E-02|        688|
 5|   2.000E-01|                 Infinity|   4.3355498476205998E-02|        532|
 5|   4.000E-01|                 Infinity|   4.7298376984040214E-02|        447|
 5|   6.000E-01|                 Infinity|   5.3994924715603881E-02|        343|
 5|   8.000E-01|                 Infinity|   7.3323557510676651E-02|        186|
 5|   1.000E+00|                 Infinity|   9.8532927816429319E-02|        103|
 5|   1.200E+00|                 Infinity|   1.0153461651336192E-01|         97|
 5|   1.400E+00|                 Infinity|   1.2598815766974239E-01|         63|
 5|   1.600E+00|                 Infinity|   1.5617376188860607E-01|         41|
 5|   1.800E+00|                 Infinity|   1.3483997249264842E-01|         55|
 5|   2.000E+00|                 Infinity|   1.7407765595569785E-01|         33|
 5|   2.200E+00|                 Infinity|   2.0851441405707477E-01|         23|
 5|   2.400E+00|                 Infinity|   2.0412414523193154E-01|         24|
 5|   2.600E+00|                 Infinity|   2.0412414523193154E-01|         24|
 5|   2.800E+00|                 Infinity|   2.5000000000000000E-01|         16|
 5|   3.000E+00|                 Infinity|   2.5819888974716110E-01|         15|
 5|   3.200E+00|                 Infinity|   3.1622776601683794E-01|         10|
 5|   3.400E+00|                 Infinity|   3.0151134457776363E-01|         11|
 5|   3.600E+00|                 Infinity|   3.3333333333333331E-01|          9|
 5|   3.800E+00|                 Infinity|   4.4721359549995793E-01|          5|
 5|   4.000E+00|                 Infinity|   3.7796447300922720E-01|          7|
 5|   4.200E+00|                 Infinity|   7.0710678118654746E-01|          2|
 5|   4.400E+00|                 Infinity|   7.0710678118654746E-01|          2|
 5|   4.600E+00|                 Infinity|   1.0000000000000000E+00|          1|
 5|   4.800E+00|                 Infinity|   7.0710678118654746E-01|          2|
# integrated result:   5.1963126241642725E-06
#
# Histogram 6: mz1                                               
 6|   0.000E+00|                      NaN|   0.0000000000000000E+00|          0|
 6|   2.000E+00|                      NaN|   0.0000000000000000E+00|          0|
 6|   4.000E+00|                 Infinity|   2.3137240669137377E-02|       1868|
 6|   6.000E+00|                 Infinity|   1.7587218033813176E-02|       3233|
 6|   8.000E+00|                 Infinity|   3.1591201180328175E-02|       1002|
 6|   1.000E+01|                 Infinity|   4.6126560401444250E-02|        470|
 6|   1.200E+01|                 Infinity|   4.0032038451271783E-02|        624|
 6|   1.400E+01|                 Infinity|   3.8348249442368518E-02|        680|
 6|   1.600E+01|                 Infinity|   5.7831493196624020E-02|        299|
 6|   1.800E+01|                 Infinity|   6.7115605521402430E-02|        222|
 6|   2.000E+01|                 Infinity|   6.2017367294604234E-02|        260|
 6|   2.200E+01|                 Infinity|   7.0014004201400484E-02|        204|
 6|   2.400E+01|                 Infinity|   6.7267279399631244E-02|        221|
 6|   2.600E+01|                 Infinity|   7.6923076923076927E-02|        169|
 6|   2.800E+01|                 Infinity|   8.4818892967997092E-02|        139|
 6|   3.000E+01|                 Infinity|   7.5592894601845442E-02|        175|
 6|   3.200E+01|                 Infinity|   8.1378845877115941E-02|        151|
 6|   3.400E+01|                 Infinity|   7.4535599249992993E-02|        180|
 6|   3.600E+01|                 Infinity|   6.8680281974344518E-02|        212|
 6|   3.800E+01|                 Infinity|   5.6343616981901101E-02|        315|
 6|   4.000E+01|                 Infinity|   4.0555355282690636E-02|        608|
 6|   4.200E+01|                 Infinity|   4.2835293687811936E-02|        545|
 6|   4.400E+01|                 Infinity|   4.0455669703136743E-02|        611|
 6|   4.600E+01|                 Infinity|   1.9626716799471491E-02|       2596|
 6|   4.800E+01|                 Infinity|   1.9551547175144377E-02|       2616|
 6|   5.000E+01|                 Infinity|   4.1030496993110906E-02|        594|
 6|   5.200E+01|                 Infinity|   3.9746431675858215E-02|        633|
 6|   5.400E+01|                 Infinity|   4.8336824452283177E-02|        428|
 6|   5.600E+01|                 Infinity|   5.4232614454664041E-02|        340|
 6|   5.800E+01|                 Infinity|   4.4676705160877031E-02|        501|
 6|   6.000E+01|                 Infinity|   4.9326362366699003E-02|        411|
 6|   6.200E+01|                 Infinity|   7.3127242412713067E-02|        187|
 6|   6.400E+01|                 Infinity|   6.6964953018242512E-02|        223|
 6|   6.600E+01|                 Infinity|   5.8123819371909642E-02|        296|
 6|   6.800E+01|                 Infinity|   4.6324105461207951E-02|        466|
 6|   7.000E+01|                 Infinity|   3.9253433598942983E-02|        649|
 6|   7.200E+01|                 Infinity|   4.2333375666730171E-02|        558|
 6|   7.400E+01|                 Infinity|   5.9234887775909233E-02|        285|
 6|   7.600E+01|                 Infinity|   5.1847584736521263E-02|        372|
 6|   7.800E+01|                 Infinity|   2.8375217691958290E-02|       1242|
 6|   8.000E+01|                 Infinity|   3.3222774709254770E-02|        906|
 6|   8.200E+01|                 Infinity|   4.1558581746169131E-02|        579|
 6|   8.400E+01|                 Infinity|   3.3314830232638482E-02|        901|
 6|   8.600E+01|                 Infinity|   1.9062321291575583E-02|       2752|
 6|   8.800E+01|                 Infinity|   1.4454852115694089E-02|       4786|
 6|   9.000E+01|                 Infinity|   8.7780108858287222E-03|      12978|
 6|   9.200E+01|                 Infinity|   9.3506960332760142E-03|      11437|
 6|   9.400E+01|                 Infinity|   1.0408763704854128E-02|       9230|
 6|   9.600E+01|                 Infinity|   1.8214966464911487E-02|       3014|
 6|   9.800E+01|                 Infinity|   5.1847584736521263E-02|        372|
 6|   1.000E+02|                 Infinity|   7.0359754473029182E-02|        202|
 6|   1.020E+02|                 Infinity|   7.6471911290187253E-02|        171|
 6|   1.040E+02|                 Infinity|   9.4915799575249898E-02|        111|
 6|   1.060E+02|                 Infinity|   1.1704114719613057E-01|         73|
 6|   1.080E+02|                 Infinity|   1.6903085094570330E-01|         35|
 6|   1.100E+02|                 Infinity|   1.4744195615489714E-01|         46|
 6|   1.120E+02|                 Infinity|   1.6439898730535729E-01|         37|
 6|   1.140E+02|                 Infinity|   2.3570226039551587E-01|         18|
 6|   1.160E+02|                 Infinity|   2.1320071635561041E-01|         22|
 6|   1.180E+02|                 Infinity|   2.6726124191242440E-01|         14|
 6|   1.200E+02|                 Infinity|   2.3570226039551587E-01|         18|
 6|   1.220E+02|                 Infinity|   3.1622776601683794E-01|         10|
 6|   1.240E+02|                 Infinity|   2.6726124191242440E-01|         14|
 6|   1.260E+02|                 Infinity|   2.3570226039551587E-01|         18|
 6|   1.280E+02|                 Infinity|   2.5819888974716110E-01|         15|
 6|   1.300E+02|                 Infinity|   2.8867513459481292E-01|         12|
 6|   1.320E+02|                 Infinity|   2.4253562503633297E-01|         17|
 6|   1.340E+02|                 Infinity|   3.3333333333333331E-01|          9|
 6|   1.360E+02|                 Infinity|   3.7796447300922720E-01|          7|
 6|   1.380E+02|                 Infinity|   3.7796447300922720E-01|          7|
 6|   1.400E+02|                 Infinity|   3.7796447300922720E-01|          7|
 6|   1.420E+02|                 Infinity|   4.4721359549995793E-01|          5|
 6|   1.440E+02|                 Infinity|   4.4721359549995793E-01|          5|
 6|   1.460E+02|                 Infinity|   7.0710678118654746E-01|          2|
 6|   1.480E+02|                 Infinity|   4.0824829046386307E-01|          6|
 6|   1.500E+02|                 Infinity|   5.0000000000000000E-01|          4|
 6|   1.520E+02|                 Infinity|   5.7735026918962584E-01|          3|
 6|   1.540E+02|                 Infinity|   4.0824829046386307E-01|          6|
 6|   1.560E+02|                 Infinity|   3.5355339059327373E-01|          8|
 6|   1.580E+02|                 Infinity|   4.0824829046386307E-01|          6|
 6|   1.600E+02|                 Infinity|   1.0000000000000000E+00|          1|
 6|   1.620E+02|                 Infinity|   7.0710678118654746E-01|          2|
 6|   1.640E+02|                 Infinity|   1.0000000000000000E+00|          1|
 6|   1.660E+02|                 Infinity|   5.0000000000000000E-01|          4|
 6|   1.680E+02|                 Infinity|   1.0000000000000000E+00|          1|
 6|   1.700E+02|                 Infinity|   5.0000000000000000E-01|          4|
 6|   1.720E+02|                 Infinity|   1.0000000000000000E+00|          1|
 6|   1.740E+02|                 Infinity|   5.0000000000000000E-01|          4|
 6|   1.760E+02|                      NaN|   0.0000000000000000E+00|          0|
 6|   1.780E+02|                 Infinity|   7.0710678118654746E-01|          2|
 6|   1.800E+02|                 Infinity|   1.0000000000000000E+00|          1|
 6|   1.820E+02|                 Infinity|   7.0710678118654746E-01|          2|
 6|   1.840E+02|                 Infinity|   1.0000000000000000E+00|          1|
 6|   1.860E+02|                      NaN|   0.0000000000000000E+00|          0|
 6|   1.880E+02|                 Infinity|   7.0710678118654746E-01|          2|
 6|   1.900E+02|                      NaN|   0.0000000000000000E+00|          0|
 6|   1.920E+02|                 Infinity|   7.0710678118654746E-01|          2|
 6|   1.940E+02|                 Infinity|   1.0000000000000000E+00|          1|
 6|   1.960E+02|                      NaN|   0.0000000000000000E+00|          0|
 6|   1.980E+02|                 Infinity|   7.0710678118654746E-01|          2|
# integrated result:   5.1963126241642623E-06
#
# Histogram 7: mz2                                               
 7|   0.000E+00|                      NaN|   0.0000000000000000E+00|          0|
 7|   2.000E+00|                      NaN|   0.0000000000000000E+00|          0|
 7|   4.000E+00|                 Infinity|   1.9230769230769232E-02|       2704|
 7|   6.000E+00|                 Infinity|   2.5070610528195009E-02|       1591|
 7|   8.000E+00|                 Infinity|   2.6297584151910851E-02|       1446|
 7|   1.000E+01|                 Infinity|   2.7287389727190907E-02|       1343|
 7|   1.200E+01|                 Infinity|   2.9787773436724965E-02|       1127|
 7|   1.400E+01|                 Infinity|   3.0934411244487297E-02|       1045|
 7|   1.600E+01|                 Infinity|   3.2157832069216574E-02|        967|
 7|   1.800E+01|                 Infinity|   3.2564480451291802E-02|        943|
 7|   2.000E+01|                 Infinity|   3.2191138998982523E-02|        965|
 7|   2.200E+01|                 Infinity|   3.3022909334191324E-02|        917|
 7|   2.400E+01|                 Infinity|   3.3389028164708894E-02|        897|
 7|   2.600E+01|                 Infinity|   3.4462275839778879E-02|        842|
 7|   2.800E+01|                 Infinity|   3.4482758620689655E-02|        841|
 7|   3.000E+01|                 Infinity|   3.5049981861639080E-02|        814|
 7|   3.200E+01|                 Infinity|   3.5245368842512066E-02|        805|
 7|   3.400E+01|                 Infinity|   3.3844872171120637E-02|        873|
 7|   3.600E+01|                 Infinity|   3.5049981861639080E-02|        814|
 7|   3.800E+01|                 Infinity|   3.7823473723611688E-02|        699|
 7|   4.000E+01|                 Infinity|   3.9405520311955031E-02|        644|
 7|   4.200E+01|                 Infinity|   3.9904344223381107E-02|        628|
 7|   4.400E+01|                 Infinity|   3.9715073539476883E-02|        634|
 7|   4.600E+01|                 Infinity|   3.8069349381344049E-02|        690|
 7|   4.800E+01|                 Infinity|   4.0000000000000001E-02|        625|
 7|   5.000E+01|                 Infinity|   3.9652579285907208E-02|        636|
 7|   5.200E+01|                 Infinity|   3.9621442587516369E-02|        637|
 7|   5.400E+01|                 Infinity|   4.0790850822400207E-02|        601|
 7|   5.600E+01|                 Infinity|   3.9193090083481028E-02|        651|
 7|   5.800E+01|                 Infinity|   4.1702882811414953E-02|        575|
 7|   6.000E+01|                 Infinity|   4.0258484111423729E-02|        617|
 7|   6.200E+01|                 Infinity|   4.1380294430118397E-02|        584|
 7|   6.400E+01|                 Infinity|   3.9777864208786498E-02|        632|
 7|   6.600E+01|                 Infinity|   3.7555788309433985E-02|        709|
 7|   6.800E+01|                 Infinity|   3.2791291789197645E-02|        930|
 7|   7.000E+01|                 Infinity|   3.3767600672658715E-02|        877|
 7|   7.200E+01|                 Infinity|   3.0429030972509229E-02|       1080|
 7|   7.400E+01|                 Infinity|   3.6131468676496206E-02|        766|
 7|   7.600E+01|                 Infinity|   4.5267873021259265E-02|        488|
 7|   7.800E+01|                 Infinity|   4.4632184267745179E-02|        502|
 7|   8.000E+01|                 Infinity|   3.7877700953928513E-02|        697|
 7|   8.200E+01|                 Infinity|   3.5874800166708763E-02|        777|
 7|   8.400E+01|                 Infinity|   2.2183912735402846E-02|       2032|
 7|   8.600E+01|                 Infinity|   2.0281847857870915E-02|       2431|
 7|   8.800E+01|                 Infinity|   1.2532351726590002E-02|       6367|
 7|   9.000E+01|                 Infinity|   9.6065069617372496E-03|      10836|
 7|   9.200E+01|                 Infinity|   1.6804942724441503E-02|       3541|
 7|   9.400E+01|                 Infinity|   1.6135329791560706E-02|       3841|
 7|   9.600E+01|                 Infinity|   3.9223227027636809E-02|        650|
 7|   9.800E+01|                 Infinity|   4.6126560401444250E-02|        470|
 7|   1.000E+02|                 Infinity|   5.6254395046301198E-02|        316|
 7|   1.020E+02|                 Infinity|   6.0084176812610968E-02|        277|
 7|   1.040E+02|                 Infinity|   6.3245553203367583E-02|        250|
 7|   1.060E+02|                 Infinity|   6.2622429108514954E-02|        255|
 7|   1.080E+02|                 Infinity|   6.6964953018242512E-02|        223|
 7|   1.100E+02|                 Infinity|   7.2739296745330792E-02|        189|
 7|   1.120E+02|                 Infinity|   7.1611487403943297E-02|        195|
 7|   1.140E+02|                 Infinity|   7.0710678118654752E-02|        200|
 7|   1.160E+02|                 Infinity|   7.1066905451870152E-02|        198|
 7|   1.180E+02|                 Infinity|   6.2136976600120006E-02|        259|
 7|   1.200E+02|                 Infinity|   6.6519010523773930E-02|        226|
 7|   1.220E+02|                 Infinity|   6.1429511683395117E-02|        265|
 7|   1.240E+02|                 Infinity|   6.6226617853252193E-02|        228|
 7|   1.260E+02|                 Infinity|   6.1662641597820735E-02|        263|
 7|   1.280E+02|                 Infinity|   6.2136976600120006E-02|        259|
 7|   1.300E+02|                 Infinity|   6.9171446386607466E-02|        209|
 7|   1.320E+02|                 Infinity|   6.3628476297577771E-02|        247|
 7|   1.340E+02|                 Infinity|   7.0710678118654752E-02|        200|
 7|   1.360E+02|                 Infinity|   7.6249285166302333E-02|        172|
 7|   1.380E+02|                 Infinity|   8.2478609884232251E-02|        147|
 7|   1.400E+02|                 Infinity|   8.3045479853739973E-02|        145|
 7|   1.420E+02|                 Infinity|   8.6710996952411995E-02|        133|
 7|   1.440E+02|                 Infinity|   8.6386842558136015E-02|        134|
 7|   1.460E+02|                 Infinity|   8.4818892967997092E-02|        139|
 7|   1.480E+02|                 Infinity|   9.1287092917527679E-02|        120|
 7|   1.500E+02|                 Infinity|   9.7590007294853329E-02|        105|
 7|   1.520E+02|                 Infinity|   9.9014754297667443E-02|        102|
 7|   1.540E+02|                 Infinity|   9.9503719020998915E-02|        101|
 7|   1.560E+02|                 Infinity|   1.0540925533894598E-01|         90|
 7|   1.580E+02|                 Infinity|   1.0599978800063600E-01|         89|
 7|   1.600E+02|                 Infinity|   1.1396057645963795E-01|         77|
 7|   1.620E+02|                 Infinity|   1.1043152607484653E-01|         82|
 7|   1.640E+02|                 Infinity|   1.1704114719613057E-01|         73|
 7|   1.660E+02|                 Infinity|   1.1470786693528087E-01|         76|
 7|   1.680E+02|                 Infinity|   1.0910894511799619E-01|         84|
 7|   1.700E+02|                 Infinity|   1.1396057645963795E-01|         77|
 7|   1.720E+02|                 Infinity|   1.2598815766974239E-01|         63|
 7|   1.740E+02|                 Infinity|   1.3608276348795434E-01|         54|
 7|   1.760E+02|                 Infinity|   1.4586499149789456E-01|         47|
 7|   1.780E+02|                 Infinity|   1.4142135623730950E-01|         50|
 7|   1.800E+02|                 Infinity|   1.3608276348795434E-01|         54|
 7|   1.820E+02|                 Infinity|   1.4142135623730950E-01|         50|
 7|   1.840E+02|                 Infinity|   1.5617376188860607E-01|         41|
 7|   1.860E+02|                 Infinity|   1.4744195615489714E-01|         46|
 7|   1.880E+02|                 Infinity|   1.5811388300841897E-01|         40|
 7|   1.900E+02|                 Infinity|   1.8569533817705186E-01|         29|
 7|   1.920E+02|                 Infinity|   1.8898223650461360E-01|         28|
 7|   1.940E+02|                 Infinity|   1.7677669529663687E-01|         32|
 7|   1.960E+02|                 Infinity|   1.7149858514250882E-01|         34|
 7|   1.980E+02|                 Infinity|   1.5617376188860607E-01|         41|
# integrated result:   5.1963126241642665E-06
#
# Histogram 8: m_4l                                              
 8|   1.000E+02|                 Infinity|   8.3238011026185461E-03|      14433|
 8|   1.400E+02|                 Infinity|   8.4633389905601347E-03|      13961|
 8|   1.800E+02|                 Infinity|   9.5572424987419285E-03|      10948|
 8|   2.200E+02|                 Infinity|   1.1436229264294624E-02|       7646|
 8|   2.600E+02|                 Infinity|   1.3895591697487601E-02|       5179|
 8|   3.000E+02|                 Infinity|   1.6895845568892596E-02|       3503|
 8|   3.400E+02|                 Infinity|   2.0194809793050484E-02|       2452|
 8|   3.800E+02|                 Infinity|   2.2750787759664503E-02|       1932|
 8|   4.200E+02|                 Infinity|   2.6812446008585931E-02|       1391|
 8|   4.600E+02|                 Infinity|   2.8747978728803449E-02|       1210|
 8|   5.000E+02|                 Infinity|   3.4360406637202474E-02|        847|
 8|   5.400E+02|                 Infinity|   3.6735917918532250E-02|        741|
 8|   5.800E+02|                 Infinity|   4.1775599314435682E-02|        573|
 8|   6.200E+02|                 Infinity|   4.9507377148833721E-02|        408|
 8|   6.600E+02|                 Infinity|   5.3994924715603881E-02|        343|
 8|   7.000E+02|                 Infinity|   5.5384877562171128E-02|        326|
 8|   7.400E+02|                 Infinity|   6.4549722436790274E-02|        240|
 8|   7.800E+02|                 Infinity|   7.5809804357890337E-02|        174|
 8|   8.200E+02|                 Infinity|   8.7038827977848926E-02|        132|
 8|   8.600E+02|                 Infinity|   9.3658581158169399E-02|        114|
 8|   9.000E+02|                 Infinity|   1.1043152607484653E-01|         82|
 8|   9.400E+02|                 Infinity|   1.3867504905630729E-01|         52|
 8|   9.800E+02|                 Infinity|   1.3018891098082389E-01|         59|
 8|   1.020E+03|                 Infinity|   1.4433756729740646E-01|         48|
 8|   1.060E+03|                 Infinity|   1.8257418583505536E-01|         30|
 8|   1.100E+03|                 Infinity|   1.6666666666666666E-01|         36|
 8|   1.140E+03|                 Infinity|   2.0412414523193154E-01|         24|
 8|   1.180E+03|                 Infinity|   2.6726124191242440E-01|         14|
 8|   1.220E+03|                 Infinity|   2.2941573387056174E-01|         19|
 8|   1.260E+03|                 Infinity|   3.0151134457776363E-01|         11|
 8|   1.300E+03|                 Infinity|   2.8867513459481292E-01|         12|
 8|   1.340E+03|                 Infinity|   3.3333333333333331E-01|          9|
 8|   1.380E+03|                 Infinity|   3.7796447300922720E-01|          7|
 8|   1.420E+03|                 Infinity|   5.7735026918962584E-01|          3|
 8|   1.460E+03|                 Infinity|   3.7796447300922720E-01|          7|
 8|   1.500E+03|                 Infinity|   3.7796447300922720E-01|          7|
 8|   1.540E+03|                 Infinity|   5.7735026918962584E-01|          3|
 8|   1.580E+03|                 Infinity|   5.7735026918962584E-01|          3|
 8|   1.620E+03|                 Infinity|   5.7735026918962584E-01|          3|
 8|   1.660E+03|                 Infinity|   7.0710678118654746E-01|          2|
 8|   1.700E+03|                 Infinity|   1.0000000000000000E+00|          1|
 8|   1.740E+03|                 Infinity|   7.0710678118654746E-01|          2|
 8|   1.780E+03|                      NaN|   0.0000000000000000E+00|          0|
 8|   1.820E+03|                 Infinity|   1.0000000000000000E+00|          1|
 8|   1.860E+03|                 Infinity|   1.0000000000000000E+00|          1|
 8|   1.900E+03|                 Infinity|   5.7735026918962584E-01|          3|
 8|   1.940E+03|                 Infinity|   7.0710678118654746E-01|          2|
 8|   1.980E+03|                      NaN|   0.0000000000000000E+00|          0|
 8|   2.020E+03|                      NaN|   0.0000000000000000E+00|          0|
 8|   2.060E+03|                      NaN|   0.0000000000000000E+00|          0|
 8|   2.100E+03|                      NaN|   0.0000000000000000E+00|          0|
 8|   2.140E+03|                      NaN|   0.0000000000000000E+00|          0|
 8|   2.180E+03|                 Infinity|   1.0000000000000000E+00|          1|
 8|   2.220E+03|                      NaN|   0.0000000000000000E+00|          0|
 8|   2.260E+03|                      NaN|   0.0000000000000000E+00|          0|
 8|   2.300E+03|                 Infinity|   5.7735026918962584E-01|          3|
 8|   2.340E+03|                      NaN|   0.0000000000000000E+00|          0|
 8|   2.380E+03|                      NaN|   0.0000000000000000E+00|          0|
 8|   2.420E+03|                      NaN|   0.0000000000000000E+00|          0|
 8|   2.460E+03|                 Infinity|   1.0000000000000000E+00|          1|
 8|   2.500E+03|                 Infinity|   1.0000000000000000E+00|          1|
 8|   2.540E+03|                      NaN|   0.0000000000000000E+00|          0|
 8|   2.580E+03|                      NaN|   0.0000000000000000E+00|          0|
 8|   2.620E+03|                 Infinity|   1.0000000000000000E+00|          1|
 8|   2.660E+03|                      NaN|   0.0000000000000000E+00|          0|
 8|   2.700E+03|                      NaN|   0.0000000000000000E+00|          0|
 8|   2.740E+03|                      NaN|   0.0000000000000000E+00|          0|
 8|   2.780E+03|                      NaN|   0.0000000000000000E+00|          0|
 8|   2.820E+03|                      NaN|   0.0000000000000000E+00|          0|
 8|   2.860E+03|                      NaN|   0.0000000000000000E+00|          0|
 8|   2.900E+03|                      NaN|   0.0000000000000000E+00|          0|
 8|   2.940E+03|                 Infinity|   1.0000000000000000E+00|          1|
 8|   2.980E+03|                      NaN|   0.0000000000000000E+00|          0|
 8|   3.020E+03|                      NaN|   0.0000000000000000E+00|          0|
 8|   3.060E+03|                      NaN|   0.0000000000000000E+00|          0|
 8|   3.100E+03|                      NaN|   0.0000000000000000E+00|          0|
 8|   3.140E+03|                      NaN|   0.0000000000000000E+00|          0|
 8|   3.180E+03|                      NaN|   0.0000000000000000E+00|          0|
 8|   3.220E+03|                      NaN|   0.0000000000000000E+00|          0|
 8|   3.260E+03|                      NaN|   0.0000000000000000E+00|          0|
 8|   3.300E+03|                      NaN|   0.0000000000000000E+00|          0|
 8|   3.340E+03|                      NaN|   0.0000000000000000E+00|          0|
 8|   3.380E+03|                      NaN|   0.0000000000000000E+00|          0|
 8|   3.420E+03|                      NaN|   0.0000000000000000E+00|          0|
 8|   3.460E+03|                      NaN|   0.0000000000000000E+00|          0|
 8|   3.500E+03|                      NaN|   0.0000000000000000E+00|          0|
 8|   3.540E+03|                      NaN|   0.0000000000000000E+00|          0|
 8|   3.580E+03|                      NaN|   0.0000000000000000E+00|          0|
 8|   3.620E+03|                      NaN|   0.0000000000000000E+00|          0|
 8|   3.660E+03|                      NaN|   0.0000000000000000E+00|          0|
 8|   3.700E+03|                      NaN|   0.0000000000000000E+00|          0|
 8|   3.740E+03|                      NaN|   0.0000000000000000E+00|          0|
 8|   3.780E+03|                      NaN|   0.0000000000000000E+00|          0|
 8|   3.820E+03|                      NaN|   0.0000000000000000E+00|          0|
 8|   3.860E+03|                      NaN|   0.0000000000000000E+00|          0|
 8|   3.900E+03|                      NaN|   0.0000000000000000E+00|          0|
 8|   3.940E+03|                      NaN|   0.0000000000000000E+00|          0|
 8|   3.980E+03|                      NaN|   0.0000000000000000E+00|          0|
 8|   4.020E+03|                      NaN|   0.0000000000000000E+00|          0|
 8|   4.060E+03|                      NaN|   0.0000000000000000E+00|          0|
# integrated result:   5.1963126241642682E-06
#
# Histogram 9: m_4l                                              
 9|   8.500E+01|                 Infinity|   6.9171446386607466E-02|        209|
 9|   8.600E+01|                 Infinity|   7.1981575074869450E-02|        193|
 9|   8.700E+01|                 Infinity|   7.6696498884737035E-02|        170|
 9|   8.800E+01|                 Infinity|   8.0582296402538028E-02|        154|
 9|   8.900E+01|                 Infinity|   8.3045479853739973E-02|        145|
 9|   9.000E+01|                 Infinity|   8.6066296582387042E-02|        135|
 9|   9.100E+01|                 Infinity|   9.0909090909090912E-02|        121|
 9|   9.200E+01|                 Infinity|   9.4491118252306799E-02|        112|
 9|   9.300E+01|                 Infinity|   8.7370405666103795E-02|        131|
 9|   9.400E+01|                 Infinity|   8.2478609884232251E-02|        147|
 9|   9.500E+01|                 Infinity|   8.1923192051904056E-02|        149|
 9|   9.600E+01|                 Infinity|   8.4515425472851652E-02|        140|
 9|   9.700E+01|                 Infinity|   7.6028592126970551E-02|        173|
 9|   9.800E+01|                 Infinity|   7.6696498884737035E-02|        170|
 9|   9.900E+01|                 Infinity|   6.8358592702466331E-02|        214|
 9|   1.000E+02|                 Infinity|   7.0359754473029182E-02|        202|
 9|   1.010E+02|                 Infinity|   6.2136976600120006E-02|        259|
 9|   1.020E+02|                 Infinity|   5.9028133610095526E-02|        287|
 9|   1.030E+02|                 Infinity|   5.4964970992931267E-02|        331|
 9|   1.040E+02|                 Infinity|   5.6165595630173037E-02|        317|
 9|   1.050E+02|                 Infinity|   5.4635836470815310E-02|        335|
 9|   1.060E+02|                 Infinity|   5.3224629541234948E-02|        353|
 9|   1.070E+02|                 Infinity|   5.2704627669472988E-02|        360|
 9|   1.080E+02|                 Infinity|   5.0702012656339383E-02|        389|
 9|   1.090E+02|                 Infinity|   5.0062617432175889E-02|        399|
 9|   1.100E+02|                 Infinity|   5.2704627669472988E-02|        360|
 9|   1.110E+02|                 Infinity|   5.2342392259021375E-02|        365|
 9|   1.120E+02|                 Infinity|   5.1231551957855996E-02|        381|
 9|   1.130E+02|                 Infinity|   5.2199575097188054E-02|        367|
 9|   1.140E+02|                 Infinity|   4.8507125007266595E-02|        425|
 9|   1.150E+02|                 Infinity|   4.8737017882857933E-02|        421|
 9|   1.160E+02|                 Infinity|   4.9568159709660962E-02|        407|
 9|   1.170E+02|                 Infinity|   4.9147318718299048E-02|        414|
 9|   1.180E+02|                 Infinity|   5.1847584736521263E-02|        372|
 9|   1.190E+02|                 Infinity|   5.3916386601719206E-02|        344|
 9|   1.200E+02|                 Infinity|   5.1778037307849772E-02|        373|
 9|   1.210E+02|                 Infinity|   5.0767308256680958E-02|        388|
 9|   1.220E+02|                 Infinity|   5.0964719143762556E-02|        385|
 9|   1.230E+02|                 Infinity|   5.2128603514268693E-02|        368|
 9|   1.240E+02|                 Infinity|   5.3682812709501898E-02|        347|
 9|   1.250E+02|                 Infinity|   5.1987524491003641E-02|        370|
 9|   1.260E+02|                 Infinity|   5.1502620262460476E-02|        377|
 9|   1.270E+02|                 Infinity|   5.2925612402496311E-02|        357|
 9|   1.280E+02|                 Infinity|   5.2486388108147798E-02|        363|
 9|   1.290E+02|                 Infinity|   5.2851642258168990E-02|        358|
 9|   1.300E+02|                 Infinity|   5.1231551957855996E-02|        381|
 9|   1.310E+02|                 Infinity|   5.3682812709501898E-02|        347|
 9|   1.320E+02|                 Infinity|   5.1366549693751415E-02|        379|
 9|   1.330E+02|                 Infinity|   4.9147318718299048E-02|        414|
 9|   1.340E+02|                 Infinity|   5.1434449987363969E-02|        378|
# integrated result:   5.1963126241642259E-06
#
# Histogram10: Phi1                                              
10|  -3.142E+00|                 Infinity|   2.4375747470904357E-02|       1683|
10|  -2.985E+00|                 Infinity|   2.4685714930565622E-02|       1641|
10|  -2.827E+00|                 Infinity|   2.4310831916315757E-02|       1692|
10|  -2.670E+00|                 Infinity|   2.4133196686197629E-02|       1717|
10|  -2.513E+00|                 Infinity|   2.5237723256253435E-02|       1570|
10|  -2.356E+00|                 Infinity|   2.6379807127383248E-02|       1437|
10|  -2.199E+00|                 Infinity|   2.5474090105633382E-02|       1541|
10|  -2.042E+00|                 Infinity|   2.4021532944603168E-02|       1733|
10|  -1.885E+00|                 Infinity|   2.2651349466027825E-02|       1949|
10|  -1.728E+00|                 Infinity|   2.2227711223719353E-02|       2024|
10|  -1.571E+00|                 Infinity|   2.0502309202618241E-02|       2379|
10|  -1.414E+00|                 Infinity|   2.0610891199164320E-02|       2354|
10|  -1.257E+00|                 Infinity|   2.2173003507924643E-02|       2034|
10|  -1.100E+00|                 Infinity|   2.1632053030091192E-02|       2137|
10|  -9.425E-01|                 Infinity|   2.3306287835877171E-02|       1841|
10|  -7.854E-01|                 Infinity|   2.3993858358289818E-02|       1737|
10|  -6.283E-01|                 Infinity|   2.5482359571881278E-02|       1540|
10|  -4.713E-01|                 Infinity|   2.6716584257263240E-02|       1401|
10|  -3.142E-01|                 Infinity|   2.6593487520457093E-02|       1414|
10|  -1.571E-01|                 Infinity|   2.7358782758229137E-02|       1336|
10|  -3.000E-05|                 Infinity|   2.7256963340035873E-02|       1346|
10|   1.570E-01|                 Infinity|   2.6909347105086238E-02|       1381|
10|   3.141E-01|                 Infinity|   2.6297584151910851E-02|       1446|
10|   4.712E-01|                 Infinity|   2.4845199749997663E-02|       1620|
10|   6.283E-01|                 Infinity|   2.3775851718273702E-02|       1769|
10|   7.854E-01|                 Infinity|   2.2803964585835359E-02|       1923|
10|   9.424E-01|                 Infinity|   2.1806218711931721E-02|       2103|
10|   1.100E+00|                 Infinity|   2.0716769761626043E-02|       2330|
10|   1.257E+00|                 Infinity|   1.9638067190858487E-02|       2593|
10|   1.414E+00|                 Infinity|   1.9422053054479065E-02|       2651|
10|   1.571E+00|                 Infinity|   2.0928930907403050E-02|       2283|
10|   1.728E+00|                 Infinity|   2.1049133398705719E-02|       2257|
10|   1.885E+00|                 Infinity|   2.2935538512984369E-02|       1901|
10|   2.042E+00|                 Infinity|   2.4412037125463699E-02|       1678|
10|   2.199E+00|                 Infinity|   2.4976595407570312E-02|       1603|
10|   2.356E+00|                 Infinity|   2.5047007249281213E-02|       1594|
10|   2.513E+00|                 Infinity|   2.3243246638896761E-02|       1851|
10|   2.670E+00|                 Infinity|   2.4296476537493127E-02|       1694|
10|   2.827E+00|                 Infinity|   2.4382992454708537E-02|       1682|
10|   2.984E+00|                 Infinity|   2.4753688574416861E-02|       1632|
# integrated result:   5.1963126241642716E-06
#
