#
# column #1=histogram, #2=x-axis bin, #3=binned cross-section, #4=error, #5=number of events 
# this can be easily plotted in gnuplot with the commands:
#    NHi=3
#    plot 'output.dat' using ($2):($1==NHi ? $3 : 1/0) w st
# where NHi selects the histogram
#
#
# run time =      -0.00min
# TotCS =      1.2308752776E-04           1.38935E-05
#
# Histogram 1: m_jj                                              
 1|   0.000E+00|                      NaN|   0.0000000000000000E+00|          0|
 1|   5.000E+01|                 Infinity|   3.7745794078946774E-03|      70188|
 1|   1.000E+02|                 Infinity|   1.3352336846748284E-02|       5609|
 1|   1.500E+02|                 Infinity|   9.8532927816429319E-02|        103|
 1|   2.000E+02|                 Infinity|   1.8898223650461360E-01|         28|
 1|   2.500E+02|                 Infinity|   3.3333333333333331E-01|          9|
 1|   3.000E+02|                 Infinity|   4.4721359549995793E-01|          5|
 1|   3.500E+02|                      NaN|   0.0000000000000000E+00|          0|
 1|   4.000E+02|                      NaN|   0.0000000000000000E+00|          0|
 1|   4.500E+02|                      NaN|   0.0000000000000000E+00|          0|
 1|   5.000E+02|                      NaN|   0.0000000000000000E+00|          0|
 1|   5.500E+02|                      NaN|   0.0000000000000000E+00|          0|
 1|   6.000E+02|                      NaN|   0.0000000000000000E+00|          0|
 1|   6.500E+02|                      NaN|   0.0000000000000000E+00|          0|
 1|   7.000E+02|                      NaN|   0.0000000000000000E+00|          0|
 1|   7.500E+02|                      NaN|   0.0000000000000000E+00|          0|
 1|   8.000E+02|                      NaN|   0.0000000000000000E+00|          0|
 1|   8.500E+02|                      NaN|   0.0000000000000000E+00|          0|
 1|   9.000E+02|                      NaN|   0.0000000000000000E+00|          0|
 1|   9.500E+02|                      NaN|   0.0000000000000000E+00|          0|
 1|   1.000E+03|                      NaN|   0.0000000000000000E+00|          0|
 1|   1.050E+03|                      NaN|   0.0000000000000000E+00|          0|
 1|   1.100E+03|                      NaN|   0.0000000000000000E+00|          0|
 1|   1.150E+03|                      NaN|   0.0000000000000000E+00|          0|
 1|   1.200E+03|                      NaN|   0.0000000000000000E+00|          0|
 1|   1.250E+03|                      NaN|   0.0000000000000000E+00|          0|
 1|   1.300E+03|                      NaN|   0.0000000000000000E+00|          0|
 1|   1.350E+03|                      NaN|   0.0000000000000000E+00|          0|
 1|   1.400E+03|                      NaN|   0.0000000000000000E+00|          0|
 1|   1.450E+03|                      NaN|   0.0000000000000000E+00|          0|
 1|   1.500E+03|                      NaN|   0.0000000000000000E+00|          0|
 1|   1.550E+03|                      NaN|   0.0000000000000000E+00|          0|
 1|   1.600E+03|                      NaN|   0.0000000000000000E+00|          0|
 1|   1.650E+03|                      NaN|   0.0000000000000000E+00|          0|
 1|   1.700E+03|                      NaN|   0.0000000000000000E+00|          0|
 1|   1.750E+03|                      NaN|   0.0000000000000000E+00|          0|
 1|   1.800E+03|                      NaN|   0.0000000000000000E+00|          0|
 1|   1.850E+03|                      NaN|   0.0000000000000000E+00|          0|
 1|   1.900E+03|                      NaN|   0.0000000000000000E+00|          0|
 1|   1.950E+03|                      NaN|   0.0000000000000000E+00|          0|
 1|   2.000E+03|                      NaN|   0.0000000000000000E+00|          0|
 1|   2.050E+03|                      NaN|   0.0000000000000000E+00|          0|
 1|   2.100E+03|                      NaN|   0.0000000000000000E+00|          0|
 1|   2.150E+03|                      NaN|   0.0000000000000000E+00|          0|
 1|   2.200E+03|                      NaN|   0.0000000000000000E+00|          0|
 1|   2.250E+03|                      NaN|   0.0000000000000000E+00|          0|
 1|   2.300E+03|                      NaN|   0.0000000000000000E+00|          0|
 1|   2.350E+03|                      NaN|   0.0000000000000000E+00|          0|
 1|   2.400E+03|                      NaN|   0.0000000000000000E+00|          0|
 1|   2.450E+03|                      NaN|   0.0000000000000000E+00|          0|
 1|   2.500E+03|                      NaN|   0.0000000000000000E+00|          0|
 1|   2.550E+03|                      NaN|   0.0000000000000000E+00|          0|
 1|   2.600E+03|                      NaN|   0.0000000000000000E+00|          0|
 1|   2.650E+03|                      NaN|   0.0000000000000000E+00|          0|
 1|   2.700E+03|                      NaN|   0.0000000000000000E+00|          0|
 1|   2.750E+03|                      NaN|   0.0000000000000000E+00|          0|
 1|   2.800E+03|                      NaN|   0.0000000000000000E+00|          0|
 1|   2.850E+03|                      NaN|   0.0000000000000000E+00|          0|
 1|   2.900E+03|                      NaN|   0.0000000000000000E+00|          0|
 1|   2.950E+03|                      NaN|   0.0000000000000000E+00|          0|
 1|   3.000E+03|                      NaN|   0.0000000000000000E+00|          0|
 1|   3.050E+03|                      NaN|   0.0000000000000000E+00|          0|
 1|   3.100E+03|                      NaN|   0.0000000000000000E+00|          0|
 1|   3.150E+03|                      NaN|   0.0000000000000000E+00|          0|
 1|   3.200E+03|                      NaN|   0.0000000000000000E+00|          0|
 1|   3.250E+03|                      NaN|   0.0000000000000000E+00|          0|
 1|   3.300E+03|                      NaN|   0.0000000000000000E+00|          0|
 1|   3.350E+03|                      NaN|   0.0000000000000000E+00|          0|
 1|   3.400E+03|                      NaN|   0.0000000000000000E+00|          0|
 1|   3.450E+03|                      NaN|   0.0000000000000000E+00|          0|
 1|   3.500E+03|                      NaN|   0.0000000000000000E+00|          0|
 1|   3.550E+03|                      NaN|   0.0000000000000000E+00|          0|
 1|   3.600E+03|                      NaN|   0.0000000000000000E+00|          0|
 1|   3.650E+03|                      NaN|   0.0000000000000000E+00|          0|
 1|   3.700E+03|                      NaN|   0.0000000000000000E+00|          0|
 1|   3.750E+03|                      NaN|   0.0000000000000000E+00|          0|
 1|   3.800E+03|                      NaN|   0.0000000000000000E+00|          0|
 1|   3.850E+03|                      NaN|   0.0000000000000000E+00|          0|
 1|   3.900E+03|                      NaN|   0.0000000000000000E+00|          0|
 1|   3.950E+03|                      NaN|   0.0000000000000000E+00|          0|
 1|   4.000E+03|                      NaN|   0.0000000000000000E+00|          0|
 1|   4.050E+03|                      NaN|   0.0000000000000000E+00|          0|
 1|   4.100E+03|                      NaN|   0.0000000000000000E+00|          0|
 1|   4.150E+03|                      NaN|   0.0000000000000000E+00|          0|
 1|   4.200E+03|                      NaN|   0.0000000000000000E+00|          0|
 1|   4.250E+03|                      NaN|   0.0000000000000000E+00|          0|
 1|   4.300E+03|                      NaN|   0.0000000000000000E+00|          0|
 1|   4.350E+03|                      NaN|   0.0000000000000000E+00|          0|
 1|   4.400E+03|                      NaN|   0.0000000000000000E+00|          0|
 1|   4.450E+03|                      NaN|   0.0000000000000000E+00|          0|
 1|   4.500E+03|                      NaN|   0.0000000000000000E+00|          0|
 1|   4.550E+03|                      NaN|   0.0000000000000000E+00|          0|
 1|   4.600E+03|                      NaN|   0.0000000000000000E+00|          0|
 1|   4.650E+03|                      NaN|   0.0000000000000000E+00|          0|
 1|   4.700E+03|                      NaN|   0.0000000000000000E+00|          0|
 1|   4.750E+03|                      NaN|   0.0000000000000000E+00|          0|
 1|   4.800E+03|                      NaN|   0.0000000000000000E+00|          0|
 1|   4.850E+03|                      NaN|   0.0000000000000000E+00|          0|
 1|   4.900E+03|                      NaN|   0.0000000000000000E+00|          0|
 1|   4.950E+03|                      NaN|   0.0000000000000000E+00|          0|
# integrated result:   1.2308752775860794E-04
#
# Histogram 2: m_jj                                              
 2|   0.000E+00|                      NaN|   0.0000000000000000E+00|          0|
 2|   2.000E+00|                      NaN|   0.0000000000000000E+00|          0|
 2|   4.000E+00|                      NaN|   0.0000000000000000E+00|          0|
 2|   6.000E+00|                      NaN|   0.0000000000000000E+00|          0|
 2|   8.000E+00|                      NaN|   0.0000000000000000E+00|          0|
 2|   1.000E+01|                      NaN|   0.0000000000000000E+00|          0|
 2|   1.200E+01|                      NaN|   0.0000000000000000E+00|          0|
 2|   1.400E+01|                      NaN|   0.0000000000000000E+00|          0|
 2|   1.600E+01|                      NaN|   0.0000000000000000E+00|          0|
 2|   1.800E+01|                      NaN|   0.0000000000000000E+00|          0|
 2|   2.000E+01|                      NaN|   0.0000000000000000E+00|          0|
 2|   2.200E+01|                      NaN|   0.0000000000000000E+00|          0|
 2|   2.400E+01|                      NaN|   0.0000000000000000E+00|          0|
 2|   2.600E+01|                      NaN|   0.0000000000000000E+00|          0|
 2|   2.800E+01|                      NaN|   0.0000000000000000E+00|          0|
 2|   3.000E+01|                      NaN|   0.0000000000000000E+00|          0|
 2|   3.200E+01|                      NaN|   0.0000000000000000E+00|          0|
 2|   3.400E+01|                      NaN|   0.0000000000000000E+00|          0|
 2|   3.600E+01|                      NaN|   0.0000000000000000E+00|          0|
 2|   3.800E+01|                      NaN|   0.0000000000000000E+00|          0|
 2|   4.000E+01|                      NaN|   0.0000000000000000E+00|          0|
 2|   4.200E+01|                      NaN|   0.0000000000000000E+00|          0|
 2|   4.400E+01|                      NaN|   0.0000000000000000E+00|          0|
 2|   4.600E+01|                      NaN|   0.0000000000000000E+00|          0|
 2|   4.800E+01|                      NaN|   0.0000000000000000E+00|          0|
 2|   5.000E+01|                      NaN|   0.0000000000000000E+00|          0|
 2|   5.200E+01|                      NaN|   0.0000000000000000E+00|          0|
 2|   5.400E+01|                      NaN|   0.0000000000000000E+00|          0|
 2|   5.600E+01|                      NaN|   0.0000000000000000E+00|          0|
 2|   5.800E+01|                      NaN|   0.0000000000000000E+00|          0|
 2|   6.000E+01|                      NaN|   0.0000000000000000E+00|          0|
 2|   6.200E+01|                      NaN|   0.0000000000000000E+00|          0|
 2|   6.400E+01|                      NaN|   0.0000000000000000E+00|          0|
 2|   6.600E+01|                      NaN|   0.0000000000000000E+00|          0|
 2|   6.800E+01|                      NaN|   0.0000000000000000E+00|          0|
 2|   7.000E+01|                 Infinity|   3.4668762264076822E-02|        832|
 2|   7.200E+01|                 Infinity|   3.5967500063280318E-02|        773|
 2|   7.400E+01|                 Infinity|   3.7319668543103798E-02|        718|
 2|   7.600E+01|                 Infinity|   3.7769478730024897E-02|        701|
 2|   7.800E+01|                 Infinity|   3.4020690871988585E-02|        864|
 2|   8.000E+01|                 Infinity|   2.9643458336437611E-02|       1138|
 2|   8.200E+01|                 Infinity|   3.2933246096939213E-02|        922|
 2|   8.400E+01|                 Infinity|   2.3008272961461865E-02|       1889|
 2|   8.600E+01|                 Infinity|   1.7386703560518024E-02|       3308|
 2|   8.800E+01|                 Infinity|   9.6149401480251709E-03|      10817|
 2|   9.000E+01|                 Infinity|   6.1456187138838941E-03|      26477|
 2|   9.200E+01|                 Infinity|   9.3133126037852100E-03|      11529|
 2|   9.400E+01|                 Infinity|   1.2940173534066750E-02|       5972|
 2|   9.600E+01|                 Infinity|   1.9698936975548399E-02|       2577|
 2|   9.800E+01|                 Infinity|   2.4463116021507716E-02|       1671|
 2|   1.000E+02|                 Infinity|   2.5245764589341441E-02|       1569|
 2|   1.020E+02|                 Infinity|   3.1992834407549194E-02|        977|
 2|   1.040E+02|                 Infinity|   4.5738935374634825E-02|        478|
 2|   1.060E+02|                 Infinity|   5.6433264798310033E-02|        314|
 2|   1.080E+02|                 Infinity|   4.5360921162651446E-02|        486|
 2|   1.100E+02|                 Infinity|   3.8376477822666816E-02|        679|
 2|   1.120E+02|                 Infinity|   4.4065264923923174E-02|        515|
 2|   1.140E+02|                 Infinity|   8.2478609884232251E-02|        147|
 2|   1.160E+02|                 Infinity|   1.0259783520851541E-01|         95|
 2|   1.180E+02|                 Infinity|   1.2803687993289598E-01|         61|
 2|   1.200E+02|                 Infinity|   1.7149858514250882E-01|         34|
 2|   1.220E+02|                 Infinity|   1.5811388300841897E-01|         40|
 2|   1.240E+02|                 Infinity|   1.6666666666666666E-01|         36|
 2|   1.260E+02|                 Infinity|   2.5819888974716110E-01|         15|
 2|   1.280E+02|                 Infinity|   2.0851441405707477E-01|         23|
 2|   1.300E+02|                 Infinity|   2.2941573387056174E-01|         19|
 2|   1.320E+02|                 Infinity|   2.4253562503633297E-01|         17|
 2|   1.340E+02|                 Infinity|   2.6726124191242440E-01|         14|
 2|   1.360E+02|                 Infinity|   3.3333333333333331E-01|          9|
 2|   1.380E+02|                 Infinity|   2.5000000000000000E-01|         16|
 2|   1.400E+02|                 Infinity|   2.8867513459481292E-01|         12|
 2|   1.420E+02|                 Infinity|   2.8867513459481292E-01|         12|
 2|   1.440E+02|                 Infinity|   2.5819888974716110E-01|         15|
 2|   1.460E+02|                 Infinity|   3.1622776601683794E-01|         10|
 2|   1.480E+02|                 Infinity|   2.5000000000000000E-01|         16|
 2|   1.500E+02|                 Infinity|   3.5355339059327373E-01|          8|
 2|   1.520E+02|                 Infinity|   3.0151134457776363E-01|         11|
 2|   1.540E+02|                 Infinity|   5.7735026918962584E-01|          3|
 2|   1.560E+02|                 Infinity|   4.4721359549995793E-01|          5|
 2|   1.580E+02|                 Infinity|   4.0824829046386307E-01|          6|
 2|   1.600E+02|                 Infinity|   5.0000000000000000E-01|          4|
 2|   1.620E+02|                 Infinity|   4.0824829046386307E-01|          6|
 2|   1.640E+02|                 Infinity|   3.7796447300922720E-01|          7|
 2|   1.660E+02|                 Infinity|   3.5355339059327373E-01|          8|
 2|   1.680E+02|                 Infinity|   4.0824829046386307E-01|          6|
 2|   1.700E+02|                 Infinity|   5.0000000000000000E-01|          4|
 2|   1.720E+02|                 Infinity|   5.0000000000000000E-01|          4|
 2|   1.740E+02|                 Infinity|   7.0710678118654746E-01|          2|
 2|   1.760E+02|                 Infinity|   7.0710678118654746E-01|          2|
 2|   1.780E+02|                      NaN|   0.0000000000000000E+00|          0|
 2|   1.800E+02|                 Infinity|   7.0710678118654746E-01|          2|
 2|   1.820E+02|                 Infinity|   4.4721359549995793E-01|          5|
 2|   1.840E+02|                 Infinity|   7.0710678118654746E-01|          2|
 2|   1.860E+02|                 Infinity|   1.0000000000000000E+00|          1|
 2|   1.880E+02|                      NaN|   0.0000000000000000E+00|          0|
 2|   1.900E+02|                 Infinity|   1.0000000000000000E+00|          1|
 2|   1.920E+02|                 Infinity|   5.7735026918962584E-01|          3|
 2|   1.940E+02|                 Infinity|   4.0824829046386307E-01|          6|
 2|   1.960E+02|                 Infinity|   5.7735026918962584E-01|          3|
 2|   1.980E+02|                 Infinity|   5.0000000000000000E-01|          4|
# integrated result:   1.2308752775860854E-04
#
# Histogram 3: pT(H)                                             
 3|   0.000E+00|                 Infinity|   1.6045763595141999E-02|       3884|
 3|   1.000E+01|                 Infinity|   1.3097939266856333E-02|       5829|
 3|   2.000E+01|                 Infinity|   1.3670440988881778E-02|       5351|
 3|   3.000E+01|                 Infinity|   1.4108316199577508E-02|       5024|
 3|   4.000E+01|                 Infinity|   1.3772484719780993E-02|       5272|
 3|   5.000E+01|                 Infinity|   1.3960436343049089E-02|       5131|
 3|   6.000E+01|                 Infinity|   1.4304702514095817E-02|       4887|
 3|   7.000E+01|                 Infinity|   1.4758640484848552E-02|       4591|
 3|   8.000E+01|                 Infinity|   1.5493172888242845E-02|       4166|
 3|   9.000E+01|                 Infinity|   1.6293042482672843E-02|       3767|
 3|   1.000E+02|                 Infinity|   1.6790723337274424E-02|       3547|
 3|   1.100E+02|                 Infinity|   1.7977936632415488E-02|       3094|
 3|   1.200E+02|                 Infinity|   1.9370971105651492E-02|       2665|
 3|   1.300E+02|                 Infinity|   1.9956144669641657E-02|       2511|
 3|   1.400E+02|                 Infinity|   2.1842601416525949E-02|       2096|
 3|   1.500E+02|                 Infinity|   2.2893427324781505E-02|       1908|
 3|   1.600E+02|                 Infinity|   2.4685714930565622E-02|       1641|
 3|   1.700E+02|                 Infinity|   2.6754805427388343E-02|       1397|
 3|   1.800E+02|                 Infinity|   2.8104971365967134E-02|       1266|
 3|   1.900E+02|                 Infinity|   3.0613838746131349E-02|       1067|
 3|   2.000E+02|                 Infinity|   3.2410186177608220E-02|        952|
 3|   2.100E+02|                 Infinity|   3.6466247874473640E-02|        752|
 3|   2.200E+02|                 Infinity|   3.8041792845426678E-02|        691|
 3|   2.300E+02|                 Infinity|   4.0858892322271849E-02|        599|
 3|   2.400E+02|                 Infinity|   4.5643546458763840E-02|        480|
 3|   2.500E+02|                 Infinity|   4.5501575519329006E-02|        483|
 3|   2.600E+02|                 Infinity|   5.2414241836095915E-02|        364|
 3|   2.700E+02|                 Infinity|   5.6254395046301198E-02|        316|
 3|   2.800E+02|                 Infinity|   5.6704797712374272E-02|        311|
 3|   2.900E+02|                 Infinity|   6.4415662640083082E-02|        241|
 3|   3.000E+02|                 Infinity|   7.2547625011001163E-02|        190|
 3|   3.100E+02|                 Infinity|   7.4329414624716636E-02|        181|
 3|   3.200E+02|                 Infinity|   7.9808688446762213E-02|        157|
 3|   3.300E+02|                 Infinity|   8.3333333333333329E-02|        144|
 3|   3.400E+02|                 Infinity|   8.9802651013387455E-02|        124|
 3|   3.500E+02|                 Infinity|   8.9802651013387455E-02|        124|
 3|   3.600E+02|                 Infinity|   1.1547005383792514E-01|         75|
 3|   3.700E+02|                 Infinity|   1.1043152607484653E-01|         82|
 3|   3.800E+02|                 Infinity|   1.1867816581938533E-01|         71|
 3|   3.900E+02|                 Infinity|   1.3483997249264842E-01|         55|
 3|   4.000E+02|                 Infinity|   1.2598815766974239E-01|         63|
 3|   4.100E+02|                 Infinity|   1.4433756729740646E-01|         48|
 3|   4.200E+02|                 Infinity|   1.8898223650461360E-01|         28|
 3|   4.300E+02|                 Infinity|   1.8569533817705186E-01|         29|
 3|   4.400E+02|                 Infinity|   1.8257418583505536E-01|         30|
 3|   4.500E+02|                 Infinity|   2.1320071635561041E-01|         22|
 3|   4.600E+02|                 Infinity|   1.7407765595569785E-01|         33|
 3|   4.700E+02|                 Infinity|   2.5000000000000000E-01|         16|
 3|   4.800E+02|                 Infinity|   2.2941573387056174E-01|         19|
 3|   4.900E+02|                 Infinity|   2.3570226039551587E-01|         18|
# integrated result:   1.2308752775860851E-04
#
# Histogram 4: pT(j1)                                            
 4|   0.000E+00|                      NaN|   0.0000000000000000E+00|          0|
 4|   1.000E+01|                 Infinity|   7.9555728417572996E-02|        158|
 4|   2.000E+01|                 Infinity|   2.8736106756903908E-02|       1211|
 4|   3.000E+01|                 Infinity|   1.5135886972883327E-02|       4365|
 4|   4.000E+01|                 Infinity|   1.0430256583295808E-02|       9192|
 4|   5.000E+01|                 Infinity|   9.9116838908342095E-03|      10179|
 4|   6.000E+01|                 Infinity|   1.0637695937359757E-02|       8837|
 4|   7.000E+01|                 Infinity|   1.1631839442268610E-02|       7391|
 4|   8.000E+01|                 Infinity|   1.2668381236954509E-02|       6231|
 4|   9.000E+01|                 Infinity|   1.4157717688041934E-02|       4989|
 4|   1.000E+02|                 Infinity|   1.5253404749263623E-02|       4298|
 4|   1.100E+02|                 Infinity|   1.7238817250844786E-02|       3365|
 4|   1.200E+02|                 Infinity|   1.8851154527185280E-02|       2814|
 4|   1.300E+02|                 Infinity|   2.0906050250177270E-02|       2288|
 4|   1.400E+02|                 Infinity|   2.3063280200722125E-02|       1880|
 4|   1.500E+02|                 Infinity|   2.5474090105633382E-02|       1541|
 4|   1.600E+02|                 Infinity|   2.8501713717057404E-02|       1231|
 4|   1.700E+02|                 Infinity|   3.0845984923781787E-02|       1051|
 4|   1.800E+02|                 Infinity|   3.5311227577322434E-02|        802|
 4|   1.900E+02|                 Infinity|   3.7635496474749071E-02|        706|
 4|   2.000E+02|                 Infinity|   4.2033135170919861E-02|        566|
 4|   2.100E+02|                 Infinity|   4.5175395145262566E-02|        490|
 4|   2.200E+02|                 Infinity|   5.2558833122763673E-02|        362|
 4|   2.300E+02|                 Infinity|   5.6165595630173037E-02|        317|
 4|   2.400E+02|                 Infinity|   6.3245553203367583E-02|        250|
 4|   2.500E+02|                 Infinity|   7.0888120500833582E-02|        199|
 4|   2.600E+02|                 Infinity|   7.1795815861773818E-02|        194|
 4|   2.700E+02|                 Infinity|   8.0582296402538028E-02|        154|
 4|   2.800E+02|                 Infinity|   9.5782628522115137E-02|        109|
 4|   2.900E+02|                 Infinity|   9.3250480824031381E-02|        115|
 4|   3.000E+02|                 Infinity|   9.7128586235726413E-02|        106|
 4|   3.100E+02|                 Infinity|   1.2216944435630522E-01|         67|
 4|   3.200E+02|                 Infinity|   1.1396057645963795E-01|         77|
 4|   3.300E+02|                 Infinity|   1.1624763874381928E-01|         74|
 4|   3.400E+02|                 Infinity|   1.5249857033260467E-01|         43|
 4|   3.500E+02|                 Infinity|   1.6222142113076254E-01|         38|
 4|   3.600E+02|                 Infinity|   2.1821789023599239E-01|         21|
 4|   3.700E+02|                 Infinity|   1.8569533817705186E-01|         29|
 4|   3.800E+02|                 Infinity|   2.4253562503633297E-01|         17|
 4|   3.900E+02|                 Infinity|   2.1320071635561041E-01|         22|
 4|   4.000E+02|                 Infinity|   2.1320071635561041E-01|         22|
 4|   4.100E+02|                 Infinity|   2.4253562503633297E-01|         17|
 4|   4.200E+02|                 Infinity|   2.7735009811261457E-01|         13|
 4|   4.300E+02|                 Infinity|   2.7735009811261457E-01|         13|
 4|   4.400E+02|                 Infinity|   3.1622776601683794E-01|         10|
 4|   4.500E+02|                 Infinity|   3.5355339059327373E-01|          8|
 4|   4.600E+02|                 Infinity|   4.0824829046386307E-01|          6|
 4|   4.700E+02|                 Infinity|   3.1622776601683794E-01|         10|
 4|   4.800E+02|                 Infinity|   5.7735026918962584E-01|          3|
 4|   4.900E+02|                 Infinity|   7.0710678118654746E-01|          2|
# integrated result:   1.2308752775860867E-04
#
# Histogram 5: dy(j1,j2)                                         
 5|  -5.000E+00|                      NaN|   0.0000000000000000E+00|          0|
 5|  -4.800E+00|                      NaN|   0.0000000000000000E+00|          0|
 5|  -4.600E+00|                      NaN|   0.0000000000000000E+00|          0|
 5|  -4.400E+00|                 Infinity|   1.0000000000000000E+00|          1|
 5|  -4.200E+00|                 Infinity|   4.0824829046386307E-01|          6|
 5|  -4.000E+00|                 Infinity|   2.5000000000000000E-01|         16|
 5|  -3.800E+00|                 Infinity|   1.7960530202677491E-01|         31|
 5|  -3.600E+00|                 Infinity|   1.4586499149789456E-01|         47|
 5|  -3.400E+00|                 Infinity|   1.0314212462587934E-01|         94|
 5|  -3.200E+00|                 Infinity|   8.9442719099991588E-02|        125|
 5|  -3.000E+00|                 Infinity|   6.2745580513815860E-02|        254|
 5|  -2.800E+00|                 Infinity|   4.7140452079103168E-02|        450|
 5|  -2.600E+00|                 Infinity|   4.0655781409087086E-02|        605|
 5|  -2.400E+00|                 Infinity|   3.3204455008545970E-02|        907|
 5|  -2.200E+00|                 Infinity|   2.8409549486356805E-02|       1239|
 5|  -2.000E+00|                 Infinity|   2.3243246638896761E-02|       1851|
 5|  -1.800E+00|                 Infinity|   2.1077167773036799E-02|       2251|
 5|  -1.600E+00|                 Infinity|   1.9038123938628339E-02|       2759|
 5|  -1.400E+00|                 Infinity|   1.7200522903844537E-02|       3380|
 5|  -1.200E+00|                 Infinity|   1.5871016626723793E-02|       3970|
 5|  -1.000E+00|                 Infinity|   1.4755426845075048E-02|       4593|
 5|  -8.000E-01|                 Infinity|   1.4497321867154718E-02|       4758|
 5|  -6.000E-01|                 Infinity|   1.3950923267775341E-02|       5138|
 5|  -4.000E-01|                 Infinity|   1.3978155234482158E-02|       5118|
 5|  -2.000E-01|                 Infinity|   1.4747401920978412E-02|       4598|
 5|   0.000E+00|                 Infinity|   1.3493814503750113E-02|       5492|
 5|   2.000E-01|                 Infinity|   1.1700909430022725E-02|       7304|
 5|   4.000E-01|                 Infinity|   1.2612837825590072E-02|       6286|
 5|   6.000E-01|                 Infinity|   1.4897191697149056E-02|       4506|
 5|   8.000E-01|                 Infinity|   1.6814442410177276E-02|       3537|
 5|   1.000E+00|                 Infinity|   2.1110016546037454E-02|       2244|
 5|   1.200E+00|                 Infinity|   2.6306682088232822E-02|       1445|
 5|   1.400E+00|                 Infinity|   3.1341957040361135E-02|       1018|
 5|   1.600E+00|                 Infinity|   3.7267799624996496E-02|        720|
 5|   1.800E+00|                 Infinity|   4.3153185200210310E-02|        537|
 5|   2.000E+00|                 Infinity|   5.5131784641997125E-02|        329|
 5|   2.200E+00|                 Infinity|   8.4515425472851652E-02|        140|
 5|   2.400E+00|                 Infinity|   1.0050378152592121E-01|         99|
 5|   2.600E+00|                 Infinity|   1.5075567228888181E-01|         44|
 5|   2.800E+00|                 Infinity|   2.2360679774997896E-01|         20|
 5|   3.000E+00|                 Infinity|   2.5819888974716110E-01|         15|
 5|   3.200E+00|                 Infinity|   3.1622776601683794E-01|         10|
 5|   3.400E+00|                 Infinity|   1.0000000000000000E+00|          1|
 5|   3.600E+00|                 Infinity|   7.0710678118654746E-01|          2|
 5|   3.800E+00|                 Infinity|   7.0710678118654746E-01|          2|
 5|   4.000E+00|                      NaN|   0.0000000000000000E+00|          0|
 5|   4.200E+00|                      NaN|   0.0000000000000000E+00|          0|
 5|   4.400E+00|                      NaN|   0.0000000000000000E+00|          0|
 5|   4.600E+00|                      NaN|   0.0000000000000000E+00|          0|
 5|   4.800E+00|                      NaN|   0.0000000000000000E+00|          0|
# integrated result:   1.2308752775860859E-04
#
# Histogram 6: mz1                                               
 6|   0.000E+00|                      NaN|   0.0000000000000000E+00|          0|
 6|   2.000E+00|                      NaN|   0.0000000000000000E+00|          0|
 6|   4.000E+00|                 Infinity|   2.1086537485779239E-02|       2249|
 6|   6.000E+00|                 Infinity|   1.7749925672341869E-02|       3174|
 6|   8.000E+00|                 Infinity|   1.9676044536698509E-02|       2583|
 6|   1.000E+01|                 Infinity|   5.4964970992931267E-02|        331|
 6|   1.200E+01|                 Infinity|   6.0302268915552716E-02|        275|
 6|   1.400E+01|                 Infinity|   4.6880723093849538E-02|        455|
 6|   1.600E+01|                 Infinity|   5.4964970992931267E-02|        331|
 6|   1.800E+01|                 Infinity|   5.2270837348931669E-02|        366|
 6|   2.000E+01|                 Infinity|   5.6343616981901101E-02|        315|
 6|   2.200E+01|                 Infinity|   5.4554472558998097E-02|        336|
 6|   2.400E+01|                 Infinity|   5.4964970992931267E-02|        331|
 6|   2.600E+01|                 Infinity|   6.9843029576957816E-02|        205|
 6|   2.800E+01|                 Infinity|   8.7038827977848926E-02|        132|
 6|   3.000E+01|                 Infinity|   9.2450032704204849E-02|        117|
 6|   3.200E+01|                 Infinity|   8.3333333333333329E-02|        144|
 6|   3.400E+01|                 Infinity|   7.3720978077448568E-02|        184|
 6|   3.600E+01|                 Infinity|   8.1649658092772609E-02|        150|
 6|   3.800E+01|                 Infinity|   9.9014754297667443E-02|        102|
 6|   4.000E+01|                 Infinity|   9.6673648904566353E-02|        107|
 6|   4.200E+01|                 Infinity|   1.0599978800063600E-01|         89|
 6|   4.400E+01|                 Infinity|   1.0050378152592121E-01|         99|
 6|   4.600E+01|                 Infinity|   1.1470786693528087E-01|         76|
 6|   4.800E+01|                 Infinity|   1.1470786693528087E-01|         76|
 6|   5.000E+01|                 Infinity|   9.7590007294853329E-02|        105|
 6|   5.200E+01|                 Infinity|   9.7590007294853329E-02|        105|
 6|   5.400E+01|                 Infinity|   8.7705801930702931E-02|        130|
 6|   5.600E+01|                 Infinity|   1.0369516947304253E-01|         93|
 6|   5.800E+01|                 Infinity|   1.0153461651336192E-01|         97|
 6|   6.000E+01|                 Infinity|   9.4491118252306799E-02|        112|
 6|   6.200E+01|                 Infinity|   8.4818892967997092E-02|        139|
 6|   6.400E+01|                 Infinity|   6.0192926542884599E-02|        276|
 6|   6.600E+01|                 Infinity|   6.5512178208041838E-02|        233|
 6|   6.800E+01|                 Infinity|   7.2547625011001163E-02|        190|
 6|   7.000E+01|                 Infinity|   6.3887656499993992E-02|        245|
 6|   7.200E+01|                 Infinity|   5.1097613030759603E-02|        383|
 6|   7.400E+01|                 Infinity|   3.8575837490522978E-02|        672|
 6|   7.600E+01|                 Infinity|   5.4799662435119099E-02|        333|
 6|   7.800E+01|                 Infinity|   6.0633906259083242E-02|        272|
 6|   8.000E+01|                 Infinity|   4.6932325446393211E-02|        454|
 6|   8.200E+01|                 Infinity|   2.4175473851486187E-02|       1711|
 6|   8.400E+01|                 Infinity|   1.7879963496303788E-02|       3128|
 6|   8.600E+01|                 Infinity|   1.0972460765773606E-02|       8306|
 6|   8.800E+01|                 Infinity|   1.2101891189287403E-02|       6828|
 6|   9.000E+01|                 Infinity|   6.8664089522870063E-03|      21210|
 6|   9.200E+01|                 Infinity|   8.8014393290482516E-03|      12909|
 6|   9.400E+01|                 Infinity|   2.2674629379125909E-02|       1945|
 6|   9.600E+01|                 Infinity|   4.1996052556580801E-02|        567|
 6|   9.800E+01|                 Infinity|   5.2777981396925952E-02|        359|
 6|   1.000E+02|                 Infinity|   4.9813548138671788E-02|        403|
 6|   1.020E+02|                 Infinity|   5.1917413165116499E-02|        371|
 6|   1.040E+02|                 Infinity|   5.1434449987363969E-02|        378|
 6|   1.060E+02|                 Infinity|   5.2704627669472988E-02|        360|
 6|   1.080E+02|                 Infinity|   6.3119440309780311E-02|        251|
 6|   1.100E+02|                 Infinity|   8.1923192051904056E-02|        149|
 6|   1.120E+02|                 Infinity|   1.0101525445522107E-01|         98|
 6|   1.140E+02|                 Infinity|   1.1043152607484653E-01|         82|
 6|   1.160E+02|                 Infinity|   1.3363062095621220E-01|         56|
 6|   1.180E+02|                 Infinity|   1.3483997249264842E-01|         55|
 6|   1.200E+02|                 Infinity|   1.2598815766974239E-01|         63|
 6|   1.220E+02|                 Infinity|   1.3483997249264842E-01|         55|
 6|   1.240E+02|                 Infinity|   1.3867504905630729E-01|         52|
 6|   1.260E+02|                 Infinity|   1.4744195615489714E-01|         46|
 6|   1.280E+02|                 Infinity|   1.5075567228888181E-01|         44|
 6|   1.300E+02|                 Infinity|   1.7407765595569785E-01|         33|
 6|   1.320E+02|                 Infinity|   1.6903085094570330E-01|         35|
 6|   1.340E+02|                 Infinity|   1.5249857033260467E-01|         43|
 6|   1.360E+02|                 Infinity|   2.1821789023599239E-01|         21|
 6|   1.380E+02|                 Infinity|   1.8898223650461360E-01|         28|
 6|   1.400E+02|                 Infinity|   1.8569533817705186E-01|         29|
 6|   1.420E+02|                 Infinity|   2.2941573387056174E-01|         19|
 6|   1.440E+02|                 Infinity|   2.2360679774997896E-01|         20|
 6|   1.460E+02|                 Infinity|   2.5000000000000000E-01|         16|
 6|   1.480E+02|                 Infinity|   3.0151134457776363E-01|         11|
 6|   1.500E+02|                 Infinity|   3.3333333333333331E-01|          9|
 6|   1.520E+02|                 Infinity|   2.5000000000000000E-01|         16|
 6|   1.540E+02|                 Infinity|   2.7735009811261457E-01|         13|
 6|   1.560E+02|                 Infinity|   3.1622776601683794E-01|         10|
 6|   1.580E+02|                 Infinity|   3.7796447300922720E-01|          7|
 6|   1.600E+02|                 Infinity|   2.6726124191242440E-01|         14|
 6|   1.620E+02|                 Infinity|   4.4721359549995793E-01|          5|
 6|   1.640E+02|                 Infinity|   3.1622776601683794E-01|         10|
 6|   1.660E+02|                 Infinity|   5.0000000000000000E-01|          4|
 6|   1.680E+02|                 Infinity|   3.0151134457776363E-01|         11|
 6|   1.700E+02|                 Infinity|   4.4721359549995793E-01|          5|
 6|   1.720E+02|                 Infinity|   7.0710678118654746E-01|          2|
 6|   1.740E+02|                 Infinity|   4.4721359549995793E-01|          5|
 6|   1.760E+02|                 Infinity|   4.4721359549995793E-01|          5|
 6|   1.780E+02|                 Infinity|   5.0000000000000000E-01|          4|
 6|   1.800E+02|                 Infinity|   4.4721359549995793E-01|          5|
 6|   1.820E+02|                 Infinity|   4.0824829046386307E-01|          6|
 6|   1.840E+02|                 Infinity|   7.0710678118654746E-01|          2|
 6|   1.860E+02|                 Infinity|   7.0710678118654746E-01|          2|
 6|   1.880E+02|                 Infinity|   5.7735026918962584E-01|          3|
 6|   1.900E+02|                 Infinity|   7.0710678118654746E-01|          2|
 6|   1.920E+02|                 Infinity|   7.0710678118654746E-01|          2|
 6|   1.940E+02|                 Infinity|   1.0000000000000000E+00|          1|
 6|   1.960E+02|                 Infinity|   1.0000000000000000E+00|          1|
 6|   1.980E+02|                 Infinity|   7.0710678118654746E-01|          2|
# integrated result:   1.2308752775860854E-04
#
# Histogram 7: mz2                                               
 7|   0.000E+00|                      NaN|   0.0000000000000000E+00|          0|
 7|   2.000E+00|                      NaN|   0.0000000000000000E+00|          0|
 7|   4.000E+00|                 Infinity|   3.5158127696731496E-02|        809|
 7|   6.000E+00|                 Infinity|   3.4119559696747022E-02|        859|
 7|   8.000E+00|                 Infinity|   3.2581760622553732E-02|        942|
 7|   1.000E+01|                 Infinity|   3.2720999550184419E-02|        934|
 7|   1.200E+01|                 Infinity|   3.1734040798768841E-02|        993|
 7|   1.400E+01|                 Infinity|   3.2342311367657542E-02|        956|
 7|   1.600E+01|                 Infinity|   3.3614632272640714E-02|        885|
 7|   1.800E+01|                 Infinity|   3.3748365353141352E-02|        878|
 7|   2.000E+01|                 Infinity|   3.3370432213299994E-02|        898|
 7|   2.200E+01|                 Infinity|   3.4503277967117711E-02|        840|
 7|   2.400E+01|                 Infinity|   3.3922676577637915E-02|        869|
 7|   2.600E+01|                 Infinity|   3.4544426792673340E-02|        838|
 7|   2.800E+01|                 Infinity|   3.5114749361031178E-02|        811|
 7|   3.000E+01|                 Infinity|   3.5805743701971648E-02|        780|
 7|   3.200E+01|                 Infinity|   3.8096965887972963E-02|        689|
 7|   3.400E+01|                 Infinity|   3.8124642583151166E-02|        688|
 7|   3.600E+01|                 Infinity|   3.8404768632128432E-02|        678|
 7|   3.800E+01|                 Infinity|   3.8924947208076148E-02|        660|
 7|   4.000E+01|                 Infinity|   4.1169348479630913E-02|        590|
 7|   4.200E+01|                 Infinity|   4.2562826537937429E-02|        552|
 7|   4.400E+01|                 Infinity|   4.1848697531868720E-02|        571|
 7|   4.600E+01|                 Infinity|   4.2295493443781355E-02|        559|
 7|   4.800E+01|                 Infinity|   4.3033148291193521E-02|        540|
 7|   5.000E+01|                 Infinity|   4.2562826537937429E-02|        552|
 7|   5.200E+01|                 Infinity|   4.5083481733371615E-02|        492|
 7|   5.400E+01|                 Infinity|   4.4992127066584751E-02|        494|
 7|   5.600E+01|                 Infinity|   4.5691166238495382E-02|        479|
 7|   5.800E+01|                 Infinity|   4.5083481733371615E-02|        492|
 7|   6.000E+01|                 Infinity|   4.4946657497549475E-02|        495|
 7|   6.200E+01|                 Infinity|   4.7192917818300872E-02|        449|
 7|   6.400E+01|                 Infinity|   4.6324105461207951E-02|        466|
 7|   6.600E+01|                 Infinity|   4.6932325446393211E-02|        454|
 7|   6.800E+01|                 Infinity|   4.5360921162651446E-02|        486|
 7|   7.000E+01|                 Infinity|   4.6932325446393211E-02|        454|
 7|   7.200E+01|                 Infinity|   4.9386479832479478E-02|        410|
 7|   7.400E+01|                 Infinity|   4.8001536073731928E-02|        434|
 7|   7.600E+01|                 Infinity|   4.7511433814557989E-02|        443|
 7|   7.800E+01|                 Infinity|   4.4992127066584751E-02|        494|
 7|   8.000E+01|                 Infinity|   3.1814238148788886E-02|        988|
 7|   8.200E+01|                 Infinity|   1.7543859649122806E-02|       3249|
 7|   8.400E+01|                 Infinity|   1.5992325525180033E-02|       3910|
 7|   8.600E+01|                 Infinity|   1.3074409009212268E-02|       5850|
 7|   8.800E+01|                 Infinity|   1.1919128924676385E-02|       7039|
 7|   9.000E+01|                 Infinity|   8.3668094381914027E-03|      14285|
 7|   9.200E+01|                 Infinity|   1.0453025125088635E-02|       9152|
 7|   9.400E+01|                 Infinity|   2.2383074051792261E-02|       1996|
 7|   9.600E+01|                 Infinity|   3.0471381766800261E-02|       1077|
 7|   9.800E+01|                 Infinity|   3.5511041211421748E-02|        793|
 7|   1.000E+02|                 Infinity|   4.4324220717793628E-02|        509|
 7|   1.020E+02|                 Infinity|   6.6815310478106099E-02|        224|
 7|   1.040E+02|                 Infinity|   7.1247049987909650E-02|        197|
 7|   1.060E+02|                 Infinity|   7.9555728417572996E-02|        158|
 7|   1.080E+02|                 Infinity|   7.8567420131838608E-02|        162|
 7|   1.100E+02|                 Infinity|   8.1649658092772609E-02|        150|
 7|   1.120E+02|                 Infinity|   8.0582296402538028E-02|        154|
 7|   1.140E+02|                 Infinity|   8.4215192106651904E-02|        141|
 7|   1.160E+02|                 Infinity|   9.1287092917527679E-02|        120|
 7|   1.180E+02|                 Infinity|   9.0909090909090912E-02|        121|
 7|   1.200E+02|                 Infinity|   8.9087080637474794E-02|        126|
 7|   1.220E+02|                 Infinity|   9.8532927816429319E-02|        103|
 7|   1.240E+02|                 Infinity|   1.0599978800063600E-01|         89|
 7|   1.260E+02|                 Infinity|   1.1180339887498948E-01|         80|
 7|   1.280E+02|                 Infinity|   1.4433756729740646E-01|         48|
 7|   1.300E+02|                 Infinity|   1.5249857033260467E-01|         43|
 7|   1.320E+02|                 Infinity|   1.7960530202677491E-01|         31|
 7|   1.340E+02|                 Infinity|   2.1821789023599239E-01|         21|
 7|   1.360E+02|                 Infinity|   2.2360679774997896E-01|         20|
 7|   1.380E+02|                 Infinity|   2.3570226039551587E-01|         18|
 7|   1.400E+02|                 Infinity|   2.8867513459481292E-01|         12|
 7|   1.420E+02|                 Infinity|   2.4253562503633297E-01|         17|
 7|   1.440E+02|                 Infinity|   3.0151134457776363E-01|         11|
 7|   1.460E+02|                 Infinity|   3.1622776601683794E-01|         10|
 7|   1.480E+02|                 Infinity|   3.3333333333333331E-01|          9|
 7|   1.500E+02|                 Infinity|   2.8867513459481292E-01|         12|
 7|   1.520E+02|                 Infinity|   3.7796447300922720E-01|          7|
 7|   1.540E+02|                 Infinity|   5.0000000000000000E-01|          4|
 7|   1.560E+02|                 Infinity|   3.3333333333333331E-01|          9|
 7|   1.580E+02|                 Infinity|   5.7735026918962584E-01|          3|
 7|   1.600E+02|                 Infinity|   5.0000000000000000E-01|          4|
 7|   1.620E+02|                 Infinity|   3.7796447300922720E-01|          7|
 7|   1.640E+02|                 Infinity|   5.0000000000000000E-01|          4|
 7|   1.660E+02|                 Infinity|   5.7735026918962584E-01|          3|
 7|   1.680E+02|                 Infinity|   4.4721359549995793E-01|          5|
 7|   1.700E+02|                 Infinity|   5.0000000000000000E-01|          4|
 7|   1.720E+02|                 Infinity|   7.0710678118654746E-01|          2|
 7|   1.740E+02|                 Infinity|   5.7735026918962584E-01|          3|
 7|   1.760E+02|                 Infinity|   4.0824829046386307E-01|          6|
 7|   1.780E+02|                 Infinity|   5.0000000000000000E-01|          4|
 7|   1.800E+02|                 Infinity|   5.7735026918962584E-01|          3|
 7|   1.820E+02|                      NaN|   0.0000000000000000E+00|          0|
 7|   1.840E+02|                 Infinity|   1.0000000000000000E+00|          1|
 7|   1.860E+02|                 Infinity|   7.0710678118654746E-01|          2|
 7|   1.880E+02|                 Infinity|   5.0000000000000000E-01|          4|
 7|   1.900E+02|                 Infinity|   5.7735026918962584E-01|          3|
 7|   1.920E+02|                 Infinity|   1.0000000000000000E+00|          1|
 7|   1.940E+02|                 Infinity|   1.0000000000000000E+00|          1|
 7|   1.960E+02|                      NaN|   0.0000000000000000E+00|          0|
 7|   1.980E+02|                 Infinity|   1.0000000000000000E+00|          1|
# integrated result:   1.2308752775860859E-04
#
# Histogram 8: m_4l                                              
 8|   1.000E+02|                 Infinity|   9.2489566609242155E-03|      11690|
 8|   1.400E+02|                 Infinity|   8.1316939322482497E-03|      15123|
 8|   1.800E+02|                 Infinity|   8.6274244447176410E-03|      13435|
 8|   2.200E+02|                 Infinity|   9.7921637250928291E-03|      10429|
 8|   2.600E+02|                 Infinity|   1.1754135979637028E-02|       7238|
 8|   3.000E+02|                 Infinity|   1.4069165197083818E-02|       5052|
 8|   3.400E+02|                 Infinity|   1.6729520440949854E-02|       3573|
 8|   3.800E+02|                 Infinity|   2.0628424925175869E-02|       2350|
 8|   4.200E+02|                 Infinity|   2.5441092565739218E-02|       1545|
 8|   4.600E+02|                 Infinity|   2.9721914913888200E-02|       1132|
 8|   5.000E+02|                 Infinity|   3.6107907233705945E-02|        767|
 8|   5.400E+02|                 Infinity|   4.3396303660274617E-02|        531|
 8|   5.800E+02|                 Infinity|   5.2342392259021375E-02|        365|
 8|   6.200E+02|                 Infinity|   6.5232807305344226E-02|        235|
 8|   6.600E+02|                 Infinity|   7.5592894601845442E-02|        175|
 8|   7.000E+02|                 Infinity|   9.4072086838359728E-02|        113|
 8|   7.400E+02|                 Infinity|   1.0660035817780521E-01|         88|
 8|   7.800E+02|                 Infinity|   1.4142135623730950E-01|         50|
 8|   8.200E+02|                 Infinity|   1.5430334996209191E-01|         42|
 8|   8.600E+02|                 Infinity|   2.1320071635561041E-01|         22|
 8|   9.000E+02|                 Infinity|   2.1821789023599239E-01|         21|
 8|   9.400E+02|                 Infinity|   2.1821789023599239E-01|         21|
 8|   9.800E+02|                 Infinity|   2.0851441405707477E-01|         23|
 8|   1.020E+03|                 Infinity|   2.2941573387056174E-01|         19|
 8|   1.060E+03|                 Infinity|   2.4253562503633297E-01|         17|
 8|   1.100E+03|                 Infinity|   3.5355339059327373E-01|          8|
 8|   1.140E+03|                 Infinity|   3.5355339059327373E-01|          8|
 8|   1.180E+03|                 Infinity|   4.0824829046386307E-01|          6|
 8|   1.220E+03|                 Infinity|   7.0710678118654746E-01|          2|
 8|   1.260E+03|                 Infinity|   5.7735026918962584E-01|          3|
 8|   1.300E+03|                 Infinity|   4.0824829046386307E-01|          6|
 8|   1.340E+03|                 Infinity|   3.7796447300922720E-01|          7|
 8|   1.380E+03|                 Infinity|   5.0000000000000000E-01|          4|
 8|   1.420E+03|                 Infinity|   7.0710678118654746E-01|          2|
 8|   1.460E+03|                 Infinity|   5.7735026918962584E-01|          3|
 8|   1.500E+03|                 Infinity|   7.0710678118654746E-01|          2|
 8|   1.540E+03|                 Infinity|   7.0710678118654746E-01|          2|
 8|   1.580E+03|                 Infinity|   7.0710678118654746E-01|          2|
 8|   1.620E+03|                 Infinity|   1.0000000000000000E+00|          1|
 8|   1.660E+03|                 Infinity|   7.0710678118654746E-01|          2|
 8|   1.700E+03|                      NaN|   0.0000000000000000E+00|          0|
 8|   1.740E+03|                      NaN|   0.0000000000000000E+00|          0|
 8|   1.780E+03|                 Infinity|   5.0000000000000000E-01|          4|
 8|   1.820E+03|                 Infinity|   1.0000000000000000E+00|          1|
 8|   1.860E+03|                 Infinity|   7.0710678118654746E-01|          2|
 8|   1.900E+03|                 Infinity|   7.0710678118654746E-01|          2|
 8|   1.940E+03|                      NaN|   0.0000000000000000E+00|          0|
 8|   1.980E+03|                 Infinity|   1.0000000000000000E+00|          1|
 8|   2.020E+03|                 Infinity|   7.0710678118654746E-01|          2|
 8|   2.060E+03|                 Infinity|   1.0000000000000000E+00|          1|
 8|   2.100E+03|                 Infinity|   7.0710678118654746E-01|          2|
 8|   2.140E+03|                      NaN|   0.0000000000000000E+00|          0|
 8|   2.180E+03|                      NaN|   0.0000000000000000E+00|          0|
 8|   2.220E+03|                 Infinity|   1.0000000000000000E+00|          1|
 8|   2.260E+03|                      NaN|   0.0000000000000000E+00|          0|
 8|   2.300E+03|                      NaN|   0.0000000000000000E+00|          0|
 8|   2.340E+03|                      NaN|   0.0000000000000000E+00|          0|
 8|   2.380E+03|                 Infinity|   1.0000000000000000E+00|          1|
 8|   2.420E+03|                 Infinity|   5.7735026918962584E-01|          3|
 8|   2.460E+03|                      NaN|   0.0000000000000000E+00|          0|
 8|   2.500E+03|                      NaN|   0.0000000000000000E+00|          0|
 8|   2.540E+03|                      NaN|   0.0000000000000000E+00|          0|
 8|   2.580E+03|                      NaN|   0.0000000000000000E+00|          0|
 8|   2.620E+03|                      NaN|   0.0000000000000000E+00|          0|
 8|   2.660E+03|                      NaN|   0.0000000000000000E+00|          0|
 8|   2.700E+03|                 Infinity|   1.0000000000000000E+00|          1|
 8|   2.740E+03|                      NaN|   0.0000000000000000E+00|          0|
 8|   2.780E+03|                      NaN|   0.0000000000000000E+00|          0|
 8|   2.820E+03|                      NaN|   0.0000000000000000E+00|          0|
 8|   2.860E+03|                      NaN|   0.0000000000000000E+00|          0|
 8|   2.900E+03|                      NaN|   0.0000000000000000E+00|          0|
 8|   2.940E+03|                 Infinity|   1.0000000000000000E+00|          1|
 8|   2.980E+03|                      NaN|   0.0000000000000000E+00|          0|
 8|   3.020E+03|                 Infinity|   1.0000000000000000E+00|          1|
 8|   3.060E+03|                      NaN|   0.0000000000000000E+00|          0|
 8|   3.100E+03|                      NaN|   0.0000000000000000E+00|          0|
 8|   3.140E+03|                      NaN|   0.0000000000000000E+00|          0|
 8|   3.180E+03|                      NaN|   0.0000000000000000E+00|          0|
 8|   3.220E+03|                      NaN|   0.0000000000000000E+00|          0|
 8|   3.260E+03|                      NaN|   0.0000000000000000E+00|          0|
 8|   3.300E+03|                      NaN|   0.0000000000000000E+00|          0|
 8|   3.340E+03|                      NaN|   0.0000000000000000E+00|          0|
 8|   3.380E+03|                      NaN|   0.0000000000000000E+00|          0|
 8|   3.420E+03|                      NaN|   0.0000000000000000E+00|          0|
 8|   3.460E+03|                      NaN|   0.0000000000000000E+00|          0|
 8|   3.500E+03|                      NaN|   0.0000000000000000E+00|          0|
 8|   3.540E+03|                      NaN|   0.0000000000000000E+00|          0|
 8|   3.580E+03|                      NaN|   0.0000000000000000E+00|          0|
 8|   3.620E+03|                      NaN|   0.0000000000000000E+00|          0|
 8|   3.660E+03|                      NaN|   0.0000000000000000E+00|          0|
 8|   3.700E+03|                      NaN|   0.0000000000000000E+00|          0|
 8|   3.740E+03|                      NaN|   0.0000000000000000E+00|          0|
 8|   3.780E+03|                      NaN|   0.0000000000000000E+00|          0|
 8|   3.820E+03|                      NaN|   0.0000000000000000E+00|          0|
 8|   3.860E+03|                 Infinity|   1.0000000000000000E+00|          1|
 8|   3.900E+03|                      NaN|   0.0000000000000000E+00|          0|
 8|   3.940E+03|                      NaN|   0.0000000000000000E+00|          0|
 8|   3.980E+03|                      NaN|   0.0000000000000000E+00|          0|
 8|   4.020E+03|                      NaN|   0.0000000000000000E+00|          0|
 8|   4.060E+03|                      NaN|   0.0000000000000000E+00|          0|
# integrated result:   1.2308752775860846E-04
#
# Histogram 9: m_4l                                              
 9|   8.500E+01|                 Infinity|   1.1043152607484653E-01|         82|
 9|   8.600E+01|                 Infinity|   1.1180339887498948E-01|         80|
 9|   8.700E+01|                 Infinity|   1.1547005383792514E-01|         75|
 9|   8.800E+01|                 Infinity|   1.4002800840280097E-01|         51|
 9|   8.900E+01|                 Infinity|   1.3018891098082389E-01|         59|
 9|   9.000E+01|                 Infinity|   1.3736056394868904E-01|         53|
 9|   9.100E+01|                 Infinity|   1.5075567228888181E-01|         44|
 9|   9.200E+01|                 Infinity|   1.4586499149789456E-01|         47|
 9|   9.300E+01|                 Infinity|   1.4002800840280097E-01|         51|
 9|   9.400E+01|                 Infinity|   1.4433756729740646E-01|         48|
 9|   9.500E+01|                 Infinity|   1.0846522890932808E-01|         85|
 9|   9.600E+01|                 Infinity|   1.1785113019775793E-01|         72|
 9|   9.700E+01|                 Infinity|   1.0369516947304253E-01|         93|
 9|   9.800E+01|                 Infinity|   9.8058067569092022E-02|        104|
 9|   9.900E+01|                 Infinity|   8.8388347648318433E-02|        128|
 9|   1.000E+02|                 Infinity|   8.6066296582387042E-02|        135|
 9|   1.010E+02|                 Infinity|   8.3045479853739973E-02|        145|
 9|   1.020E+02|                 Infinity|   7.9808688446762213E-02|        157|
 9|   1.030E+02|                 Infinity|   7.6923076923076927E-02|        169|
 9|   1.040E+02|                 Infinity|   7.6249285166302333E-02|        172|
 9|   1.050E+02|                 Infinity|   6.9337524528153643E-02|        208|
 9|   1.060E+02|                 Infinity|   6.4282434653322507E-02|        242|
 9|   1.070E+02|                 Infinity|   6.8518870982753166E-02|        213|
 9|   1.080E+02|                 Infinity|   6.4549722436790274E-02|        240|
 9|   1.090E+02|                 Infinity|   6.6226617853252193E-02|        228|
 9|   1.100E+02|                 Infinity|   6.2500000000000000E-02|        256|
 9|   1.110E+02|                 Infinity|   6.0633906259083242E-02|        272|
 9|   1.120E+02|                 Infinity|   6.1545745489666362E-02|        264|
 9|   1.130E+02|                 Infinity|   6.1084722178152612E-02|        268|
 9|   1.140E+02|                 Infinity|   5.9339082909692663E-02|        284|
 9|   1.150E+02|                 Infinity|   5.3452248382484871E-02|        350|
 9|   1.160E+02|                 Infinity|   5.6433264798310033E-02|        314|
 9|   1.170E+02|                 Infinity|   5.7353933467640436E-02|        304|
 9|   1.180E+02|                 Infinity|   5.8520573598065284E-02|        292|
 9|   1.190E+02|                 Infinity|   5.5814557218594761E-02|        321|
 9|   1.200E+02|                 Infinity|   5.5555555555555552E-02|        324|
 9|   1.210E+02|                 Infinity|   5.5989251095585432E-02|        319|
 9|   1.220E+02|                 Infinity|   5.5989251095585432E-02|        319|
 9|   1.230E+02|                 Infinity|   5.3994924715603881E-02|        343|
 9|   1.240E+02|                 Infinity|   5.5300126360933101E-02|        327|
 9|   1.250E+02|                 Infinity|   5.5048188256318034E-02|        330|
 9|   1.260E+02|                 Infinity|   5.2342392259021375E-02|        365|
 9|   1.270E+02|                 Infinity|   5.3300179088902604E-02|        352|
 9|   1.280E+02|                 Infinity|   5.2199575097188054E-02|        367|
 9|   1.290E+02|                 Infinity|   5.7166195047502949E-02|        306|
 9|   1.300E+02|                 Infinity|   5.3300179088902604E-02|        352|
 9|   1.310E+02|                 Infinity|   5.4635836470815310E-02|        335|
 9|   1.320E+02|                 Infinity|   5.1987524491003641E-02|        370|
 9|   1.330E+02|                 Infinity|   5.1031036307982884E-02|        384|
 9|   1.340E+02|                 Infinity|   5.3300179088902604E-02|        352|
# integrated result:   1.2308752775860746E-04
#
# Histogram10: Phi1                                              
10|  -3.142E+00|                 Infinity|   2.3762422826087874E-02|       1771|
10|  -2.985E+00|                 Infinity|   2.4282146558931603E-02|       1696|
10|  -2.827E+00|                 Infinity|   2.4217973984824139E-02|       1705|
10|  -2.670E+00|                 Infinity|   2.3459704442429407E-02|       1817|
10|  -2.513E+00|                 Infinity|   2.2173003507924643E-02|       2034|
10|  -2.356E+00|                 Infinity|   2.0865053489458874E-02|       2297|
10|  -2.199E+00|                 Infinity|   2.0433710736103811E-02|       2395|
10|  -2.042E+00|                 Infinity|   1.9630498076223551E-02|       2595|
10|  -1.885E+00|                 Infinity|   1.9414730885301035E-02|       2653|
10|  -1.728E+00|                 Infinity|   1.9484627821345999E-02|       2634|
10|  -1.571E+00|                 Infinity|   2.0100756305184240E-02|       2475|
10|  -1.414E+00|                 Infinity|   2.1223817998900444E-02|       2220|
10|  -1.257E+00|                 Infinity|   2.1693045781865615E-02|       2125|
10|  -1.100E+00|                 Infinity|   2.3199420949679552E-02|       1858|
10|  -9.425E-01|                 Infinity|   2.4610841494742634E-02|       1651|
10|  -7.854E-01|                 Infinity|   2.5590600763038540E-02|       1527|
10|  -6.283E-01|                 Infinity|   2.6379807127383248E-02|       1437|
10|  -4.713E-01|                 Infinity|   2.7692438781085564E-02|       1304|
10|  -3.142E-01|                 Infinity|   2.8205406366325913E-02|       1257|
10|  -1.571E-01|                 Infinity|   2.9894063777797554E-02|       1119|
10|  -3.000E-05|                 Infinity|   2.8795614186045339E-02|       1206|
10|   1.570E-01|                 Infinity|   2.8171808490950551E-02|       1260|
10|   3.141E-01|                 Infinity|   2.7809983907757470E-02|       1293|
10|   4.712E-01|                 Infinity|   2.7106343491104655E-02|       1361|
10|   6.283E-01|                 Infinity|   2.6764386378609461E-02|       1396|
10|   7.854E-01|                 Infinity|   2.4845199749997663E-02|       1620|
10|   9.424E-01|                 Infinity|   2.3856905993323491E-02|       1757|
10|   1.100E+00|                 Infinity|   2.2238701440076274E-02|       2022|
10|   1.257E+00|                 Infinity|   2.1247759143566761E-02|       2215|
10|   1.414E+00|                 Infinity|   2.0770324619863195E-02|       2318|
10|   1.571E+00|                 Infinity|   2.0044145734457890E-02|       2489|
10|   1.728E+00|                 Infinity|   1.9320290100197885E-02|       2679|
10|   1.885E+00|                 Infinity|   1.9822394114938212E-02|       2545|
10|   2.042E+00|                 Infinity|   2.0476503894465040E-02|       2385|
10|   2.199E+00|                 Infinity|   2.1541520906608189E-02|       2155|
10|   2.356E+00|                 Infinity|   2.2388683141982252E-02|       1995|
10|   2.513E+00|                 Infinity|   2.4382992454708537E-02|       1682|
10|   2.670E+00|                 Infinity|   2.4937733402690822E-02|       1608|
10|   2.827E+00|                 Infinity|   2.4922239313961342E-02|       1610|
10|   2.984E+00|                 Infinity|   2.3735633163877067E-02|       1775|
# integrated result:   1.2308752775860857E-04
#
