#
# column #1=histogram, #2=x-axis bin, #3=binned cross-section, #4=error, #5=number of events 
# this can be easily plotted in gnuplot with the commands:
#    NHi=3
#    plot 'output.dat' using ($2):($1==NHi ? $3 : 1/0) w st
# where NHi selects the histogram
#
#
# run time =      -0.00min
# TotCS =      1.9314735036E-04           3.53708E-05
#
# Histogram 1: m_jj                                              
 1|   0.000E+00|                      NaN|   0.0000000000000000E+00|          0|
 1|   5.000E+01|                 Infinity|   3.9996800383948804E-03|      62510|
 1|   1.000E+02|                 Infinity|   1.2796347931595242E-02|       6107|
 1|   1.500E+02|                 Infinity|   7.4329414624716636E-02|        181|
 1|   2.000E+02|                 Infinity|   1.6903085094570330E-01|         35|
 1|   2.500E+02|                 Infinity|   2.5000000000000000E-01|         16|
 1|   3.000E+02|                 Infinity|   4.4721359549995793E-01|          5|
 1|   3.500E+02|                      NaN|   0.0000000000000000E+00|          0|
 1|   4.000E+02|                      NaN|   0.0000000000000000E+00|          0|
 1|   4.500E+02|                 Infinity|   1.0000000000000000E+00|          1|
 1|   5.000E+02|                      NaN|   0.0000000000000000E+00|          0|
 1|   5.500E+02|                      NaN|   0.0000000000000000E+00|          0|
 1|   6.000E+02|                      NaN|   0.0000000000000000E+00|          0|
 1|   6.500E+02|                      NaN|   0.0000000000000000E+00|          0|
 1|   7.000E+02|                      NaN|   0.0000000000000000E+00|          0|
 1|   7.500E+02|                      NaN|   0.0000000000000000E+00|          0|
 1|   8.000E+02|                      NaN|   0.0000000000000000E+00|          0|
 1|   8.500E+02|                      NaN|   0.0000000000000000E+00|          0|
 1|   9.000E+02|                      NaN|   0.0000000000000000E+00|          0|
 1|   9.500E+02|                      NaN|   0.0000000000000000E+00|          0|
 1|   1.000E+03|                      NaN|   0.0000000000000000E+00|          0|
 1|   1.050E+03|                      NaN|   0.0000000000000000E+00|          0|
 1|   1.100E+03|                      NaN|   0.0000000000000000E+00|          0|
 1|   1.150E+03|                      NaN|   0.0000000000000000E+00|          0|
 1|   1.200E+03|                      NaN|   0.0000000000000000E+00|          0|
 1|   1.250E+03|                      NaN|   0.0000000000000000E+00|          0|
 1|   1.300E+03|                      NaN|   0.0000000000000000E+00|          0|
 1|   1.350E+03|                      NaN|   0.0000000000000000E+00|          0|
 1|   1.400E+03|                      NaN|   0.0000000000000000E+00|          0|
 1|   1.450E+03|                      NaN|   0.0000000000000000E+00|          0|
 1|   1.500E+03|                      NaN|   0.0000000000000000E+00|          0|
 1|   1.550E+03|                      NaN|   0.0000000000000000E+00|          0|
 1|   1.600E+03|                      NaN|   0.0000000000000000E+00|          0|
 1|   1.650E+03|                      NaN|   0.0000000000000000E+00|          0|
 1|   1.700E+03|                      NaN|   0.0000000000000000E+00|          0|
 1|   1.750E+03|                      NaN|   0.0000000000000000E+00|          0|
 1|   1.800E+03|                      NaN|   0.0000000000000000E+00|          0|
 1|   1.850E+03|                      NaN|   0.0000000000000000E+00|          0|
 1|   1.900E+03|                      NaN|   0.0000000000000000E+00|          0|
 1|   1.950E+03|                      NaN|   0.0000000000000000E+00|          0|
 1|   2.000E+03|                      NaN|   0.0000000000000000E+00|          0|
 1|   2.050E+03|                      NaN|   0.0000000000000000E+00|          0|
 1|   2.100E+03|                      NaN|   0.0000000000000000E+00|          0|
 1|   2.150E+03|                      NaN|   0.0000000000000000E+00|          0|
 1|   2.200E+03|                      NaN|   0.0000000000000000E+00|          0|
 1|   2.250E+03|                      NaN|   0.0000000000000000E+00|          0|
 1|   2.300E+03|                      NaN|   0.0000000000000000E+00|          0|
 1|   2.350E+03|                      NaN|   0.0000000000000000E+00|          0|
 1|   2.400E+03|                      NaN|   0.0000000000000000E+00|          0|
 1|   2.450E+03|                      NaN|   0.0000000000000000E+00|          0|
 1|   2.500E+03|                      NaN|   0.0000000000000000E+00|          0|
 1|   2.550E+03|                      NaN|   0.0000000000000000E+00|          0|
 1|   2.600E+03|                      NaN|   0.0000000000000000E+00|          0|
 1|   2.650E+03|                      NaN|   0.0000000000000000E+00|          0|
 1|   2.700E+03|                      NaN|   0.0000000000000000E+00|          0|
 1|   2.750E+03|                      NaN|   0.0000000000000000E+00|          0|
 1|   2.800E+03|                      NaN|   0.0000000000000000E+00|          0|
 1|   2.850E+03|                      NaN|   0.0000000000000000E+00|          0|
 1|   2.900E+03|                      NaN|   0.0000000000000000E+00|          0|
 1|   2.950E+03|                      NaN|   0.0000000000000000E+00|          0|
 1|   3.000E+03|                      NaN|   0.0000000000000000E+00|          0|
 1|   3.050E+03|                      NaN|   0.0000000000000000E+00|          0|
 1|   3.100E+03|                      NaN|   0.0000000000000000E+00|          0|
 1|   3.150E+03|                      NaN|   0.0000000000000000E+00|          0|
 1|   3.200E+03|                      NaN|   0.0000000000000000E+00|          0|
 1|   3.250E+03|                      NaN|   0.0000000000000000E+00|          0|
 1|   3.300E+03|                      NaN|   0.0000000000000000E+00|          0|
 1|   3.350E+03|                      NaN|   0.0000000000000000E+00|          0|
 1|   3.400E+03|                      NaN|   0.0000000000000000E+00|          0|
 1|   3.450E+03|                      NaN|   0.0000000000000000E+00|          0|
 1|   3.500E+03|                      NaN|   0.0000000000000000E+00|          0|
 1|   3.550E+03|                      NaN|   0.0000000000000000E+00|          0|
 1|   3.600E+03|                      NaN|   0.0000000000000000E+00|          0|
 1|   3.650E+03|                      NaN|   0.0000000000000000E+00|          0|
 1|   3.700E+03|                      NaN|   0.0000000000000000E+00|          0|
 1|   3.750E+03|                      NaN|   0.0000000000000000E+00|          0|
 1|   3.800E+03|                      NaN|   0.0000000000000000E+00|          0|
 1|   3.850E+03|                      NaN|   0.0000000000000000E+00|          0|
 1|   3.900E+03|                      NaN|   0.0000000000000000E+00|          0|
 1|   3.950E+03|                      NaN|   0.0000000000000000E+00|          0|
 1|   4.000E+03|                      NaN|   0.0000000000000000E+00|          0|
 1|   4.050E+03|                      NaN|   0.0000000000000000E+00|          0|
 1|   4.100E+03|                      NaN|   0.0000000000000000E+00|          0|
 1|   4.150E+03|                      NaN|   0.0000000000000000E+00|          0|
 1|   4.200E+03|                      NaN|   0.0000000000000000E+00|          0|
 1|   4.250E+03|                      NaN|   0.0000000000000000E+00|          0|
 1|   4.300E+03|                      NaN|   0.0000000000000000E+00|          0|
 1|   4.350E+03|                      NaN|   0.0000000000000000E+00|          0|
 1|   4.400E+03|                      NaN|   0.0000000000000000E+00|          0|
 1|   4.450E+03|                      NaN|   0.0000000000000000E+00|          0|
 1|   4.500E+03|                      NaN|   0.0000000000000000E+00|          0|
 1|   4.550E+03|                      NaN|   0.0000000000000000E+00|          0|
 1|   4.600E+03|                      NaN|   0.0000000000000000E+00|          0|
 1|   4.650E+03|                      NaN|   0.0000000000000000E+00|          0|
 1|   4.700E+03|                      NaN|   0.0000000000000000E+00|          0|
 1|   4.750E+03|                      NaN|   0.0000000000000000E+00|          0|
 1|   4.800E+03|                      NaN|   0.0000000000000000E+00|          0|
 1|   4.850E+03|                      NaN|   0.0000000000000000E+00|          0|
 1|   4.900E+03|                      NaN|   0.0000000000000000E+00|          0|
 1|   4.950E+03|                      NaN|   0.0000000000000000E+00|          0|
# integrated result:   1.9314735036277841E-04
#
# Histogram 2: m_jj                                              
 2|   0.000E+00|                      NaN|   0.0000000000000000E+00|          0|
 2|   2.000E+00|                      NaN|   0.0000000000000000E+00|          0|
 2|   4.000E+00|                      NaN|   0.0000000000000000E+00|          0|
 2|   6.000E+00|                      NaN|   0.0000000000000000E+00|          0|
 2|   8.000E+00|                      NaN|   0.0000000000000000E+00|          0|
 2|   1.000E+01|                      NaN|   0.0000000000000000E+00|          0|
 2|   1.200E+01|                      NaN|   0.0000000000000000E+00|          0|
 2|   1.400E+01|                      NaN|   0.0000000000000000E+00|          0|
 2|   1.600E+01|                      NaN|   0.0000000000000000E+00|          0|
 2|   1.800E+01|                      NaN|   0.0000000000000000E+00|          0|
 2|   2.000E+01|                      NaN|   0.0000000000000000E+00|          0|
 2|   2.200E+01|                      NaN|   0.0000000000000000E+00|          0|
 2|   2.400E+01|                      NaN|   0.0000000000000000E+00|          0|
 2|   2.600E+01|                      NaN|   0.0000000000000000E+00|          0|
 2|   2.800E+01|                      NaN|   0.0000000000000000E+00|          0|
 2|   3.000E+01|                      NaN|   0.0000000000000000E+00|          0|
 2|   3.200E+01|                      NaN|   0.0000000000000000E+00|          0|
 2|   3.400E+01|                      NaN|   0.0000000000000000E+00|          0|
 2|   3.600E+01|                      NaN|   0.0000000000000000E+00|          0|
 2|   3.800E+01|                      NaN|   0.0000000000000000E+00|          0|
 2|   4.000E+01|                      NaN|   0.0000000000000000E+00|          0|
 2|   4.200E+01|                      NaN|   0.0000000000000000E+00|          0|
 2|   4.400E+01|                      NaN|   0.0000000000000000E+00|          0|
 2|   4.600E+01|                      NaN|   0.0000000000000000E+00|          0|
 2|   4.800E+01|                      NaN|   0.0000000000000000E+00|          0|
 2|   5.000E+01|                      NaN|   0.0000000000000000E+00|          0|
 2|   5.200E+01|                      NaN|   0.0000000000000000E+00|          0|
 2|   5.400E+01|                      NaN|   0.0000000000000000E+00|          0|
 2|   5.600E+01|                      NaN|   0.0000000000000000E+00|          0|
 2|   5.800E+01|                      NaN|   0.0000000000000000E+00|          0|
 2|   6.000E+01|                      NaN|   0.0000000000000000E+00|          0|
 2|   6.200E+01|                      NaN|   0.0000000000000000E+00|          0|
 2|   6.400E+01|                      NaN|   0.0000000000000000E+00|          0|
 2|   6.600E+01|                      NaN|   0.0000000000000000E+00|          0|
 2|   6.800E+01|                      NaN|   0.0000000000000000E+00|          0|
 2|   7.000E+01|                 Infinity|   3.0845984923781787E-02|       1051|
 2|   7.200E+01|                 Infinity|   3.3277916281986085E-02|        903|
 2|   7.400E+01|                 Infinity|   3.3186165579998601E-02|        908|
 2|   7.600E+01|                 Infinity|   3.4079908829549851E-02|        861|
 2|   7.800E+01|                 Infinity|   3.4360406637202474E-02|        847|
 2|   8.000E+01|                 Infinity|   3.1943828249996996E-02|        980|
 2|   8.200E+01|                 Infinity|   2.6126497213658208E-02|       1465|
 2|   8.400E+01|                 Infinity|   2.4536645240595824E-02|       1661|
 2|   8.600E+01|                 Infinity|   1.4980537942799493E-02|       4456|
 2|   8.800E+01|                 Infinity|   8.9955123587202798E-03|      12358|
 2|   9.000E+01|                 Infinity|   6.6784012805776918E-03|      22421|
 2|   9.200E+01|                 Infinity|   9.8590375840637377E-03|      10288|
 2|   9.400E+01|                 Infinity|   2.2433708191265899E-02|       1987|
 2|   9.600E+01|                 Infinity|   2.6020147394144395E-02|       1477|
 2|   9.800E+01|                 Infinity|   3.4360406637202474E-02|        847|
 2|   1.000E+02|                 Infinity|   3.9193090083481028E-02|        651|
 2|   1.020E+02|                 Infinity|   3.5049981861639080E-02|        814|
 2|   1.040E+02|                 Infinity|   3.0429030972509229E-02|       1080|
 2|   1.060E+02|                 Infinity|   2.7096390730170242E-02|       1362|
 2|   1.080E+02|                 Infinity|   3.3595657034169793E-02|        886|
 2|   1.100E+02|                 Infinity|   5.3300179088902604E-02|        352|
 2|   1.120E+02|                 Infinity|   6.5232807305344226E-02|        235|
 2|   1.140E+02|                 Infinity|   8.6066296582387042E-02|        135|
 2|   1.160E+02|                 Infinity|   1.0846522890932808E-01|         85|
 2|   1.180E+02|                 Infinity|   1.1470786693528087E-01|         76|
 2|   1.200E+02|                 Infinity|   1.4142135623730950E-01|         50|
 2|   1.220E+02|                 Infinity|   1.7677669529663687E-01|         32|
 2|   1.240E+02|                 Infinity|   1.7149858514250882E-01|         34|
 2|   1.260E+02|                 Infinity|   1.7677669529663687E-01|         32|
 2|   1.280E+02|                 Infinity|   1.8569533817705186E-01|         29|
 2|   1.300E+02|                 Infinity|   1.6666666666666666E-01|         36|
 2|   1.320E+02|                 Infinity|   1.7407765595569785E-01|         33|
 2|   1.340E+02|                 Infinity|   1.7407765595569785E-01|         33|
 2|   1.360E+02|                 Infinity|   2.0851441405707477E-01|         23|
 2|   1.380E+02|                 Infinity|   1.7960530202677491E-01|         31|
 2|   1.400E+02|                 Infinity|   2.5000000000000000E-01|         16|
 2|   1.420E+02|                 Infinity|   2.0412414523193154E-01|         24|
 2|   1.440E+02|                 Infinity|   2.0851441405707477E-01|         23|
 2|   1.460E+02|                 Infinity|   2.0000000000000001E-01|         25|
 2|   1.480E+02|                 Infinity|   3.1622776601683794E-01|         10|
 2|   1.500E+02|                 Infinity|   2.5000000000000000E-01|         16|
 2|   1.520E+02|                 Infinity|   2.4253562503633297E-01|         17|
 2|   1.540E+02|                 Infinity|   3.1622776601683794E-01|         10|
 2|   1.560E+02|                 Infinity|   2.4253562503633297E-01|         17|
 2|   1.580E+02|                 Infinity|   3.3333333333333331E-01|          9|
 2|   1.600E+02|                 Infinity|   2.8867513459481292E-01|         12|
 2|   1.620E+02|                 Infinity|   4.4721359549995793E-01|          5|
 2|   1.640E+02|                 Infinity|   3.3333333333333331E-01|          9|
 2|   1.660E+02|                 Infinity|   3.5355339059327373E-01|          8|
 2|   1.680E+02|                 Infinity|   4.0824829046386307E-01|          6|
 2|   1.700E+02|                 Infinity|   2.8867513459481292E-01|         12|
 2|   1.720E+02|                 Infinity|   4.0824829046386307E-01|          6|
 2|   1.740E+02|                 Infinity|   4.4721359549995793E-01|          5|
 2|   1.760E+02|                 Infinity|   3.7796447300922720E-01|          7|
 2|   1.780E+02|                 Infinity|   3.7796447300922720E-01|          7|
 2|   1.800E+02|                 Infinity|   4.4721359549995793E-01|          5|
 2|   1.820E+02|                 Infinity|   4.4721359549995793E-01|          5|
 2|   1.840E+02|                 Infinity|   5.7735026918962584E-01|          3|
 2|   1.860E+02|                 Infinity|   3.7796447300922720E-01|          7|
 2|   1.880E+02|                 Infinity|   3.7796447300922720E-01|          7|
 2|   1.900E+02|                 Infinity|   7.0710678118654746E-01|          2|
 2|   1.920E+02|                 Infinity|   1.0000000000000000E+00|          1|
 2|   1.940E+02|                 Infinity|   1.0000000000000000E+00|          1|
 2|   1.960E+02|                 Infinity|   7.0710678118654746E-01|          2|
 2|   1.980E+02|                 Infinity|   7.0710678118654746E-01|          2|
# integrated result:   1.9314735036277944E-04
#
# Histogram 3: pT(H)                                             
 3|   0.000E+00|                 Infinity|   1.5690256395005604E-02|       4062|
 3|   1.000E+01|                 Infinity|   1.2572898403508172E-02|       6326|
 3|   2.000E+01|                 Infinity|   1.2594818046496960E-02|       6304|
 3|   3.000E+01|                 Infinity|   1.3468089810155320E-02|       5513|
 3|   4.000E+01|                 Infinity|   1.3402610278513210E-02|       5567|
 3|   5.000E+01|                 Infinity|   1.3738648837355866E-02|       5298|
 3|   6.000E+01|                 Infinity|   1.4497321867154718E-02|       4758|
 3|   7.000E+01|                 Infinity|   1.5556784782176378E-02|       4132|
 3|   8.000E+01|                 Infinity|   1.6457700466915831E-02|       3692|
 3|   9.000E+01|                 Infinity|   1.7522300366447991E-02|       3257|
 3|   1.000E+02|                 Infinity|   1.8340135728510711E-02|       2973|
 3|   1.100E+02|                 Infinity|   1.9657028349268788E-02|       2588|
 3|   1.200E+02|                 Infinity|   2.1067810539380061E-02|       2253|
 3|   1.300E+02|                 Infinity|   2.2610781582306727E-02|       1956|
 3|   1.400E+02|                 Infinity|   2.4953256425297481E-02|       1606|
 3|   1.500E+02|                 Infinity|   2.6234161806670223E-02|       1453|
 3|   1.600E+02|                 Infinity|   2.9656491293029667E-02|       1137|
 3|   1.700E+02|                 Infinity|   3.1686212526223896E-02|        996|
 3|   1.800E+02|                 Infinity|   3.4199278402838471E-02|        855|
 3|   1.900E+02|                 Infinity|   3.9652579285907208E-02|        636|
 3|   2.000E+02|                 Infinity|   4.3478260869565216E-02|        529|
 3|   2.100E+02|                 Infinity|   4.6077567758409141E-02|        471|
 3|   2.200E+02|                 Infinity|   5.0000000000000003E-02|        400|
 3|   2.300E+02|                 Infinity|   5.5300126360933101E-02|        327|
 3|   2.400E+02|                 Infinity|   6.1780206321521543E-02|        262|
 3|   2.500E+02|                 Infinity|   6.9843029576957816E-02|        205|
 3|   2.600E+02|                 Infinity|   7.8811040623910061E-02|        161|
 3|   2.700E+02|                 Infinity|   8.3045479853739973E-02|        145|
 3|   2.800E+02|                 Infinity|   8.8735650941611385E-02|        127|
 3|   2.900E+02|                 Infinity|   9.1287092917527679E-02|        120|
 3|   3.000E+02|                 Infinity|   1.0599978800063600E-01|         89|
 3|   3.100E+02|                 Infinity|   1.0976425998969035E-01|         83|
 3|   3.200E+02|                 Infinity|   1.2598815766974239E-01|         63|
 3|   3.300E+02|                 Infinity|   1.2309149097933272E-01|         66|
 3|   3.400E+02|                 Infinity|   1.2598815766974239E-01|         63|
 3|   3.500E+02|                 Infinity|   1.4907119849998599E-01|         45|
 3|   3.600E+02|                 Infinity|   1.6903085094570330E-01|         35|
 3|   3.700E+02|                 Infinity|   1.7677669529663687E-01|         32|
 3|   3.800E+02|                 Infinity|   2.3570226039551587E-01|         18|
 3|   3.900E+02|                 Infinity|   2.1821789023599239E-01|         21|
 3|   4.000E+02|                 Infinity|   2.1320071635561041E-01|         22|
 3|   4.100E+02|                 Infinity|   1.9245008972987526E-01|         27|
 3|   4.200E+02|                 Infinity|   2.0000000000000001E-01|         25|
 3|   4.300E+02|                 Infinity|   2.7735009811261457E-01|         13|
 3|   4.400E+02|                 Infinity|   2.2360679774997896E-01|         20|
 3|   4.500E+02|                 Infinity|   2.6726124191242440E-01|         14|
 3|   4.600E+02|                 Infinity|   5.0000000000000000E-01|          4|
 3|   4.700E+02|                 Infinity|   3.3333333333333331E-01|          9|
 3|   4.800E+02|                 Infinity|   3.7796447300922720E-01|          7|
 3|   4.900E+02|                 Infinity|   3.7796447300922720E-01|          7|
# integrated result:   1.9314735036277903E-04
#
# Histogram 4: pT(j1)                                            
 4|   0.000E+00|                      NaN|   0.0000000000000000E+00|          0|
 4|   1.000E+01|                 Infinity|   6.9843029576957816E-02|        205|
 4|   2.000E+01|                 Infinity|   2.6919095102908276E-02|       1380|
 4|   3.000E+01|                 Infinity|   1.4566368083458434E-02|       4713|
 4|   4.000E+01|                 Infinity|   1.0086099335052237E-02|       9830|
 4|   5.000E+01|                 Infinity|   9.6457537645660112E-03|      10748|
 4|   6.000E+01|                 Infinity|   1.0681298198423771E-02|       8765|
 4|   7.000E+01|                 Infinity|   1.1853634095982498E-02|       7117|
 4|   8.000E+01|                 Infinity|   1.3594437206877093E-02|       5411|
 4|   9.000E+01|                 Infinity|   1.5391903217987005E-02|       4221|
 4|   1.000E+02|                 Infinity|   1.7077183985952000E-02|       3429|
 4|   1.100E+02|                 Infinity|   1.9360077316559157E-02|       2668|
 4|   1.200E+02|                 Infinity|   2.1452116007007204E-02|       2173|
 4|   1.300E+02|                 Infinity|   2.3749016662636548E-02|       1773|
 4|   1.400E+02|                 Infinity|   2.6745234757997019E-02|       1398|
 4|   1.500E+02|                 Infinity|   3.0949223029508647E-02|       1044|
 4|   1.600E+02|                 Infinity|   3.5759926992607577E-02|        782|
 4|   1.700E+02|                 Infinity|   3.8924947208076148E-02|        660|
 4|   1.800E+02|                 Infinity|   4.4721359549995794E-02|        500|
 4|   1.900E+02|                 Infinity|   5.1366549693751415E-02|        379|
 4|   2.000E+02|                 Infinity|   5.7639041770423498E-02|        301|
 4|   2.100E+02|                 Infinity|   6.4820372355216441E-02|        238|
 4|   2.200E+02|                 Infinity|   7.5809804357890337E-02|        174|
 4|   2.300E+02|                 Infinity|   7.5592894601845442E-02|        175|
 4|   2.400E+02|                 Infinity|   9.1669849702821132E-02|        119|
 4|   2.500E+02|                 Infinity|   1.0314212462587934E-01|         94|
 4|   2.600E+02|                 Infinity|   1.0910894511799619E-01|         84|
 4|   2.700E+02|                 Infinity|   1.1043152607484653E-01|         82|
 4|   2.800E+02|                 Infinity|   1.3608276348795434E-01|         54|
 4|   2.900E+02|                 Infinity|   1.5075567228888181E-01|         44|
 4|   3.000E+02|                 Infinity|   1.6903085094570330E-01|         35|
 4|   3.100E+02|                 Infinity|   1.7960530202677491E-01|         31|
 4|   3.200E+02|                 Infinity|   1.8257418583505536E-01|         30|
 4|   3.300E+02|                 Infinity|   1.8569533817705186E-01|         29|
 4|   3.400E+02|                 Infinity|   2.5000000000000000E-01|         16|
 4|   3.500E+02|                 Infinity|   2.8867513459481292E-01|         12|
 4|   3.600E+02|                 Infinity|   3.5355339059327373E-01|          8|
 4|   3.700E+02|                 Infinity|   2.6726124191242440E-01|         14|
 4|   3.800E+02|                 Infinity|   3.0151134457776363E-01|         11|
 4|   3.900E+02|                 Infinity|   3.3333333333333331E-01|          9|
 4|   4.000E+02|                 Infinity|   2.8867513459481292E-01|         12|
 4|   4.100E+02|                 Infinity|   3.5355339059327373E-01|          8|
 4|   4.200E+02|                 Infinity|   4.0824829046386307E-01|          6|
 4|   4.300E+02|                 Infinity|   3.7796447300922720E-01|          7|
 4|   4.400E+02|                 Infinity|   3.0151134457776363E-01|         11|
 4|   4.500E+02|                 Infinity|   3.7796447300922720E-01|          7|
 4|   4.600E+02|                 Infinity|   4.4721359549995793E-01|          5|
 4|   4.700E+02|                 Infinity|   1.0000000000000000E+00|          1|
 4|   4.800E+02|                 Infinity|   5.7735026918962584E-01|          3|
 4|   4.900E+02|                 Infinity|   5.0000000000000000E-01|          4|
# integrated result:   1.9314735036277925E-04
#
# Histogram 5: dy(j1,j2)                                         
 5|  -5.000E+00|                      NaN|   0.0000000000000000E+00|          0|
 5|  -4.800E+00|                      NaN|   0.0000000000000000E+00|          0|
 5|  -4.600E+00|                      NaN|   0.0000000000000000E+00|          0|
 5|  -4.400E+00|                 Infinity|   1.0000000000000000E+00|          1|
 5|  -4.200E+00|                 Infinity|   3.7796447300922720E-01|          7|
 5|  -4.000E+00|                 Infinity|   2.7735009811261457E-01|         13|
 5|  -3.800E+00|                 Infinity|   1.6666666666666666E-01|         36|
 5|  -3.600E+00|                 Infinity|   1.6439898730535729E-01|         37|
 5|  -3.400E+00|                 Infinity|   1.0660035817780521E-01|         88|
 5|  -3.200E+00|                 Infinity|   9.0535746042518531E-02|        122|
 5|  -3.000E+00|                 Infinity|   7.3720978077448568E-02|        184|
 5|  -2.800E+00|                 Infinity|   5.6343616981901101E-02|        315|
 5|  -2.600E+00|                 Infinity|   5.0315460542662761E-02|        395|
 5|  -2.400E+00|                 Infinity|   4.2796049251091289E-02|        546|
 5|  -2.200E+00|                 Infinity|   3.1734040798768841E-02|        993|
 5|  -2.000E+00|                 Infinity|   3.0700277992275839E-02|       1061|
 5|  -1.800E+00|                 Infinity|   2.8038607704602217E-02|       1272|
 5|  -1.600E+00|                 Infinity|   2.3243246638896761E-02|       1851|
 5|  -1.400E+00|                 Infinity|   2.1091227030479890E-02|       2248|
 5|  -1.200E+00|                 Infinity|   1.7042428814615859E-02|       3443|
 5|  -1.000E+00|                 Infinity|   1.7228580422595965E-02|       3369|
 5|  -8.000E-01|                 Infinity|   1.4546320137365395E-02|       4726|
 5|  -6.000E-01|                 Infinity|   1.3476648353860622E-02|       5506|
 5|  -4.000E-01|                 Infinity|   1.5653689050413564E-02|       4081|
 5|  -2.000E-01|                 Infinity|   1.6143737989000342E-02|       3837|
 5|   0.000E+00|                 Infinity|   1.3543224462197162E-02|       5452|
 5|   2.000E-01|                 Infinity|   1.1166390612088834E-02|       8020|
 5|   4.000E-01|                 Infinity|   1.6083074554278130E-02|       3866|
 5|   6.000E-01|                 Infinity|   1.7871395507553855E-02|       3131|
 5|   8.000E-01|                 Infinity|   1.8640373288397023E-02|       2878|
 5|   1.000E+00|                 Infinity|   1.9992004796802236E-02|       2502|
 5|   1.200E+00|                 Infinity|   2.2027286681836327E-02|       2061|
 5|   1.400E+00|                 Infinity|   2.4154307519818494E-02|       1714|
 5|   1.600E+00|                 Infinity|   2.5278006958277935E-02|       1565|
 5|   1.800E+00|                 Infinity|   2.6324906324632819E-02|       1443|
 5|   2.000E+00|                 Infinity|   3.6202430712799827E-02|        763|
 5|   2.200E+00|                 Infinity|   4.2993358039234778E-02|        541|
 5|   2.400E+00|                 Infinity|   5.1987524491003641E-02|        370|
 5|   2.600E+00|                 Infinity|   7.4329414624716636E-02|        181|
 5|   2.800E+00|                 Infinity|   9.4491118252306799E-02|        112|
 5|   3.000E+00|                 Infinity|   1.2598815766974239E-01|         63|
 5|   3.200E+00|                 Infinity|   1.8898223650461360E-01|         28|
 5|   3.400E+00|                 Infinity|   2.3570226039551587E-01|         18|
 5|   3.600E+00|                 Infinity|   3.0151134457776363E-01|         11|
 5|   3.800E+00|                 Infinity|   5.7735026918962584E-01|          3|
 5|   4.000E+00|                 Infinity|   7.0710678118654746E-01|          2|
 5|   4.200E+00|                      NaN|   0.0000000000000000E+00|          0|
 5|   4.400E+00|                      NaN|   0.0000000000000000E+00|          0|
 5|   4.600E+00|                      NaN|   0.0000000000000000E+00|          0|
 5|   4.800E+00|                      NaN|   0.0000000000000000E+00|          0|
# integrated result:   1.9314735036277890E-04
#
# Histogram 6: mz1                                               
 6|   0.000E+00|                      NaN|   0.0000000000000000E+00|          0|
 6|   2.000E+00|                      NaN|   0.0000000000000000E+00|          0|
 6|   4.000E+00|                 Infinity|   2.2064789082034391E-02|       2054|
 6|   6.000E+00|                 Infinity|   1.7902871850985824E-02|       3120|
 6|   8.000E+00|                 Infinity|   2.1506619680967013E-02|       2162|
 6|   1.000E+01|                 Infinity|   3.6563621206356534E-02|        748|
 6|   1.200E+01|                 Infinity|   3.3595657034169793E-02|        886|
 6|   1.400E+01|                 Infinity|   3.3022909334191324E-02|        917|
 6|   1.600E+01|                 Infinity|   3.9621442587516369E-02|        637|
 6|   1.800E+01|                 Infinity|   4.3478260869565216E-02|        529|
 6|   2.000E+01|                 Infinity|   2.2657162721472189E-02|       1948|
 6|   2.200E+01|                 Infinity|   2.1863473472331304E-02|       2092|
 6|   2.400E+01|                 Infinity|   5.1097613030759603E-02|        383|
 6|   2.600E+01|                 Infinity|   2.4566243134638045E-02|       1657|
 6|   2.800E+01|                 Infinity|   2.3350723124715221E-02|       1834|
 6|   3.000E+01|                 Infinity|   5.0315460542662761E-02|        395|
 6|   3.200E+01|                 Infinity|   5.7831493196624020E-02|        299|
 6|   3.400E+01|                 Infinity|   6.3119440309780311E-02|        251|
 6|   3.600E+01|                 Infinity|   5.1434449987363969E-02|        378|
 6|   3.800E+01|                 Infinity|   5.5989251095585432E-02|        319|
 6|   4.000E+01|                 Infinity|   6.0522753266880246E-02|        273|
 6|   4.200E+01|                 Infinity|   8.2760588860236795E-02|        146|
 6|   4.400E+01|                 Infinity|   7.5592894601845442E-02|        175|
 6|   4.600E+01|                 Infinity|   8.3333333333333329E-02|        144|
 6|   4.800E+01|                 Infinity|   7.6471911290187253E-02|        171|
 6|   5.000E+01|                 Infinity|   7.5592894601845442E-02|        175|
 6|   5.200E+01|                 Infinity|   8.0064076902543566E-02|        156|
 6|   5.400E+01|                 Infinity|   9.2847669088525930E-02|        116|
 6|   5.600E+01|                 Infinity|   9.7128586235726413E-02|        106|
 6|   5.800E+01|                 Infinity|   9.0166963466743230E-02|        123|
 6|   6.000E+01|                 Infinity|   8.8735650941611385E-02|        127|
 6|   6.200E+01|                 Infinity|   9.1287092917527679E-02|        120|
 6|   6.400E+01|                 Infinity|   9.1669849702821132E-02|        119|
 6|   6.600E+01|                 Infinity|   8.2760588860236795E-02|        146|
 6|   6.800E+01|                 Infinity|   8.1649658092772609E-02|        150|
 6|   7.000E+01|                 Infinity|   8.6066296582387042E-02|        135|
 6|   7.200E+01|                 Infinity|   8.1923192051904056E-02|        149|
 6|   7.400E+01|                 Infinity|   7.6696498884737035E-02|        170|
 6|   7.600E+01|                 Infinity|   5.6254395046301198E-02|        316|
 6|   7.800E+01|                 Infinity|   4.2371359860703575E-02|        557|
 6|   8.000E+01|                 Infinity|   3.7319668543103798E-02|        718|
 6|   8.200E+01|                 Infinity|   4.4901325506693728E-02|        496|
 6|   8.400E+01|                 Infinity|   3.3407655239053050E-02|        896|
 6|   8.600E+01|                 Infinity|   3.2897584747988450E-02|        924|
 6|   8.800E+01|                 Infinity|   8.2077576990126824E-03|      14844|
 6|   9.000E+01|                 Infinity|   7.5130653113456031E-03|      17716|
 6|   9.200E+01|                 Infinity|   1.4530954842977411E-02|       4736|
 6|   9.400E+01|                 Infinity|   2.9285370632871136E-02|       1166|
 6|   9.600E+01|                 Infinity|   3.6442025853950177E-02|        753|
 6|   9.800E+01|                 Infinity|   5.1502620262460476E-02|        377|
 6|   1.000E+02|                 Infinity|   5.5901699437494741E-02|        320|
 6|   1.020E+02|                 Infinity|   7.3521462209380772E-02|        185|
 6|   1.040E+02|                 Infinity|   9.3250480824031381E-02|        115|
 6|   1.060E+02|                 Infinity|   1.0846522890932808E-01|         85|
 6|   1.080E+02|                 Infinity|   1.2309149097933272E-01|         66|
 6|   1.100E+02|                 Infinity|   1.2403473458920847E-01|         65|
 6|   1.120E+02|                 Infinity|   1.5075567228888181E-01|         44|
 6|   1.140E+02|                 Infinity|   1.4142135623730950E-01|         50|
 6|   1.160E+02|                 Infinity|   1.5617376188860607E-01|         41|
 6|   1.180E+02|                 Infinity|   1.6439898730535729E-01|         37|
 6|   1.200E+02|                 Infinity|   1.5811388300841897E-01|         40|
 6|   1.220E+02|                 Infinity|   1.6666666666666666E-01|         36|
 6|   1.240E+02|                 Infinity|   1.6666666666666666E-01|         36|
 6|   1.260E+02|                 Infinity|   1.6222142113076254E-01|         38|
 6|   1.280E+02|                 Infinity|   1.4002800840280097E-01|         51|
 6|   1.300E+02|                 Infinity|   1.6666666666666666E-01|         36|
 6|   1.320E+02|                 Infinity|   1.4433756729740646E-01|         48|
 6|   1.340E+02|                 Infinity|   1.6439898730535729E-01|         37|
 6|   1.360E+02|                 Infinity|   1.6012815380508713E-01|         39|
 6|   1.380E+02|                 Infinity|   1.6012815380508713E-01|         39|
 6|   1.400E+02|                 Infinity|   1.6439898730535729E-01|         37|
 6|   1.420E+02|                 Infinity|   1.8257418583505536E-01|         30|
 6|   1.440E+02|                 Infinity|   2.0851441405707477E-01|         23|
 6|   1.460E+02|                 Infinity|   1.9245008972987526E-01|         27|
 6|   1.480E+02|                 Infinity|   1.9245008972987526E-01|         27|
 6|   1.500E+02|                 Infinity|   1.7149858514250882E-01|         34|
 6|   1.520E+02|                 Infinity|   2.1320071635561041E-01|         22|
 6|   1.540E+02|                 Infinity|   1.9245008972987526E-01|         27|
 6|   1.560E+02|                 Infinity|   1.8898223650461360E-01|         28|
 6|   1.580E+02|                 Infinity|   2.4253562503633297E-01|         17|
 6|   1.600E+02|                 Infinity|   2.0000000000000001E-01|         25|
 6|   1.620E+02|                 Infinity|   2.0851441405707477E-01|         23|
 6|   1.640E+02|                 Infinity|   2.2941573387056174E-01|         19|
 6|   1.660E+02|                 Infinity|   2.4253562503633297E-01|         17|
 6|   1.680E+02|                 Infinity|   2.2941573387056174E-01|         19|
 6|   1.700E+02|                 Infinity|   2.1821789023599239E-01|         21|
 6|   1.720E+02|                 Infinity|   2.8867513459481292E-01|         12|
 6|   1.740E+02|                 Infinity|   3.1622776601683794E-01|         10|
 6|   1.760E+02|                 Infinity|   2.3570226039551587E-01|         18|
 6|   1.780E+02|                 Infinity|   5.0000000000000000E-01|          4|
 6|   1.800E+02|                 Infinity|   3.5355339059327373E-01|          8|
 6|   1.820E+02|                 Infinity|   2.8867513459481292E-01|         12|
 6|   1.840E+02|                 Infinity|   4.4721359549995793E-01|          5|
 6|   1.860E+02|                 Infinity|   2.5819888974716110E-01|         15|
 6|   1.880E+02|                 Infinity|   3.1622776601683794E-01|         10|
 6|   1.900E+02|                 Infinity|   3.1622776601683794E-01|         10|
 6|   1.920E+02|                 Infinity|   3.7796447300922720E-01|          7|
 6|   1.940E+02|                 Infinity|   3.0151134457776363E-01|         11|
 6|   1.960E+02|                 Infinity|   3.1622776601683794E-01|         10|
 6|   1.980E+02|                 Infinity|   3.5355339059327373E-01|          8|
# integrated result:   1.9314735036277900E-04
#
# Histogram 7: mz2                                               
 7|   0.000E+00|                      NaN|   0.0000000000000000E+00|          0|
 7|   2.000E+00|                      NaN|   0.0000000000000000E+00|          0|
 7|   4.000E+00|                 Infinity|   1.5373703018623886E-02|       4231|
 7|   6.000E+00|                 Infinity|   2.6472076758968607E-02|       1427|
 7|   8.000E+00|                 Infinity|   2.7671226645624276E-02|       1306|
 7|   1.000E+01|                 Infinity|   2.8676966733820218E-02|       1216|
 7|   1.200E+01|                 Infinity|   2.8513297425610054E-02|       1230|
 7|   1.400E+01|                 Infinity|   2.8138330394167636E-02|       1263|
 7|   1.600E+01|                 Infinity|   2.9260286799032642E-02|       1168|
 7|   1.800E+01|                 Infinity|   2.9617443887954616E-02|       1140|
 7|   2.000E+01|                 Infinity|   3.1878835653166911E-02|        984|
 7|   2.200E+01|                 Infinity|   3.1497039417435597E-02|       1008|
 7|   2.400E+01|                 Infinity|   3.2042066805600074E-02|        974|
 7|   2.600E+01|                 Infinity|   2.3376229110609222E-02|       1830|
 7|   2.800E+01|                 Infinity|   1.9090088708030313E-02|       2744|
 7|   3.000E+01|                 Infinity|   3.1702131247412065E-02|        995|
 7|   3.200E+01|                 Infinity|   3.2393177419586847E-02|        953|
 7|   3.400E+01|                 Infinity|   3.3806170189140665E-02|        875|
 7|   3.600E+01|                 Infinity|   3.3167906340332974E-02|        909|
 7|   3.800E+01|                 Infinity|   3.4879005320757793E-02|        822|
 7|   4.000E+01|                 Infinity|   3.8124642583151166E-02|        688|
 7|   4.200E+01|                 Infinity|   4.0689422938557970E-02|        604|
 7|   4.400E+01|                 Infinity|   4.1486990682251118E-02|        581|
 7|   4.600E+01|                 Infinity|   4.2562826537937429E-02|        552|
 7|   4.800E+01|                 Infinity|   4.3852900965351466E-02|        520|
 7|   5.000E+01|                 Infinity|   4.3396303660274617E-02|        531|
 7|   5.200E+01|                 Infinity|   4.5454545454545456E-02|        484|
 7|   5.400E+01|                 Infinity|   4.6880723093849538E-02|        455|
 7|   5.600E+01|                 Infinity|   4.4632184267745179E-02|        502|
 7|   5.800E+01|                 Infinity|   4.0128617695256406E-02|        621|
 7|   6.000E+01|                 Infinity|   4.0225899335456484E-02|        618|
 7|   6.200E+01|                 Infinity|   4.4367825470805693E-02|        508|
 7|   6.400E+01|                 Infinity|   4.2371359860703575E-02|        557|
 7|   6.600E+01|                 Infinity|   4.2295493443781355E-02|        559|
 7|   6.800E+01|                 Infinity|   3.9809371432901648E-02|        631|
 7|   7.000E+01|                 Infinity|   4.1812100500354540E-02|        572|
 7|   7.200E+01|                 Infinity|   4.5314325442944378E-02|        487|
 7|   7.400E+01|                 Infinity|   4.5501575519329006E-02|        483|
 7|   7.600E+01|                 Infinity|   4.5738935374634825E-02|        478|
 7|   7.800E+01|                 Infinity|   4.7511433814557989E-02|        443|
 7|   8.000E+01|                 Infinity|   4.6932325446393211E-02|        454|
 7|   8.200E+01|                 Infinity|   4.1415768328129106E-02|        583|
 7|   8.400E+01|                 Infinity|   2.5889018653924886E-02|       1492|
 7|   8.600E+01|                 Infinity|   1.1522450320630448E-02|       7532|
 7|   8.800E+01|                 Infinity|   1.5835158880488410E-02|       3988|
 7|   9.000E+01|                 Infinity|   9.8903308455071878E-03|      10223|
 7|   9.200E+01|                 Infinity|   1.3760744025013568E-02|       5281|
 7|   9.400E+01|                 Infinity|   3.7662178857735470E-02|        705|
 7|   9.600E+01|                 Infinity|   5.6888012398857428E-02|        309|
 7|   9.800E+01|                 Infinity|   6.4282434653322507E-02|        242|
 7|   1.000E+02|                 Infinity|   7.4743509275193590E-02|        179|
 7|   1.020E+02|                 Infinity|   8.0582296402538028E-02|        154|
 7|   1.040E+02|                 Infinity|   9.0909090909090912E-02|        121|
 7|   1.060E+02|                 Infinity|   8.8045090632562384E-02|        129|
 7|   1.080E+02|                 Infinity|   9.6673648904566353E-02|        107|
 7|   1.100E+02|                 Infinity|   8.4215192106651904E-02|        141|
 7|   1.120E+02|                 Infinity|   8.4818892967997092E-02|        139|
 7|   1.140E+02|                 Infinity|   8.6710996952411995E-02|        133|
 7|   1.160E+02|                 Infinity|   1.0153461651336192E-01|         97|
 7|   1.180E+02|                 Infinity|   1.0846522890932808E-01|         85|
 7|   1.200E+02|                 Infinity|   1.1322770341445956E-01|         78|
 7|   1.220E+02|                 Infinity|   1.1785113019775793E-01|         72|
 7|   1.240E+02|                 Infinity|   1.3363062095621220E-01|         56|
 7|   1.260E+02|                 Infinity|   1.3736056394868904E-01|         53|
 7|   1.280E+02|                 Infinity|   1.5075567228888181E-01|         44|
 7|   1.300E+02|                 Infinity|   1.3736056394868904E-01|         53|
 7|   1.320E+02|                 Infinity|   1.5617376188860607E-01|         41|
 7|   1.340E+02|                 Infinity|   1.4744195615489714E-01|         46|
 7|   1.360E+02|                 Infinity|   1.8257418583505536E-01|         30|
 7|   1.380E+02|                 Infinity|   1.7960530202677491E-01|         31|
 7|   1.400E+02|                 Infinity|   2.0851441405707477E-01|         23|
 7|   1.420E+02|                 Infinity|   2.0000000000000001E-01|         25|
 7|   1.440E+02|                 Infinity|   1.9611613513818404E-01|         26|
 7|   1.460E+02|                 Infinity|   2.1821789023599239E-01|         21|
 7|   1.480E+02|                 Infinity|   3.0151134457776363E-01|         11|
 7|   1.500E+02|                 Infinity|   3.7796447300922720E-01|          7|
 7|   1.520E+02|                 Infinity|   2.2360679774997896E-01|         20|
 7|   1.540E+02|                 Infinity|   2.5819888974716110E-01|         15|
 7|   1.560E+02|                 Infinity|   2.7735009811261457E-01|         13|
 7|   1.580E+02|                 Infinity|   3.5355339059327373E-01|          8|
 7|   1.600E+02|                 Infinity|   5.0000000000000000E-01|          4|
 7|   1.620E+02|                 Infinity|   3.3333333333333331E-01|          9|
 7|   1.640E+02|                 Infinity|   4.0824829046386307E-01|          6|
 7|   1.660E+02|                 Infinity|   4.4721359549995793E-01|          5|
 7|   1.680E+02|                 Infinity|   4.4721359549995793E-01|          5|
 7|   1.700E+02|                 Infinity|   4.4721359549995793E-01|          5|
 7|   1.720E+02|                 Infinity|   4.0824829046386307E-01|          6|
 7|   1.740E+02|                 Infinity|   4.0824829046386307E-01|          6|
 7|   1.760E+02|                 Infinity|   4.4721359549995793E-01|          5|
 7|   1.780E+02|                 Infinity|   4.0824829046386307E-01|          6|
 7|   1.800E+02|                 Infinity|   5.7735026918962584E-01|          3|
 7|   1.820E+02|                 Infinity|   3.3333333333333331E-01|          9|
 7|   1.840E+02|                 Infinity|   5.0000000000000000E-01|          4|
 7|   1.860E+02|                 Infinity|   5.0000000000000000E-01|          4|
 7|   1.880E+02|                 Infinity|   5.7735026918962584E-01|          3|
 7|   1.900E+02|                 Infinity|   5.7735026918962584E-01|          3|
 7|   1.920E+02|                 Infinity|   4.4721359549995793E-01|          5|
 7|   1.940E+02|                 Infinity|   7.0710678118654746E-01|          2|
 7|   1.960E+02|                 Infinity|   4.4721359549995793E-01|          5|
 7|   1.980E+02|                 Infinity|   5.7735026918962584E-01|          3|
# integrated result:   1.9314735036277919E-04
#
# Histogram 8: m_4l                                              
 8|   1.000E+02|                 Infinity|   7.5840320971478897E-03|      17386|
 8|   1.400E+02|                 Infinity|   7.5352152287890516E-03|      17612|
 8|   1.800E+02|                 Infinity|   9.2194292151479579E-03|      11765|
 8|   2.200E+02|                 Infinity|   1.1562432251572007E-02|       7480|
 8|   2.600E+02|                 Infinity|   1.4782809899727065E-02|       4576|
 8|   3.000E+02|                 Infinity|   1.9367337799588276E-02|       2666|
 8|   3.400E+02|                 Infinity|   2.5245764589341441E-02|       1569|
 8|   3.800E+02|                 Infinity|   3.2791291789197645E-02|        930|
 8|   4.200E+02|                 Infinity|   4.0193393552907040E-02|        619|
 8|   4.600E+02|                 Infinity|   5.3760333057047034E-02|        346|
 8|   5.000E+02|                 Infinity|   6.7573737839948592E-02|        219|
 8|   5.400E+02|                 Infinity|   8.0845208345444328E-02|        153|
 8|   5.800E+02|                 Infinity|   9.7128586235726413E-02|        106|
 8|   6.200E+02|                 Infinity|   1.2403473458920847E-01|         65|
 8|   6.600E+02|                 Infinity|   1.4142135623730950E-01|         50|
 8|   7.000E+02|                 Infinity|   1.6012815380508713E-01|         39|
 8|   7.400E+02|                 Infinity|   1.8569533817705186E-01|         29|
 8|   7.800E+02|                 Infinity|   2.2360679774997896E-01|         20|
 8|   8.200E+02|                 Infinity|   2.7735009811261457E-01|         13|
 8|   8.600E+02|                 Infinity|   3.5355339059327373E-01|          8|
 8|   9.000E+02|                 Infinity|   3.5355339059327373E-01|          8|
 8|   9.400E+02|                 Infinity|   3.7796447300922720E-01|          7|
 8|   9.800E+02|                 Infinity|   4.0824829046386307E-01|          6|
 8|   1.020E+03|                 Infinity|   4.0824829046386307E-01|          6|
 8|   1.060E+03|                 Infinity|   5.7735026918962584E-01|          3|
 8|   1.100E+03|                 Infinity|   4.4721359549995793E-01|          5|
 8|   1.140E+03|                 Infinity|   4.4721359549995793E-01|          5|
 8|   1.180E+03|                 Infinity|   7.0710678118654746E-01|          2|
 8|   1.220E+03|                 Infinity|   1.0000000000000000E+00|          1|
 8|   1.260E+03|                 Infinity|   1.0000000000000000E+00|          1|
 8|   1.300E+03|                 Infinity|   1.0000000000000000E+00|          1|
 8|   1.340E+03|                 Infinity|   4.4721359549995793E-01|          5|
 8|   1.380E+03|                 Infinity|   1.0000000000000000E+00|          1|
 8|   1.420E+03|                      NaN|   0.0000000000000000E+00|          0|
 8|   1.460E+03|                      NaN|   0.0000000000000000E+00|          0|
 8|   1.500E+03|                 Infinity|   1.0000000000000000E+00|          1|
 8|   1.540E+03|                 Infinity|   5.7735026918962584E-01|          3|
 8|   1.580E+03|                      NaN|   0.0000000000000000E+00|          0|
 8|   1.620E+03|                 Infinity|   7.0710678118654746E-01|          2|
 8|   1.660E+03|                 Infinity|   1.0000000000000000E+00|          1|
 8|   1.700E+03|                 Infinity|   7.0710678118654746E-01|          2|
 8|   1.740E+03|                 Infinity|   7.0710678118654746E-01|          2|
 8|   1.780E+03|                 Infinity|   1.0000000000000000E+00|          1|
 8|   1.820E+03|                 Infinity|   1.0000000000000000E+00|          1|
 8|   1.860E+03|                      NaN|   0.0000000000000000E+00|          0|
 8|   1.900E+03|                      NaN|   0.0000000000000000E+00|          0|
 8|   1.940E+03|                      NaN|   0.0000000000000000E+00|          0|
 8|   1.980E+03|                      NaN|   0.0000000000000000E+00|          0|
 8|   2.020E+03|                      NaN|   0.0000000000000000E+00|          0|
 8|   2.060E+03|                      NaN|   0.0000000000000000E+00|          0|
 8|   2.100E+03|                 Infinity|   1.0000000000000000E+00|          1|
 8|   2.140E+03|                      NaN|   0.0000000000000000E+00|          0|
 8|   2.180E+03|                      NaN|   0.0000000000000000E+00|          0|
 8|   2.220E+03|                      NaN|   0.0000000000000000E+00|          0|
 8|   2.260E+03|                 Infinity|   1.0000000000000000E+00|          1|
 8|   2.300E+03|                      NaN|   0.0000000000000000E+00|          0|
 8|   2.340E+03|                      NaN|   0.0000000000000000E+00|          0|
 8|   2.380E+03|                      NaN|   0.0000000000000000E+00|          0|
 8|   2.420E+03|                 Infinity|   1.0000000000000000E+00|          1|
 8|   2.460E+03|                      NaN|   0.0000000000000000E+00|          0|
 8|   2.500E+03|                      NaN|   0.0000000000000000E+00|          0|
 8|   2.540E+03|                      NaN|   0.0000000000000000E+00|          0|
 8|   2.580E+03|                      NaN|   0.0000000000000000E+00|          0|
 8|   2.620E+03|                      NaN|   0.0000000000000000E+00|          0|
 8|   2.660E+03|                      NaN|   0.0000000000000000E+00|          0|
 8|   2.700E+03|                      NaN|   0.0000000000000000E+00|          0|
 8|   2.740E+03|                 Infinity|   7.0710678118654746E-01|          2|
 8|   2.780E+03|                      NaN|   0.0000000000000000E+00|          0|
 8|   2.820E+03|                      NaN|   0.0000000000000000E+00|          0|
 8|   2.860E+03|                      NaN|   0.0000000000000000E+00|          0|
 8|   2.900E+03|                      NaN|   0.0000000000000000E+00|          0|
 8|   2.940E+03|                      NaN|   0.0000000000000000E+00|          0|
 8|   2.980E+03|                      NaN|   0.0000000000000000E+00|          0|
 8|   3.020E+03|                      NaN|   0.0000000000000000E+00|          0|
 8|   3.060E+03|                      NaN|   0.0000000000000000E+00|          0|
 8|   3.100E+03|                      NaN|   0.0000000000000000E+00|          0|
 8|   3.140E+03|                      NaN|   0.0000000000000000E+00|          0|
 8|   3.180E+03|                      NaN|   0.0000000000000000E+00|          0|
 8|   3.220E+03|                      NaN|   0.0000000000000000E+00|          0|
 8|   3.260E+03|                      NaN|   0.0000000000000000E+00|          0|
 8|   3.300E+03|                      NaN|   0.0000000000000000E+00|          0|
 8|   3.340E+03|                      NaN|   0.0000000000000000E+00|          0|
 8|   3.380E+03|                      NaN|   0.0000000000000000E+00|          0|
 8|   3.420E+03|                      NaN|   0.0000000000000000E+00|          0|
 8|   3.460E+03|                      NaN|   0.0000000000000000E+00|          0|
 8|   3.500E+03|                      NaN|   0.0000000000000000E+00|          0|
 8|   3.540E+03|                      NaN|   0.0000000000000000E+00|          0|
 8|   3.580E+03|                      NaN|   0.0000000000000000E+00|          0|
 8|   3.620E+03|                      NaN|   0.0000000000000000E+00|          0|
 8|   3.660E+03|                      NaN|   0.0000000000000000E+00|          0|
 8|   3.700E+03|                      NaN|   0.0000000000000000E+00|          0|
 8|   3.740E+03|                      NaN|   0.0000000000000000E+00|          0|
 8|   3.780E+03|                      NaN|   0.0000000000000000E+00|          0|
 8|   3.820E+03|                      NaN|   0.0000000000000000E+00|          0|
 8|   3.860E+03|                      NaN|   0.0000000000000000E+00|          0|
 8|   3.900E+03|                      NaN|   0.0000000000000000E+00|          0|
 8|   3.940E+03|                      NaN|   0.0000000000000000E+00|          0|
 8|   3.980E+03|                      NaN|   0.0000000000000000E+00|          0|
 8|   4.020E+03|                      NaN|   0.0000000000000000E+00|          0|
 8|   4.060E+03|                      NaN|   0.0000000000000000E+00|          0|
# integrated result:   1.9314735036277876E-04
#
# Histogram 9: m_4l                                              
 9|   8.500E+01|                 Infinity|   9.2847669088525930E-02|        116|
 9|   8.600E+01|                 Infinity|   9.5782628522115137E-02|        109|
 9|   8.700E+01|                 Infinity|   1.0050378152592121E-01|         99|
 9|   8.800E+01|                 Infinity|   9.8532927816429319E-02|        103|
 9|   8.900E+01|                 Infinity|   1.0259783520851541E-01|         95|
 9|   9.000E+01|                 Infinity|   1.1785113019775793E-01|         72|
 9|   9.100E+01|                 Infinity|   1.1867816581938533E-01|         71|
 9|   9.200E+01|                 Infinity|   1.0540925533894598E-01|         90|
 9|   9.300E+01|                 Infinity|   1.1250879009260240E-01|         79|
 9|   9.400E+01|                 Infinity|   1.0540925533894598E-01|         90|
 9|   9.500E+01|                 Infinity|   1.1470786693528087E-01|         76|
 9|   9.600E+01|                 Infinity|   9.9503719020998915E-02|        101|
 9|   9.700E+01|                 Infinity|   9.1669849702821132E-02|        119|
 9|   9.800E+01|                 Infinity|   8.9442719099991588E-02|        125|
 9|   9.900E+01|                 Infinity|   8.7038827977848926E-02|        132|
 9|   1.000E+02|                 Infinity|   7.7151674981045956E-02|        168|
 9|   1.010E+02|                 Infinity|   7.9056941504209485E-02|        160|
 9|   1.020E+02|                 Infinity|   7.4124931666110117E-02|        182|
 9|   1.030E+02|                 Infinity|   7.5377836144440907E-02|        176|
 9|   1.040E+02|                 Infinity|   6.7728546147859642E-02|        218|
 9|   1.050E+02|                 Infinity|   6.4282434653322507E-02|        242|
 9|   1.060E+02|                 Infinity|   6.2017367294604234E-02|        260|
 9|   1.070E+02|                 Infinity|   6.4820372355216441E-02|        238|
 9|   1.080E+02|                 Infinity|   6.3119440309780311E-02|        251|
 9|   1.090E+02|                 Infinity|   6.0858061945018457E-02|        270|
 9|   1.100E+02|                 Infinity|   5.3300179088902604E-02|        352|
 9|   1.110E+02|                 Infinity|   4.9507377148833721E-02|        408|
 9|   1.120E+02|                 Infinity|   5.0964719143762556E-02|        385|
 9|   1.130E+02|                 Infinity|   5.3452248382484871E-02|        350|
 9|   1.140E+02|                 Infinity|   5.0767308256680958E-02|        388|
 9|   1.150E+02|                 Infinity|   4.9446817643414874E-02|        409|
 9|   1.160E+02|                 Infinity|   5.1708768999501914E-02|        374|
 9|   1.170E+02|                 Infinity|   4.9690399499995326E-02|        405|
 9|   1.180E+02|                 Infinity|   5.1434449987363969E-02|        378|
 9|   1.190E+02|                 Infinity|   4.6676002800933661E-02|        459|
 9|   1.200E+02|                 Infinity|   4.3355498476205998E-02|        532|
 9|   1.210E+02|                 Infinity|   4.3314808182420998E-02|        533|
 9|   1.220E+02|                 Infinity|   4.5037734911104493E-02|        493|
 9|   1.230E+02|                 Infinity|   4.3726946944662608E-02|        523|
 9|   1.240E+02|                 Infinity|   3.8807526285316640E-02|        664|
 9|   1.250E+02|                 Infinity|   3.8152379685825785E-02|        687|
 9|   1.260E+02|                 Infinity|   4.1666666666666664E-02|        576|
 9|   1.270E+02|                 Infinity|   4.2295493443781355E-02|        559|
 9|   1.280E+02|                 Infinity|   4.0996003084539386E-02|        595|
 9|   1.290E+02|                 Infinity|   4.1594516540385151E-02|        578|
 9|   1.300E+02|                 Infinity|   4.0756957296961119E-02|        602|
 9|   1.310E+02|                 Infinity|   4.2562826537937429E-02|        552|
 9|   1.320E+02|                 Infinity|   4.2409446483998546E-02|        556|
 9|   1.330E+02|                 Infinity|   4.3314808182420998E-02|        533|
 9|   1.340E+02|                 Infinity|   4.3979949713354248E-02|        517|
# integrated result:   1.9314735036277770E-04
#
# Histogram10: Phi1                                              
10|  -3.142E+00|                 Infinity|   2.5649458802128853E-02|       1520|
10|  -2.985E+00|                 Infinity|   2.6046613053531162E-02|       1474|
10|  -2.827E+00|                 Infinity|   2.6324906324632819E-02|       1443|
10|  -2.670E+00|                 Infinity|   2.5424641809046068E-02|       1547|
10|  -2.513E+00|                 Infinity|   2.3728949893812475E-02|       1776|
10|  -2.356E+00|                 Infinity|   2.2102483685126760E-02|       2047|
10|  -2.199E+00|                 Infinity|   2.0801757406701715E-02|       2311|
10|  -2.042E+00|                 Infinity|   2.0532539058829544E-02|       2372|
10|  -1.885E+00|                 Infinity|   2.1035158095583564E-02|       2260|
10|  -1.728E+00|                 Infinity|   2.2616563651595031E-02|       1955|
10|  -1.571E+00|                 Infinity|   2.3511520528619944E-02|       1809|
10|  -1.414E+00|                 Infinity|   2.4806946917841691E-02|       1625|
10|  -1.257E+00|                 Infinity|   2.5342864042323516E-02|       1557|
10|  -1.100E+00|                 Infinity|   2.5221663615265913E-02|       1572|
10|  -9.425E-01|                 Infinity|   2.4558833620630074E-02|       1658|
10|  -7.854E-01|                 Infinity|   2.4544034683690801E-02|       1660|
10|  -6.283E-01|                 Infinity|   2.5326602979345261E-02|       1559|
10|  -4.713E-01|                 Infinity|   2.5958706582558250E-02|       1484|
10|  -3.142E-01|                 Infinity|   2.5949964805384102E-02|       1485|
10|  -1.571E-01|                 Infinity|   2.5359156467048689E-02|       1555|
10|  -3.000E-05|                 Infinity|   2.5173668017796205E-02|       1578|
10|   1.570E-01|                 Infinity|   2.6108681666265243E-02|       1467|
10|   3.141E-01|                 Infinity|   2.5941231853830935E-02|       1486|
10|   4.712E-01|                 Infinity|   2.5205634593236811E-02|       1574|
10|   6.283E-01|                 Infinity|   2.4485105343719588E-02|       1668|
10|   7.854E-01|                 Infinity|   2.4976595407570312E-02|       1603|
10|   9.424E-01|                 Infinity|   2.5221663615265913E-02|       1572|
10|   1.100E+00|                 Infinity|   2.5725733587791941E-02|       1511|
10|   1.257E+00|                 Infinity|   2.4937733402690822E-02|       1608|
10|   1.414E+00|                 Infinity|   2.3218173010628604E-02|       1855|
10|   1.571E+00|                 Infinity|   2.2260730867409519E-02|       2018|
10|   1.728E+00|                 Infinity|   2.1044471869825901E-02|       2258|
10|   1.885E+00|                 Infinity|   2.0391184757154641E-02|       2405|
10|   2.042E+00|                 Infinity|   2.1228599753607712E-02|       2219|
10|   2.199E+00|                 Infinity|   2.2756677931351457E-02|       1931|
10|   2.356E+00|                 Infinity|   2.4984389633195381E-02|       1602|
10|   2.513E+00|                 Infinity|   2.5582225504832540E-02|       1528|
10|   2.670E+00|                 Infinity|   2.7461751819054487E-02|       1326|
10|   2.827E+00|                 Infinity|   2.6593487520457093E-02|       1414|
10|   2.984E+00|                 Infinity|   2.5294174537134732E-02|       1563|
# integrated result:   1.9314735036277906E-04
#
