#
# column #1=histogram, #2=x-axis bin, #3=binned cross-section, #4=error, #5=number of events 
# this can be easily plotted in gnuplot with the commands:
#    NHi=3
#    plot 'output.dat' using ($2):($1==NHi ? $3 : 1/0) w st
# where NHi selects the histogram
#
#
# run time =      -0.00min
# TotCS =      2.6312939108E-03           4.87421E-04
#
# Histogram 1: m_jj                                              
 1|   0.000E+00|                      NaN|   0.0000000000000000E+00|          0|
 1|   5.000E+01|                 Infinity|   4.1921444065019676E-03|      56902|
 1|   1.000E+02|                 Infinity|   1.4282799726001058E-02|       4902|
 1|   1.500E+02|                 Infinity|   6.4956980246163087E-02|        237|
 1|   2.000E+02|                 Infinity|   1.6012815380508713E-01|         39|
 1|   2.500E+02|                 Infinity|   2.0000000000000001E-01|         25|
 1|   3.000E+02|                 Infinity|   3.1622776601683794E-01|         10|
 1|   3.500E+02|                 Infinity|   5.7735026918962584E-01|          3|
 1|   4.000E+02|                 Infinity|   1.0000000000000000E+00|          1|
 1|   4.500E+02|                 Infinity|   1.0000000000000000E+00|          1|
 1|   5.000E+02|                      NaN|   0.0000000000000000E+00|          0|
 1|   5.500E+02|                      NaN|   0.0000000000000000E+00|          0|
 1|   6.000E+02|                      NaN|   0.0000000000000000E+00|          0|
 1|   6.500E+02|                      NaN|   0.0000000000000000E+00|          0|
 1|   7.000E+02|                      NaN|   0.0000000000000000E+00|          0|
 1|   7.500E+02|                      NaN|   0.0000000000000000E+00|          0|
 1|   8.000E+02|                      NaN|   0.0000000000000000E+00|          0|
 1|   8.500E+02|                      NaN|   0.0000000000000000E+00|          0|
 1|   9.000E+02|                      NaN|   0.0000000000000000E+00|          0|
 1|   9.500E+02|                      NaN|   0.0000000000000000E+00|          0|
 1|   1.000E+03|                      NaN|   0.0000000000000000E+00|          0|
 1|   1.050E+03|                      NaN|   0.0000000000000000E+00|          0|
 1|   1.100E+03|                      NaN|   0.0000000000000000E+00|          0|
 1|   1.150E+03|                      NaN|   0.0000000000000000E+00|          0|
 1|   1.200E+03|                      NaN|   0.0000000000000000E+00|          0|
 1|   1.250E+03|                      NaN|   0.0000000000000000E+00|          0|
 1|   1.300E+03|                      NaN|   0.0000000000000000E+00|          0|
 1|   1.350E+03|                      NaN|   0.0000000000000000E+00|          0|
 1|   1.400E+03|                      NaN|   0.0000000000000000E+00|          0|
 1|   1.450E+03|                      NaN|   0.0000000000000000E+00|          0|
 1|   1.500E+03|                      NaN|   0.0000000000000000E+00|          0|
 1|   1.550E+03|                      NaN|   0.0000000000000000E+00|          0|
 1|   1.600E+03|                      NaN|   0.0000000000000000E+00|          0|
 1|   1.650E+03|                      NaN|   0.0000000000000000E+00|          0|
 1|   1.700E+03|                      NaN|   0.0000000000000000E+00|          0|
 1|   1.750E+03|                      NaN|   0.0000000000000000E+00|          0|
 1|   1.800E+03|                      NaN|   0.0000000000000000E+00|          0|
 1|   1.850E+03|                      NaN|   0.0000000000000000E+00|          0|
 1|   1.900E+03|                      NaN|   0.0000000000000000E+00|          0|
 1|   1.950E+03|                      NaN|   0.0000000000000000E+00|          0|
 1|   2.000E+03|                      NaN|   0.0000000000000000E+00|          0|
 1|   2.050E+03|                      NaN|   0.0000000000000000E+00|          0|
 1|   2.100E+03|                      NaN|   0.0000000000000000E+00|          0|
 1|   2.150E+03|                      NaN|   0.0000000000000000E+00|          0|
 1|   2.200E+03|                      NaN|   0.0000000000000000E+00|          0|
 1|   2.250E+03|                      NaN|   0.0000000000000000E+00|          0|
 1|   2.300E+03|                      NaN|   0.0000000000000000E+00|          0|
 1|   2.350E+03|                      NaN|   0.0000000000000000E+00|          0|
 1|   2.400E+03|                      NaN|   0.0000000000000000E+00|          0|
 1|   2.450E+03|                      NaN|   0.0000000000000000E+00|          0|
 1|   2.500E+03|                      NaN|   0.0000000000000000E+00|          0|
 1|   2.550E+03|                      NaN|   0.0000000000000000E+00|          0|
 1|   2.600E+03|                      NaN|   0.0000000000000000E+00|          0|
 1|   2.650E+03|                      NaN|   0.0000000000000000E+00|          0|
 1|   2.700E+03|                      NaN|   0.0000000000000000E+00|          0|
 1|   2.750E+03|                      NaN|   0.0000000000000000E+00|          0|
 1|   2.800E+03|                      NaN|   0.0000000000000000E+00|          0|
 1|   2.850E+03|                      NaN|   0.0000000000000000E+00|          0|
 1|   2.900E+03|                      NaN|   0.0000000000000000E+00|          0|
 1|   2.950E+03|                      NaN|   0.0000000000000000E+00|          0|
 1|   3.000E+03|                      NaN|   0.0000000000000000E+00|          0|
 1|   3.050E+03|                      NaN|   0.0000000000000000E+00|          0|
 1|   3.100E+03|                      NaN|   0.0000000000000000E+00|          0|
 1|   3.150E+03|                      NaN|   0.0000000000000000E+00|          0|
 1|   3.200E+03|                      NaN|   0.0000000000000000E+00|          0|
 1|   3.250E+03|                      NaN|   0.0000000000000000E+00|          0|
 1|   3.300E+03|                      NaN|   0.0000000000000000E+00|          0|
 1|   3.350E+03|                      NaN|   0.0000000000000000E+00|          0|
 1|   3.400E+03|                      NaN|   0.0000000000000000E+00|          0|
 1|   3.450E+03|                      NaN|   0.0000000000000000E+00|          0|
 1|   3.500E+03|                      NaN|   0.0000000000000000E+00|          0|
 1|   3.550E+03|                      NaN|   0.0000000000000000E+00|          0|
 1|   3.600E+03|                      NaN|   0.0000000000000000E+00|          0|
 1|   3.650E+03|                      NaN|   0.0000000000000000E+00|          0|
 1|   3.700E+03|                      NaN|   0.0000000000000000E+00|          0|
 1|   3.750E+03|                      NaN|   0.0000000000000000E+00|          0|
 1|   3.800E+03|                      NaN|   0.0000000000000000E+00|          0|
 1|   3.850E+03|                      NaN|   0.0000000000000000E+00|          0|
 1|   3.900E+03|                      NaN|   0.0000000000000000E+00|          0|
 1|   3.950E+03|                      NaN|   0.0000000000000000E+00|          0|
 1|   4.000E+03|                      NaN|   0.0000000000000000E+00|          0|
 1|   4.050E+03|                      NaN|   0.0000000000000000E+00|          0|
 1|   4.100E+03|                      NaN|   0.0000000000000000E+00|          0|
 1|   4.150E+03|                      NaN|   0.0000000000000000E+00|          0|
 1|   4.200E+03|                      NaN|   0.0000000000000000E+00|          0|
 1|   4.250E+03|                      NaN|   0.0000000000000000E+00|          0|
 1|   4.300E+03|                      NaN|   0.0000000000000000E+00|          0|
 1|   4.350E+03|                      NaN|   0.0000000000000000E+00|          0|
 1|   4.400E+03|                      NaN|   0.0000000000000000E+00|          0|
 1|   4.450E+03|                      NaN|   0.0000000000000000E+00|          0|
 1|   4.500E+03|                      NaN|   0.0000000000000000E+00|          0|
 1|   4.550E+03|                      NaN|   0.0000000000000000E+00|          0|
 1|   4.600E+03|                      NaN|   0.0000000000000000E+00|          0|
 1|   4.650E+03|                      NaN|   0.0000000000000000E+00|          0|
 1|   4.700E+03|                      NaN|   0.0000000000000000E+00|          0|
 1|   4.750E+03|                      NaN|   0.0000000000000000E+00|          0|
 1|   4.800E+03|                      NaN|   0.0000000000000000E+00|          0|
 1|   4.850E+03|                      NaN|   0.0000000000000000E+00|          0|
 1|   4.900E+03|                      NaN|   0.0000000000000000E+00|          0|
 1|   4.950E+03|                      NaN|   0.0000000000000000E+00|          0|
# integrated result:   2.6312939108418822E-03
#
# Histogram 2: m_jj                                              
 2|   0.000E+00|                      NaN|   0.0000000000000000E+00|          0|
 2|   2.000E+00|                      NaN|   0.0000000000000000E+00|          0|
 2|   4.000E+00|                      NaN|   0.0000000000000000E+00|          0|
 2|   6.000E+00|                      NaN|   0.0000000000000000E+00|          0|
 2|   8.000E+00|                      NaN|   0.0000000000000000E+00|          0|
 2|   1.000E+01|                      NaN|   0.0000000000000000E+00|          0|
 2|   1.200E+01|                      NaN|   0.0000000000000000E+00|          0|
 2|   1.400E+01|                      NaN|   0.0000000000000000E+00|          0|
 2|   1.600E+01|                      NaN|   0.0000000000000000E+00|          0|
 2|   1.800E+01|                      NaN|   0.0000000000000000E+00|          0|
 2|   2.000E+01|                      NaN|   0.0000000000000000E+00|          0|
 2|   2.200E+01|                      NaN|   0.0000000000000000E+00|          0|
 2|   2.400E+01|                      NaN|   0.0000000000000000E+00|          0|
 2|   2.600E+01|                      NaN|   0.0000000000000000E+00|          0|
 2|   2.800E+01|                      NaN|   0.0000000000000000E+00|          0|
 2|   3.000E+01|                      NaN|   0.0000000000000000E+00|          0|
 2|   3.200E+01|                      NaN|   0.0000000000000000E+00|          0|
 2|   3.400E+01|                      NaN|   0.0000000000000000E+00|          0|
 2|   3.600E+01|                      NaN|   0.0000000000000000E+00|          0|
 2|   3.800E+01|                      NaN|   0.0000000000000000E+00|          0|
 2|   4.000E+01|                      NaN|   0.0000000000000000E+00|          0|
 2|   4.200E+01|                      NaN|   0.0000000000000000E+00|          0|
 2|   4.400E+01|                      NaN|   0.0000000000000000E+00|          0|
 2|   4.600E+01|                      NaN|   0.0000000000000000E+00|          0|
 2|   4.800E+01|                      NaN|   0.0000000000000000E+00|          0|
 2|   5.000E+01|                      NaN|   0.0000000000000000E+00|          0|
 2|   5.200E+01|                      NaN|   0.0000000000000000E+00|          0|
 2|   5.400E+01|                      NaN|   0.0000000000000000E+00|          0|
 2|   5.600E+01|                      NaN|   0.0000000000000000E+00|          0|
 2|   5.800E+01|                      NaN|   0.0000000000000000E+00|          0|
 2|   6.000E+01|                      NaN|   0.0000000000000000E+00|          0|
 2|   6.200E+01|                      NaN|   0.0000000000000000E+00|          0|
 2|   6.400E+01|                      NaN|   0.0000000000000000E+00|          0|
 2|   6.600E+01|                      NaN|   0.0000000000000000E+00|          0|
 2|   6.800E+01|                      NaN|   0.0000000000000000E+00|          0|
 2|   7.000E+01|                 Infinity|   4.2333375666730171E-02|        558|
 2|   7.200E+01|                 Infinity|   4.2835293687811936E-02|        545|
 2|   7.400E+01|                 Infinity|   4.3396303660274617E-02|        531|
 2|   7.600E+01|                 Infinity|   4.3396303660274617E-02|        531|
 2|   7.800E+01|                 Infinity|   4.4108109139123088E-02|        514|
 2|   8.000E+01|                 Infinity|   4.2182454060959780E-02|        562|
 2|   8.200E+01|                 Infinity|   3.7113480951260276E-02|        726|
 2|   8.400E+01|                 Infinity|   2.8964222318174613E-02|       1192|
 2|   8.600E+01|                 Infinity|   1.9577758204863370E-02|       2609|
 2|   8.800E+01|                 Infinity|   1.1735504967785531E-02|       7261|
 2|   9.000E+01|                 Infinity|   7.2853098135677577E-03|      18841|
 2|   9.200E+01|                 Infinity|   7.6249285166302338E-03|      17200|
 2|   9.400E+01|                 Infinity|   1.6819198298381612E-02|       3535|
 2|   9.600E+01|                 Infinity|   2.6270346874636689E-02|       1449|
 2|   9.800E+01|                 Infinity|   3.4340140987172259E-02|        848|
 2|   1.000E+02|                 Infinity|   3.5967500063280318E-02|        773|
 2|   1.020E+02|                 Infinity|   4.9446817643414874E-02|        409|
 2|   1.040E+02|                 Infinity|   5.6888012398857428E-02|        309|
 2|   1.060E+02|                 Infinity|   5.3760333057047034E-02|        346|
 2|   1.080E+02|                 Infinity|   5.4964970992931267E-02|        331|
 2|   1.100E+02|                 Infinity|   4.8970210687439175E-02|        417|
 2|   1.120E+02|                 Infinity|   4.5129368240652418E-02|        491|
 2|   1.140E+02|                 Infinity|   4.8450158311150918E-02|        426|
 2|   1.160E+02|                 Infinity|   5.9339082909692663E-02|        284|
 2|   1.180E+02|                 Infinity|   7.6249285166302333E-02|        172|
 2|   1.200E+02|                 Infinity|   8.4215192106651904E-02|        141|
 2|   1.220E+02|                 Infinity|   1.0482848367219183E-01|         91|
 2|   1.240E+02|                 Infinity|   9.9503719020998915E-02|        101|
 2|   1.260E+02|                 Infinity|   1.0314212462587934E-01|         94|
 2|   1.280E+02|                 Infinity|   1.0599978800063600E-01|         89|
 2|   1.300E+02|                 Infinity|   1.5249857033260467E-01|         43|
 2|   1.320E+02|                 Infinity|   1.3018891098082389E-01|         59|
 2|   1.340E+02|                 Infinity|   1.2700012700019050E-01|         62|
 2|   1.360E+02|                 Infinity|   1.3018891098082389E-01|         59|
 2|   1.380E+02|                 Infinity|   1.6012815380508713E-01|         39|
 2|   1.400E+02|                 Infinity|   1.6666666666666666E-01|         36|
 2|   1.420E+02|                 Infinity|   1.5617376188860607E-01|         41|
 2|   1.440E+02|                 Infinity|   1.8257418583505536E-01|         30|
 2|   1.460E+02|                 Infinity|   1.8257418583505536E-01|         30|
 2|   1.480E+02|                 Infinity|   1.8569533817705186E-01|         29|
 2|   1.500E+02|                 Infinity|   2.0412414523193154E-01|         24|
 2|   1.520E+02|                 Infinity|   2.5000000000000000E-01|         16|
 2|   1.540E+02|                 Infinity|   2.3570226039551587E-01|         18|
 2|   1.560E+02|                 Infinity|   2.2360679774997896E-01|         20|
 2|   1.580E+02|                 Infinity|   2.2941573387056174E-01|         19|
 2|   1.600E+02|                 Infinity|   3.0151134457776363E-01|         11|
 2|   1.620E+02|                 Infinity|   2.4253562503633297E-01|         17|
 2|   1.640E+02|                 Infinity|   2.8867513459481292E-01|         12|
 2|   1.660E+02|                 Infinity|   3.7796447300922720E-01|          7|
 2|   1.680E+02|                 Infinity|   3.1622776601683794E-01|         10|
 2|   1.700E+02|                 Infinity|   4.0824829046386307E-01|          6|
 2|   1.720E+02|                 Infinity|   3.7796447300922720E-01|          7|
 2|   1.740E+02|                 Infinity|   4.0824829046386307E-01|          6|
 2|   1.760E+02|                 Infinity|   3.1622776601683794E-01|         10|
 2|   1.780E+02|                 Infinity|   4.0824829046386307E-01|          6|
 2|   1.800E+02|                 Infinity|   5.7735026918962584E-01|          3|
 2|   1.820E+02|                 Infinity|   3.1622776601683794E-01|         10|
 2|   1.840E+02|                 Infinity|   3.7796447300922720E-01|          7|
 2|   1.860E+02|                 Infinity|   4.4721359549995793E-01|          5|
 2|   1.880E+02|                 Infinity|   5.0000000000000000E-01|          4|
 2|   1.900E+02|                 Infinity|   5.0000000000000000E-01|          4|
 2|   1.920E+02|                 Infinity|   5.0000000000000000E-01|          4|
 2|   1.940E+02|                 Infinity|   5.0000000000000000E-01|          4|
 2|   1.960E+02|                 Infinity|   1.0000000000000000E+00|          1|
 2|   1.980E+02|                 Infinity|   4.0824829046386307E-01|          6|
# integrated result:   2.6312939108418787E-03
#
# Histogram 3: pT(H)                                             
 3|   0.000E+00|                 Infinity|   1.7674908041006729E-02|       3201|
 3|   1.000E+01|                 Infinity|   1.3956356928455673E-02|       5134|
 3|   2.000E+01|                 Infinity|   1.4375474510798661E-02|       4839|
 3|   3.000E+01|                 Infinity|   1.5483883857556962E-02|       4171|
 3|   4.000E+01|                 Infinity|   1.5504341823651058E-02|       4160|
 3|   5.000E+01|                 Infinity|   1.6089318388051083E-02|       3863|
 3|   6.000E+01|                 Infinity|   1.6741238254560628E-02|       3568|
 3|   7.000E+01|                 Infinity|   1.7218361809346699E-02|       3373|
 3|   8.000E+01|                 Infinity|   1.8199876605254923E-02|       3019|
 3|   9.000E+01|                 Infinity|   1.9174124721184259E-02|       2720|
 3|   1.000E+02|                 Infinity|   1.9834087593950483E-02|       2542|
 3|   1.100E+02|                 Infinity|   2.0961090407515925E-02|       2276|
 3|   1.200E+02|                 Infinity|   2.2189373390928115E-02|       2031|
 3|   1.300E+02|                 Infinity|   2.3688968483956713E-02|       1782|
 3|   1.400E+02|                 Infinity|   2.4845199749997663E-02|       1620|
 3|   1.500E+02|                 Infinity|   2.6108681666265243E-02|       1467|
 3|   1.600E+02|                 Infinity|   2.7767067240353285E-02|       1297|
 3|   1.700E+02|                 Infinity|   3.0110103182983891E-02|       1103|
 3|   1.800E+02|                 Infinity|   3.1265269974036121E-02|       1023|
 3|   1.900E+02|                 Infinity|   3.3482476509121256E-02|        892|
 3|   2.000E+02|                 Infinity|   3.5555906726738896E-02|        791|
 3|   2.100E+02|                 Infinity|   3.7450294313656908E-02|        713|
 3|   2.200E+02|                 Infinity|   4.0096346988231273E-02|        622|
 3|   2.300E+02|                 Infinity|   4.3153185200210310E-02|        537|
 3|   2.400E+02|                 Infinity|   4.3810795433832352E-02|        521|
 3|   2.500E+02|                 Infinity|   4.6473941234017310E-02|        463|
 3|   2.600E+02|                 Infinity|   4.8911598804451853E-02|        418|
 3|   2.700E+02|                 Infinity|   4.8450158311150918E-02|        426|
 3|   2.800E+02|                 Infinity|   5.6523341894422152E-02|        313|
 3|   2.900E+02|                 Infinity|   5.8222250973958202E-02|        295|
 3|   3.000E+02|                 Infinity|   5.6613851707229781E-02|        312|
 3|   3.100E+02|                 Infinity|   6.4956980246163087E-02|        237|
 3|   3.200E+02|                 Infinity|   6.9843029576957816E-02|        205|
 3|   3.300E+02|                 Infinity|   7.0534561585859828E-02|        201|
 3|   3.400E+02|                 Infinity|   7.6696498884737035E-02|        170|
 3|   3.500E+02|                 Infinity|   7.7151674981045956E-02|        168|
 3|   3.600E+02|                 Infinity|   7.7615052570633281E-02|        166|
 3|   3.700E+02|                 Infinity|   8.8735650941611385E-02|        127|
 3|   3.800E+02|                 Infinity|   8.7705801930702931E-02|        130|
 3|   3.900E+02|                 Infinity|   9.4915799575249898E-02|        111|
 3|   4.000E+02|                 Infinity|   1.1043152607484653E-01|         82|
 3|   4.100E+02|                 Infinity|   1.0660035817780521E-01|         88|
 3|   4.200E+02|                 Infinity|   1.1785113019775793E-01|         72|
 3|   4.300E+02|                 Infinity|   1.1624763874381928E-01|         74|
 3|   4.400E+02|                 Infinity|   1.1250879009260240E-01|         79|
 3|   4.500E+02|                 Infinity|   1.2216944435630522E-01|         67|
 3|   4.600E+02|                 Infinity|   1.3245323570650439E-01|         57|
 3|   4.700E+02|                 Infinity|   1.3363062095621220E-01|         56|
 3|   4.800E+02|                 Infinity|   1.3363062095621220E-01|         56|
 3|   4.900E+02|                 Infinity|   1.4433756729740646E-01|         48|
# integrated result:   2.6312939108418796E-03
#
# Histogram 4: pT(j1)                                            
 4|   0.000E+00|                      NaN|   0.0000000000000000E+00|          0|
 4|   1.000E+01|                 Infinity|   5.1164451009665081E-02|        382|
 4|   2.000E+01|                 Infinity|   2.8641657506310241E-02|       1219|
 4|   3.000E+01|                 Infinity|   1.7190354104313223E-02|       3384|
 4|   4.000E+01|                 Infinity|   1.1490458263551401E-02|       7574|
 4|   5.000E+01|                 Infinity|   1.0917394896357078E-02|       8390|
 4|   6.000E+01|                 Infinity|   1.2092154796920804E-02|       6839|
 4|   7.000E+01|                 Infinity|   1.3565636727259562E-02|       5434|
 4|   8.000E+01|                 Infinity|   1.4750610319128192E-02|       4596|
 4|   9.000E+01|                 Infinity|   1.6411093710295852E-02|       3713|
 4|   1.000E+02|                 Infinity|   1.7914359097500464E-02|       3116|
 4|   1.100E+02|                 Infinity|   1.9948201925179914E-02|       2513|
 4|   1.200E+02|                 Infinity|   2.1238172967060986E-02|       2217|
 4|   1.300E+02|                 Infinity|   2.3312620206007845E-02|       1840|
 4|   1.400E+02|                 Infinity|   2.5532146059408262E-02|       1534|
 4|   1.500E+02|                 Infinity|   2.8127197523150599E-02|       1264|
 4|   1.600E+02|                 Infinity|   2.9974532466509034E-02|       1113|
 4|   1.700E+02|                 Infinity|   3.2844309272143102E-02|        927|
 4|   1.800E+02|                 Infinity|   3.5782813348225660E-02|        781|
 4|   1.900E+02|                 Infinity|   3.8208035995043507E-02|        685|
 4|   2.000E+02|                 Infinity|   4.1848697531868720E-02|        571|
 4|   2.100E+02|                 Infinity|   4.5786854649563009E-02|        477|
 4|   2.200E+02|                 Infinity|   4.9690399499995326E-02|        405|
 4|   2.300E+02|                 Infinity|   5.1231551957855996E-02|        381|
 4|   2.400E+02|                 Infinity|   5.4312544659356844E-02|        339|
 4|   2.500E+02|                 Infinity|   5.9549133417541367E-02|        282|
 4|   2.600E+02|                 Infinity|   6.2378286155180533E-02|        257|
 4|   2.700E+02|                 Infinity|   6.9843029576957816E-02|        205|
 4|   2.800E+02|                 Infinity|   7.4953168899586142E-02|        178|
 4|   2.900E+02|                 Infinity|   7.5592894601845442E-02|        175|
 4|   3.000E+02|                 Infinity|   8.3918135829668908E-02|        142|
 4|   3.100E+02|                 Infinity|   8.4818892967997092E-02|        139|
 4|   3.200E+02|                 Infinity|   9.8532927816429319E-02|        103|
 4|   3.300E+02|                 Infinity|   9.9014754297667443E-02|        102|
 4|   3.400E+02|                 Infinity|   1.0425720702853739E-01|         92|
 4|   3.500E+02|                 Infinity|   1.1111111111111110E-01|         81|
 4|   3.600E+02|                 Infinity|   1.1470786693528087E-01|         76|
 4|   3.700E+02|                 Infinity|   1.3736056394868904E-01|         53|
 4|   3.800E+02|                 Infinity|   1.4433756729740646E-01|         48|
 4|   3.900E+02|                 Infinity|   1.3363062095621220E-01|         56|
 4|   4.000E+02|                 Infinity|   1.6012815380508713E-01|         39|
 4|   4.100E+02|                 Infinity|   1.5430334996209191E-01|         42|
 4|   4.200E+02|                 Infinity|   1.5249857033260467E-01|         43|
 4|   4.300E+02|                 Infinity|   1.5430334996209191E-01|         42|
 4|   4.400E+02|                 Infinity|   2.1320071635561041E-01|         22|
 4|   4.500E+02|                 Infinity|   2.0000000000000001E-01|         25|
 4|   4.600E+02|                 Infinity|   2.1821789023599239E-01|         21|
 4|   4.700E+02|                 Infinity|   2.4253562503633297E-01|         17|
 4|   4.800E+02|                 Infinity|   2.5819888974716110E-01|         15|
 4|   4.900E+02|                 Infinity|   2.2941573387056174E-01|         19|
# integrated result:   2.6312939108418844E-03
#
# Histogram 5: dy(j1,j2)                                         
 5|  -5.000E+00|                      NaN|   0.0000000000000000E+00|          0|
 5|  -4.800E+00|                      NaN|   0.0000000000000000E+00|          0|
 5|  -4.600E+00|                      NaN|   0.0000000000000000E+00|          0|
 5|  -4.400E+00|                      NaN|   0.0000000000000000E+00|          0|
 5|  -4.200E+00|                      NaN|   0.0000000000000000E+00|          0|
 5|  -4.000E+00|                 Infinity|   7.0710678118654746E-01|          2|
 5|  -3.800E+00|                 Infinity|   5.0000000000000000E-01|          4|
 5|  -3.600E+00|                 Infinity|   5.7735026918962584E-01|          3|
 5|  -3.400E+00|                 Infinity|   4.4721359549995793E-01|          5|
 5|  -3.200E+00|                 Infinity|   4.0824829046386307E-01|          6|
 5|  -3.000E+00|                 Infinity|   2.5000000000000000E-01|         16|
 5|  -2.800E+00|                 Infinity|   1.7407765595569785E-01|         33|
 5|  -2.600E+00|                 Infinity|   1.3363062095621220E-01|         56|
 5|  -2.400E+00|                 Infinity|   9.4915799575249898E-02|        111|
 5|  -2.200E+00|                 Infinity|   6.9504804685691590E-02|        207|
 5|  -2.000E+00|                 Infinity|   6.2500000000000000E-02|        256|
 5|  -1.800E+00|                 Infinity|   4.6324105461207951E-02|        466|
 5|  -1.600E+00|                 Infinity|   3.8984058779272523E-02|        658|
 5|  -1.400E+00|                 Infinity|   3.5533452725935076E-02|        792|
 5|  -1.200E+00|                 Infinity|   2.6388990698462976E-02|       1436|
 5|  -1.000E+00|                 Infinity|   2.2541740866685808E-02|       1968|
 5|  -8.000E-01|                 Infinity|   1.8430244519362142E-02|       2944|
 5|  -6.000E-01|                 Infinity|   1.5879018148092575E-02|       3966|
 5|  -4.000E-01|                 Infinity|   1.3061019953975416E-02|       5862|
 5|  -2.000E-01|                 Infinity|   1.1306836031273190E-02|       7822|
 5|   0.000E+00|                 Infinity|   1.5012578303701498E-02|       4437|
 5|   2.000E-01|                 Infinity|   1.5321285325897389E-02|       4260|
 5|   4.000E-01|                 Infinity|   1.5562435288367494E-02|       4129|
 5|   6.000E-01|                 Infinity|   1.5271180544538153E-02|       4288|
 5|   8.000E-01|                 Infinity|   1.6760038078849772E-02|       3560|
 5|   1.000E+00|                 Infinity|   1.7378824984374267E-02|       3311|
 5|   1.200E+00|                 Infinity|   1.9589023819033338E-02|       2606|
 5|   1.400E+00|                 Infinity|   2.2178456109386121E-02|       2033|
 5|   1.600E+00|                 Infinity|   2.5432863197073090E-02|       1546|
 5|   1.800E+00|                 Infinity|   2.8295591748714637E-02|       1249|
 5|   2.000E+00|                 Infinity|   3.1654446891645920E-02|        998|
 5|   2.200E+00|                 Infinity|   3.5289233662029275E-02|        803|
 5|   2.400E+00|                 Infinity|   4.1099746826339323E-02|        592|
 5|   2.600E+00|                 Infinity|   4.5738935374634825E-02|        478|
 5|   2.800E+00|                 Infinity|   4.9751859510499458E-02|        404|
 5|   3.000E+00|                 Infinity|   5.3376051268362382E-02|        351|
 5|   3.200E+00|                 Infinity|   7.0359754473029182E-02|        202|
 5|   3.400E+00|                 Infinity|   8.6710996952411995E-02|        133|
 5|   3.600E+00|                 Infinity|   1.2403473458920847E-01|         65|
 5|   3.800E+00|                 Infinity|   1.6222142113076254E-01|         38|
 5|   4.000E+00|                 Infinity|   2.5819888974716110E-01|         15|
 5|   4.200E+00|                 Infinity|   3.7796447300922720E-01|          7|
 5|   4.400E+00|                 Infinity|   1.0000000000000000E+00|          1|
 5|   4.600E+00|                 Infinity|   1.0000000000000000E+00|          1|
 5|   4.800E+00|                      NaN|   0.0000000000000000E+00|          0|
# integrated result:   2.6312939108418822E-03
#
# Histogram 6: mz1                                               
 6|   0.000E+00|                      NaN|   0.0000000000000000E+00|          0|
 6|   2.000E+00|                      NaN|   0.0000000000000000E+00|          0|
 6|   4.000E+00|                 Infinity|   3.0137438733945612E-02|       1101|
 6|   6.000E+00|                 Infinity|   1.9227214231343204E-02|       2705|
 6|   8.000E+00|                 Infinity|   2.2366272042129220E-02|       1999|
 6|   1.000E+01|                 Infinity|   2.5286086871208681E-02|       1564|
 6|   1.200E+01|                 Infinity|   2.7660638840895514E-02|       1307|
 6|   1.400E+01|                 Infinity|   3.4179296351233165E-02|        856|
 6|   1.600E+01|                 Infinity|   3.9193090083481028E-02|        651|
 6|   1.800E+01|                 Infinity|   2.9761377531286881E-02|       1129|
 6|   2.000E+01|                 Infinity|   3.5737084494593160E-02|        783|
 6|   2.200E+01|                 Infinity|   4.3153185200210310E-02|        537|
 6|   2.400E+01|                 Infinity|   5.5641488407465724E-02|        323|
 6|   2.600E+01|                 Infinity|   4.9446817643414874E-02|        409|
 6|   2.800E+01|                 Infinity|   4.6473941234017310E-02|        463|
 6|   3.000E+01|                 Infinity|   3.2633766658241879E-02|        939|
 6|   3.200E+01|                 Infinity|   7.9056941504209485E-02|        160|
 6|   3.400E+01|                 Infinity|   7.9555728417572996E-02|        158|
 6|   3.600E+01|                 Infinity|   1.2700012700019050E-01|         62|
 6|   3.800E+01|                 Infinity|   1.1470786693528087E-01|         76|
 6|   4.000E+01|                 Infinity|   1.0846522890932808E-01|         85|
 6|   4.200E+01|                 Infinity|   1.0369516947304253E-01|         93|
 6|   4.400E+01|                 Infinity|   9.6673648904566353E-02|        107|
 6|   4.600E+01|                 Infinity|   9.6673648904566353E-02|        107|
 6|   4.800E+01|                 Infinity|   9.1669849702821132E-02|        119|
 6|   5.000E+01|                 Infinity|   8.9802651013387455E-02|        124|
 6|   5.200E+01|                 Infinity|   9.7128586235726413E-02|        106|
 6|   5.400E+01|                 Infinity|   8.4515425472851652E-02|        140|
 6|   5.600E+01|                 Infinity|   9.4072086838359728E-02|        113|
 6|   5.800E+01|                 Infinity|   8.8045090632562384E-02|        129|
 6|   6.000E+01|                 Infinity|   8.7705801930702931E-02|        130|
 6|   6.200E+01|                 Infinity|   7.9555728417572996E-02|        158|
 6|   6.400E+01|                 Infinity|   7.6249285166302333E-02|        172|
 6|   6.600E+01|                 Infinity|   6.6519010523773930E-02|        226|
 6|   6.800E+01|                 Infinity|   6.4282434653322507E-02|        242|
 6|   7.000E+01|                 Infinity|   6.0971076084969232E-02|        269|
 6|   7.200E+01|                 Infinity|   7.1611487403943297E-02|        195|
 6|   7.400E+01|                 Infinity|   5.6796183424706478E-02|        310|
 6|   7.600E+01|                 Infinity|   4.3033148291193521E-02|        540|
 6|   7.800E+01|                 Infinity|   3.9559388606461778E-02|        639|
 6|   8.000E+01|                 Infinity|   4.0756957296961119E-02|        602|
 6|   8.200E+01|                 Infinity|   3.0758312596043249E-02|       1057|
 6|   8.400E+01|                 Infinity|   4.8168305085908802E-02|        431|
 6|   8.600E+01|                 Infinity|   2.7939937811355630E-02|       1281|
 6|   8.800E+01|                 Infinity|   1.5125495013558083E-02|       4371|
 6|   9.000E+01|                 Infinity|   6.6384029817206230E-03|      22692|
 6|   9.200E+01|                 Infinity|   1.2846934910327694E-02|       6059|
 6|   9.400E+01|                 Infinity|   2.2887430356158697E-02|       1909|
 6|   9.600E+01|                 Infinity|   3.0206104666508849E-02|       1096|
 6|   9.800E+01|                 Infinity|   2.6315789473684209E-02|       1444|
 6|   1.000E+02|                 Infinity|   3.9314056698537575E-02|        647|
 6|   1.020E+02|                 Infinity|   5.2851642258168990E-02|        358|
 6|   1.040E+02|                 Infinity|   8.8045090632562384E-02|        129|
 6|   1.060E+02|                 Infinity|   9.3658581158169399E-02|        114|
 6|   1.080E+02|                 Infinity|   1.0599978800063600E-01|         89|
 6|   1.100E+02|                 Infinity|   1.0660035817780521E-01|         88|
 6|   1.120E+02|                 Infinity|   1.3018891098082389E-01|         59|
 6|   1.140E+02|                 Infinity|   1.4142135623730950E-01|         50|
 6|   1.160E+02|                 Infinity|   1.4433756729740646E-01|         48|
 6|   1.180E+02|                 Infinity|   1.6903085094570330E-01|         35|
 6|   1.200E+02|                 Infinity|   1.7149858514250882E-01|         34|
 6|   1.220E+02|                 Infinity|   1.4744195615489714E-01|         46|
 6|   1.240E+02|                 Infinity|   2.0000000000000001E-01|         25|
 6|   1.260E+02|                 Infinity|   2.1320071635561041E-01|         22|
 6|   1.280E+02|                 Infinity|   2.0412414523193154E-01|         24|
 6|   1.300E+02|                 Infinity|   2.5000000000000000E-01|         16|
 6|   1.320E+02|                 Infinity|   2.8867513459481292E-01|         12|
 6|   1.340E+02|                 Infinity|   2.6726124191242440E-01|         14|
 6|   1.360E+02|                 Infinity|   3.7796447300922720E-01|          7|
 6|   1.380E+02|                 Infinity|   2.5819888974716110E-01|         15|
 6|   1.400E+02|                 Infinity|   3.1622776601683794E-01|         10|
 6|   1.420E+02|                 Infinity|   3.1622776601683794E-01|         10|
 6|   1.440E+02|                 Infinity|   3.3333333333333331E-01|          9|
 6|   1.460E+02|                 Infinity|   3.3333333333333331E-01|          9|
 6|   1.480E+02|                 Infinity|   5.0000000000000000E-01|          4|
 6|   1.500E+02|                 Infinity|   5.0000000000000000E-01|          4|
 6|   1.520E+02|                 Infinity|   4.0824829046386307E-01|          6|
 6|   1.540E+02|                 Infinity|   7.0710678118654746E-01|          2|
 6|   1.560E+02|                 Infinity|   5.0000000000000000E-01|          4|
 6|   1.580E+02|                 Infinity|   7.0710678118654746E-01|          2|
 6|   1.600E+02|                 Infinity|   5.7735026918962584E-01|          3|
 6|   1.620E+02|                 Infinity|   5.0000000000000000E-01|          4|
 6|   1.640E+02|                 Infinity|   1.0000000000000000E+00|          1|
 6|   1.660E+02|                 Infinity|   5.7735026918962584E-01|          3|
 6|   1.680E+02|                 Infinity|   5.7735026918962584E-01|          3|
 6|   1.700E+02|                 Infinity|   5.0000000000000000E-01|          4|
 6|   1.720E+02|                 Infinity|   1.0000000000000000E+00|          1|
 6|   1.740E+02|                 Infinity|   5.7735026918962584E-01|          3|
 6|   1.760E+02|                 Infinity|   4.4721359549995793E-01|          5|
 6|   1.780E+02|                 Infinity|   5.0000000000000000E-01|          4|
 6|   1.800E+02|                 Infinity|   5.7735026918962584E-01|          3|
 6|   1.820E+02|                      NaN|   0.0000000000000000E+00|          0|
 6|   1.840E+02|                 Infinity|   1.0000000000000000E+00|          1|
 6|   1.860E+02|                      NaN|   0.0000000000000000E+00|          0|
 6|   1.880E+02|                      NaN|   0.0000000000000000E+00|          0|
 6|   1.900E+02|                      NaN|   0.0000000000000000E+00|          0|
 6|   1.920E+02|                 Infinity|   5.7735026918962584E-01|          3|
 6|   1.940E+02|                      NaN|   0.0000000000000000E+00|          0|
 6|   1.960E+02|                 Infinity|   5.7735026918962584E-01|          3|
 6|   1.980E+02|                 Infinity|   7.0710678118654746E-01|          2|
# integrated result:   2.6312939108418839E-03
#
# Histogram 7: mz2                                               
 7|   0.000E+00|                      NaN|   0.0000000000000000E+00|          0|
 7|   2.000E+00|                      NaN|   0.0000000000000000E+00|          0|
 7|   4.000E+00|                 Infinity|   1.6852602895935015E-02|       3521|
 7|   6.000E+00|                 Infinity|   2.2917462425705283E-02|       1904|
 7|   8.000E+00|                 Infinity|   2.1541520906608189E-02|       2155|
 7|   1.000E+01|                 Infinity|   2.8027592733560525E-02|       1273|
 7|   1.200E+01|                 Infinity|   3.0964056111131625E-02|       1043|
 7|   1.400E+01|                 Infinity|   3.1311214554257477E-02|       1020|
 7|   1.600E+01|                 Infinity|   3.2376195411908802E-02|        954|
 7|   1.800E+01|                 Infinity|   3.4299717028501771E-02|        850|
 7|   2.000E+01|                 Infinity|   3.6321635614607398E-02|        758|
 7|   2.200E+01|                 Infinity|   3.5511041211421748E-02|        793|
 7|   2.400E+01|                 Infinity|   3.6735917918532250E-02|        741|
 7|   2.600E+01|                 Infinity|   3.8433122101204392E-02|        677|
 7|   2.800E+01|                 Infinity|   3.9715073539476883E-02|        634|
 7|   3.000E+01|                 Infinity|   3.9314056698537575E-02|        647|
 7|   3.200E+01|                 Infinity|   3.9590379123244791E-02|        638|
 7|   3.400E+01|                 Infinity|   3.8575837490522978E-02|        672|
 7|   3.600E+01|                 Infinity|   3.9043440472151518E-02|        656|
 7|   3.800E+01|                 Infinity|   3.9746431675858215E-02|        633|
 7|   4.000E+01|                 Infinity|   4.1848697531868720E-02|        571|
 7|   4.200E+01|                 Infinity|   4.3560684186903210E-02|        527|
 7|   4.400E+01|                 Infinity|   4.3979949713354248E-02|        517|
 7|   4.600E+01|                 Infinity|   4.2333375666730171E-02|        558|
 7|   4.800E+01|                 Infinity|   4.1380294430118397E-02|        584|
 7|   5.000E+01|                 Infinity|   4.2601432284230495E-02|        551|
 7|   5.200E+01|                 Infinity|   4.1415768328129106E-02|        583|
 7|   5.400E+01|                 Infinity|   4.3979949713354248E-02|        517|
 7|   5.600E+01|                 Infinity|   4.3437224276306939E-02|        530|
 7|   5.800E+01|                 Infinity|   4.7245559126153400E-02|        448|
 7|   6.000E+01|                 Infinity|   5.0507627227610534E-02|        392|
 7|   6.200E+01|                 Infinity|   4.9326362366699003E-02|        411|
 7|   6.400E+01|                 Infinity|   4.3274232240791542E-02|        534|
 7|   6.600E+01|                 Infinity|   2.9708795551115327E-02|       1133|
 7|   6.800E+01|                 Infinity|   2.2394296451119462E-02|       1994|
 7|   7.000E+01|                 Infinity|   4.9813548138671788E-02|        403|
 7|   7.200E+01|                 Infinity|   5.8222250973958202E-02|        295|
 7|   7.400E+01|                 Infinity|   5.4882129994845173E-02|        332|
 7|   7.600E+01|                 Infinity|   5.1366549693751415E-02|        379|
 7|   7.800E+01|                 Infinity|   5.0507627227610534E-02|        392|
 7|   8.000E+01|                 Infinity|   4.7192917818300872E-02|        449|
 7|   8.200E+01|                 Infinity|   4.1065078117659089E-02|        593|
 7|   8.400E+01|                 Infinity|   2.2086305214969307E-02|       2050|
 7|   8.600E+01|                 Infinity|   2.3051022277878704E-02|       1882|
 7|   8.800E+01|                 Infinity|   1.1663443465853428E-02|       7351|
 7|   9.000E+01|                 Infinity|   8.4925881433046951E-03|      13865|
 7|   9.200E+01|                 Infinity|   2.0974918506045256E-02|       2273|
 7|   9.400E+01|                 Infinity|   4.6574643283262232E-02|        461|
 7|   9.600E+01|                 Infinity|   5.9443829827776400E-02|        283|
 7|   9.800E+01|                 Infinity|   4.9813548138671788E-02|        403|
 7|   1.000E+02|                 Infinity|   7.7382323253413682E-02|        167|
 7|   1.020E+02|                 Infinity|   1.0101525445522107E-01|         98|
 7|   1.040E+02|                 Infinity|   1.2700012700019050E-01|         62|
 7|   1.060E+02|                 Infinity|   1.3245323570650439E-01|         57|
 7|   1.080E+02|                 Infinity|   1.6222142113076254E-01|         38|
 7|   1.100E+02|                 Infinity|   1.6222142113076254E-01|         38|
 7|   1.120E+02|                 Infinity|   1.6439898730535729E-01|         37|
 7|   1.140E+02|                 Infinity|   1.4433756729740646E-01|         48|
 7|   1.160E+02|                 Infinity|   1.4744195615489714E-01|         46|
 7|   1.180E+02|                 Infinity|   1.7149858514250882E-01|         34|
 7|   1.200E+02|                 Infinity|   1.7960530202677491E-01|         31|
 7|   1.220E+02|                 Infinity|   1.6903085094570330E-01|         35|
 7|   1.240E+02|                 Infinity|   2.1821789023599239E-01|         21|
 7|   1.260E+02|                 Infinity|   1.9611613513818404E-01|         26|
 7|   1.280E+02|                 Infinity|   2.1821789023599239E-01|         21|
 7|   1.300E+02|                 Infinity|   2.2360679774997896E-01|         20|
 7|   1.320E+02|                 Infinity|   2.2360679774997896E-01|         20|
 7|   1.340E+02|                 Infinity|   2.0851441405707477E-01|         23|
 7|   1.360E+02|                 Infinity|   2.2941573387056174E-01|         19|
 7|   1.380E+02|                 Infinity|   2.0412414523193154E-01|         24|
 7|   1.400E+02|                 Infinity|   2.5000000000000000E-01|         16|
 7|   1.420E+02|                 Infinity|   1.8898223650461360E-01|         28|
 7|   1.440E+02|                 Infinity|   2.1320071635561041E-01|         22|
 7|   1.460E+02|                 Infinity|   3.0151134457776363E-01|         11|
 7|   1.480E+02|                 Infinity|   2.5819888974716110E-01|         15|
 7|   1.500E+02|                 Infinity|   2.5819888974716110E-01|         15|
 7|   1.520E+02|                 Infinity|   2.6726124191242440E-01|         14|
 7|   1.540E+02|                 Infinity|   3.3333333333333331E-01|          9|
 7|   1.560E+02|                 Infinity|   3.1622776601683794E-01|         10|
 7|   1.580E+02|                 Infinity|   4.4721359549995793E-01|          5|
 7|   1.600E+02|                 Infinity|   2.7735009811261457E-01|         13|
 7|   1.620E+02|                 Infinity|   4.0824829046386307E-01|          6|
 7|   1.640E+02|                 Infinity|   3.3333333333333331E-01|          9|
 7|   1.660E+02|                 Infinity|   2.5819888974716110E-01|         15|
 7|   1.680E+02|                 Infinity|   3.5355339059327373E-01|          8|
 7|   1.700E+02|                 Infinity|   3.1622776601683794E-01|         10|
 7|   1.720E+02|                 Infinity|   3.5355339059327373E-01|          8|
 7|   1.740E+02|                 Infinity|   5.0000000000000000E-01|          4|
 7|   1.760E+02|                 Infinity|   3.7796447300922720E-01|          7|
 7|   1.780E+02|                 Infinity|   3.7796447300922720E-01|          7|
 7|   1.800E+02|                 Infinity|   5.0000000000000000E-01|          4|
 7|   1.820E+02|                 Infinity|   3.5355339059327373E-01|          8|
 7|   1.840E+02|                 Infinity|   5.7735026918962584E-01|          3|
 7|   1.860E+02|                 Infinity|   5.7735026918962584E-01|          3|
 7|   1.880E+02|                 Infinity|   5.7735026918962584E-01|          3|
 7|   1.900E+02|                 Infinity|   4.0824829046386307E-01|          6|
 7|   1.920E+02|                 Infinity|   5.7735026918962584E-01|          3|
 7|   1.940E+02|                 Infinity|   4.0824829046386307E-01|          6|
 7|   1.960E+02|                 Infinity|   5.0000000000000000E-01|          4|
 7|   1.980E+02|                 Infinity|   4.0824829046386307E-01|          6|
# integrated result:   2.6312939108418835E-03
#
# Histogram 8: m_4l                                              
 8|   1.000E+02|                 Infinity|   9.0621207971172801E-03|      12177|
 8|   1.400E+02|                 Infinity|   8.6194086254223930E-03|      13460|
 8|   1.800E+02|                 Infinity|   9.9622152372605046E-03|      10076|
 8|   2.200E+02|                 Infinity|   1.2186063699987313E-02|       6734|
 8|   2.600E+02|                 Infinity|   1.5063589590018380E-02|       4407|
 8|   3.000E+02|                 Infinity|   1.7381449986274954E-02|       3310|
 8|   3.400E+02|                 Infinity|   2.0265182408994380E-02|       2435|
 8|   3.800E+02|                 Infinity|   2.4860550508181419E-02|       1618|
 8|   4.200E+02|                 Infinity|   2.8272964322665701E-02|       1251|
 8|   4.600E+02|                 Infinity|   3.3463724070512735E-02|        893|
 8|   5.000E+02|                 Infinity|   3.7662178857735470E-02|        705|
 8|   5.400E+02|                 Infinity|   4.4499415948998478E-02|        505|
 8|   5.800E+02|                 Infinity|   4.9088069367381602E-02|        415|
 8|   6.200E+02|                 Infinity|   5.7073014553534959E-02|        307|
 8|   6.600E+02|                 Infinity|   6.4018439966447988E-02|        244|
 8|   7.000E+02|                 Infinity|   7.7151674981045956E-02|        168|
 8|   7.400E+02|                 Infinity|   8.2760588860236795E-02|        146|
 8|   7.800E+02|                 Infinity|   9.0909090909090912E-02|        121|
 8|   8.200E+02|                 Infinity|   9.9503719020998915E-02|        101|
 8|   8.600E+02|                 Infinity|   1.2700012700019050E-01|         62|
 8|   9.000E+02|                 Infinity|   1.3018891098082389E-01|         59|
 8|   9.400E+02|                 Infinity|   1.5249857033260467E-01|         43|
 8|   9.800E+02|                 Infinity|   1.4433756729740646E-01|         48|
 8|   1.020E+03|                 Infinity|   1.7407765595569785E-01|         33|
 8|   1.060E+03|                 Infinity|   2.2941573387056174E-01|         19|
 8|   1.100E+03|                 Infinity|   2.2941573387056174E-01|         19|
 8|   1.140E+03|                 Infinity|   2.4253562503633297E-01|         17|
 8|   1.180E+03|                 Infinity|   2.4253562503633297E-01|         17|
 8|   1.220E+03|                 Infinity|   5.0000000000000000E-01|          4|
 8|   1.260E+03|                 Infinity|   3.5355339059327373E-01|          8|
 8|   1.300E+03|                 Infinity|   3.3333333333333331E-01|          9|
 8|   1.340E+03|                 Infinity|   3.1622776601683794E-01|         10|
 8|   1.380E+03|                 Infinity|   3.3333333333333331E-01|          9|
 8|   1.420E+03|                      NaN|   0.0000000000000000E+00|          0|
 8|   1.460E+03|                 Infinity|   4.4721359549995793E-01|          5|
 8|   1.500E+03|                 Infinity|   5.7735026918962584E-01|          3|
 8|   1.540E+03|                 Infinity|   1.0000000000000000E+00|          1|
 8|   1.580E+03|                 Infinity|   5.7735026918962584E-01|          3|
 8|   1.620E+03|                 Infinity|   7.0710678118654746E-01|          2|
 8|   1.660E+03|                 Infinity|   1.0000000000000000E+00|          1|
 8|   1.700E+03|                 Infinity|   7.0710678118654746E-01|          2|
 8|   1.740E+03|                 Infinity|   5.0000000000000000E-01|          4|
 8|   1.780E+03|                 Infinity|   5.7735026918962584E-01|          3|
 8|   1.820E+03|                 Infinity|   7.0710678118654746E-01|          2|
 8|   1.860E+03|                 Infinity|   1.0000000000000000E+00|          1|
 8|   1.900E+03|                 Infinity|   1.0000000000000000E+00|          1|
 8|   1.940E+03|                 Infinity|   1.0000000000000000E+00|          1|
 8|   1.980E+03|                      NaN|   0.0000000000000000E+00|          0|
 8|   2.020E+03|                      NaN|   0.0000000000000000E+00|          0|
 8|   2.060E+03|                      NaN|   0.0000000000000000E+00|          0|
 8|   2.100E+03|                      NaN|   0.0000000000000000E+00|          0|
 8|   2.140E+03|                 Infinity|   1.0000000000000000E+00|          1|
 8|   2.180E+03|                      NaN|   0.0000000000000000E+00|          0|
 8|   2.220E+03|                 Infinity|   1.0000000000000000E+00|          1|
 8|   2.260E+03|                      NaN|   0.0000000000000000E+00|          0|
 8|   2.300E+03|                      NaN|   0.0000000000000000E+00|          0|
 8|   2.340E+03|                      NaN|   0.0000000000000000E+00|          0|
 8|   2.380E+03|                      NaN|   0.0000000000000000E+00|          0|
 8|   2.420E+03|                      NaN|   0.0000000000000000E+00|          0|
 8|   2.460E+03|                 Infinity|   1.0000000000000000E+00|          1|
 8|   2.500E+03|                      NaN|   0.0000000000000000E+00|          0|
 8|   2.540E+03|                 Infinity|   1.0000000000000000E+00|          1|
 8|   2.580E+03|                      NaN|   0.0000000000000000E+00|          0|
 8|   2.620E+03|                      NaN|   0.0000000000000000E+00|          0|
 8|   2.660E+03|                      NaN|   0.0000000000000000E+00|          0|
 8|   2.700E+03|                      NaN|   0.0000000000000000E+00|          0|
 8|   2.740E+03|                      NaN|   0.0000000000000000E+00|          0|
 8|   2.780E+03|                      NaN|   0.0000000000000000E+00|          0|
 8|   2.820E+03|                      NaN|   0.0000000000000000E+00|          0|
 8|   2.860E+03|                      NaN|   0.0000000000000000E+00|          0|
 8|   2.900E+03|                      NaN|   0.0000000000000000E+00|          0|
 8|   2.940E+03|                      NaN|   0.0000000000000000E+00|          0|
 8|   2.980E+03|                      NaN|   0.0000000000000000E+00|          0|
 8|   3.020E+03|                      NaN|   0.0000000000000000E+00|          0|
 8|   3.060E+03|                      NaN|   0.0000000000000000E+00|          0|
 8|   3.100E+03|                      NaN|   0.0000000000000000E+00|          0|
 8|   3.140E+03|                      NaN|   0.0000000000000000E+00|          0|
 8|   3.180E+03|                      NaN|   0.0000000000000000E+00|          0|
 8|   3.220E+03|                      NaN|   0.0000000000000000E+00|          0|
 8|   3.260E+03|                      NaN|   0.0000000000000000E+00|          0|
 8|   3.300E+03|                      NaN|   0.0000000000000000E+00|          0|
 8|   3.340E+03|                      NaN|   0.0000000000000000E+00|          0|
 8|   3.380E+03|                      NaN|   0.0000000000000000E+00|          0|
 8|   3.420E+03|                      NaN|   0.0000000000000000E+00|          0|
 8|   3.460E+03|                      NaN|   0.0000000000000000E+00|          0|
 8|   3.500E+03|                      NaN|   0.0000000000000000E+00|          0|
 8|   3.540E+03|                      NaN|   0.0000000000000000E+00|          0|
 8|   3.580E+03|                      NaN|   0.0000000000000000E+00|          0|
 8|   3.620E+03|                      NaN|   0.0000000000000000E+00|          0|
 8|   3.660E+03|                      NaN|   0.0000000000000000E+00|          0|
 8|   3.700E+03|                      NaN|   0.0000000000000000E+00|          0|
 8|   3.740E+03|                      NaN|   0.0000000000000000E+00|          0|
 8|   3.780E+03|                      NaN|   0.0000000000000000E+00|          0|
 8|   3.820E+03|                      NaN|   0.0000000000000000E+00|          0|
 8|   3.860E+03|                      NaN|   0.0000000000000000E+00|          0|
 8|   3.900E+03|                      NaN|   0.0000000000000000E+00|          0|
 8|   3.940E+03|                      NaN|   0.0000000000000000E+00|          0|
 8|   3.980E+03|                      NaN|   0.0000000000000000E+00|          0|
 8|   4.020E+03|                      NaN|   0.0000000000000000E+00|          0|
 8|   4.060E+03|                      NaN|   0.0000000000000000E+00|          0|
# integrated result:   2.6312939108418865E-03
#
# Histogram 9: m_4l                                              
 9|   8.500E+01|                 Infinity|   9.9503719020998915E-02|        101|
 9|   8.600E+01|                 Infinity|   9.7128586235726413E-02|        106|
 9|   8.700E+01|                 Infinity|   9.5346258924559238E-02|        110|
 9|   8.800E+01|                 Infinity|   1.0314212462587934E-01|         94|
 9|   8.900E+01|                 Infinity|   1.0976425998969035E-01|         83|
 9|   9.000E+01|                 Infinity|   1.1322770341445956E-01|         78|
 9|   9.100E+01|                 Infinity|   1.1785113019775793E-01|         72|
 9|   9.200E+01|                 Infinity|   1.0721125348377948E-01|         87|
 9|   9.300E+01|                 Infinity|   1.0101525445522107E-01|         98|
 9|   9.400E+01|                 Infinity|   1.0540925533894598E-01|         90|
 9|   9.500E+01|                 Infinity|   9.6673648904566353E-02|        107|
 9|   9.600E+01|                 Infinity|   9.7590007294853329E-02|        105|
 9|   9.700E+01|                 Infinity|   8.9087080637474794E-02|        126|
 9|   9.800E+01|                 Infinity|   8.2760588860236795E-02|        146|
 9|   9.900E+01|                 Infinity|   8.1110710565381272E-02|        152|
 9|   1.000E+02|                 Infinity|   7.4535599249992993E-02|        180|
 9|   1.010E+02|                 Infinity|   7.1981575074869450E-02|        193|
 9|   1.020E+02|                 Infinity|   6.9171446386607466E-02|        209|
 9|   1.030E+02|                 Infinity|   6.5094455490411943E-02|        236|
 9|   1.040E+02|                 Infinity|   7.0014004201400484E-02|        204|
 9|   1.050E+02|                 Infinity|   6.4684622735315084E-02|        239|
 9|   1.060E+02|                 Infinity|   6.2869461346193145E-02|        253|
 9|   1.070E+02|                 Infinity|   6.2257280636469035E-02|        258|
 9|   1.080E+02|                 Infinity|   6.2994078834871195E-02|        252|
 9|   1.090E+02|                 Infinity|   6.1662641597820735E-02|        263|
 9|   1.100E+02|                 Infinity|   5.7353933467640436E-02|        304|
 9|   1.110E+02|                 Infinity|   5.6888012398857428E-02|        309|
 9|   1.120E+02|                 Infinity|   5.7543533764843599E-02|        302|
 9|   1.130E+02|                 Infinity|   6.0858061945018457E-02|        270|
 9|   1.140E+02|                 Infinity|   5.8823529411764705E-02|        289|
 9|   1.150E+02|                 Infinity|   5.5470019622522911E-02|        325|
 9|   1.160E+02|                 Infinity|   5.8321184351980429E-02|        294|
 9|   1.170E+02|                 Infinity|   5.3376051268362382E-02|        351|
 9|   1.180E+02|                 Infinity|   5.9868434008924963E-02|        279|
 9|   1.190E+02|                 Infinity|   5.7448498962142602E-02|        303|
 9|   1.200E+02|                 Infinity|   5.6888012398857428E-02|        309|
 9|   1.210E+02|                 Infinity|   5.6433264798310033E-02|        314|
 9|   1.220E+02|                 Infinity|   5.4232614454664041E-02|        340|
 9|   1.230E+02|                 Infinity|   5.4799662435119099E-02|        333|
 9|   1.240E+02|                 Infinity|   5.6433264798310033E-02|        314|
 9|   1.250E+02|                 Infinity|   5.5215763037423267E-02|        328|
 9|   1.260E+02|                 Infinity|   5.3682812709501898E-02|        347|
 9|   1.270E+02|                 Infinity|   5.4153036107388232E-02|        341|
 9|   1.280E+02|                 Infinity|   5.3300179088902604E-02|        352|
 9|   1.290E+02|                 Infinity|   5.1639777949432225E-02|        375|
 9|   1.300E+02|                 Infinity|   5.5814557218594761E-02|        321|
 9|   1.310E+02|                 Infinity|   5.3224629541234948E-02|        353|
 9|   1.320E+02|                 Infinity|   5.2057920629535355E-02|        369|
 9|   1.330E+02|                 Infinity|   5.4153036107388232E-02|        341|
 9|   1.340E+02|                 Infinity|   5.1917413165116499E-02|        371|
# integrated result:   2.6312939108418896E-03
#
# Histogram10: Phi1                                              
10|  -3.142E+00|                 Infinity|   2.9735051672502628E-02|       1131|
10|  -2.985E+00|                 Infinity|   2.9235267310234306E-02|       1170|
10|  -2.827E+00|                 Infinity|   2.7565892320998563E-02|       1316|
10|  -2.670E+00|                 Infinity|   2.6899609689495087E-02|       1382|
10|  -2.513E+00|                 Infinity|   2.5310373177627687E-02|       1561|
10|  -2.356E+00|                 Infinity|   2.4625761678892605E-02|       1649|
10|  -2.199E+00|                 Infinity|   2.3993858358289818E-02|       1737|
10|  -2.042E+00|                 Infinity|   2.2547470118491800E-02|       1967|
10|  -1.885E+00|                 Infinity|   2.2697981217836876E-02|       1941|
10|  -1.728E+00|                 Infinity|   2.3255813953488372E-02|       1849|
10|  -1.571E+00|                 Infinity|   2.2833668863877152E-02|       1918|
10|  -1.414E+00|                 Infinity|   2.3414645289542350E-02|       1824|
10|  -1.257E+00|                 Infinity|   2.4588511980245170E-02|       1654|
10|  -1.100E+00|                 Infinity|   2.4332412774463609E-02|       1689|
10|  -9.425E-01|                 Infinity|   2.4753688574416861E-02|       1632|
10|  -7.854E-01|                 Infinity|   2.6297584151910851E-02|       1446|
10|  -6.283E-01|                 Infinity|   2.7116307227332020E-02|       1360|
10|  -4.713E-01|                 Infinity|   2.7226638505866506E-02|       1349|
10|  -3.142E-01|                 Infinity|   2.5482359571881278E-02|       1540|
10|  -1.571E-01|                 Infinity|   2.6453545376397200E-02|       1429|
10|  -3.000E-05|                 Infinity|   2.6472076758968607E-02|       1427|
10|   1.570E-01|                 Infinity|   2.6379807127383248E-02|       1437|
10|   3.141E-01|                 Infinity|   2.6783579200279007E-02|       1394|
10|   4.712E-01|                 Infinity|   2.7046790851991440E-02|       1367|
10|   6.283E-01|                 Infinity|   2.6880166528523517E-02|       1384|
10|   7.854E-01|                 Infinity|   2.5598984252456894E-02|       1526|
10|   9.424E-01|                 Infinity|   2.5310373177627687E-02|       1561|
10|   1.100E+00|                 Infinity|   2.4708310555370042E-02|       1638|
10|   1.257E+00|                 Infinity|   2.4274991071356489E-02|       1697|
10|   1.414E+00|                 Infinity|   2.3531040266750583E-02|       1806|
10|   1.571E+00|                 Infinity|   2.3395413544786550E-02|       1827|
10|   1.728E+00|                 Infinity|   2.2869467687317412E-02|       1912|
10|   1.885E+00|                 Infinity|   2.3485569615051043E-02|       1813|
10|   2.042E+00|                 Infinity|   2.4332412774463609E-02|       1689|
10|   2.199E+00|                 Infinity|   2.4551430807011814E-02|       1659|
10|   2.356E+00|                 Infinity|   2.5871684190211096E-02|       1494|
10|   2.513E+00|                 Infinity|   2.6899609689495087E-02|       1382|
10|   2.670E+00|                 Infinity|   2.8629916715693413E-02|       1220|
10|   2.827E+00|                 Infinity|   2.8501713717057404E-02|       1231|
10|   2.984E+00|                 Infinity|   3.0001500112509377E-02|       1111|
# integrated result:   2.6312939108418809E-03
#
