#
# column #1=histogram, #2=x-axis bin, #3=binned cross-section, #4=error, #5=number of events 
# this can be easily plotted in gnuplot with the commands:
#    NHi=3
#    plot 'output.dat' using ($2):($1==NHi ? $3 : 1/0) w st
# where NHi selects the histogram
#
#
# run time =      -0.00min
# TotCS =      1.4327669878E-02           1.10781E-02
#
# Histogram 1: m_jj                                              
 1|   0.000E+00|                      NaN|   0.0000000000000000E+00|          0|
 1|   5.000E+01|                 Infinity|   6.7453721543029414E-03|      21978|
 1|   1.000E+02|                 Infinity|   8.8651924880248818E-03|      12724|
 1|   1.500E+02|                 Infinity|   1.1950578989701244E-02|       7002|
 1|   2.000E+02|                 Infinity|   1.3463206528700325E-02|       5517|
 1|   2.500E+02|                 Infinity|   1.4503419584298023E-02|       4754|
 1|   3.000E+02|                 Infinity|   1.5957672558078225E-02|       3927|
 1|   3.500E+02|                 Infinity|   1.8217988943396556E-02|       3013|
 1|   4.000E+02|                 Infinity|   2.0694577179185557E-02|       2335|
 1|   4.500E+02|                 Infinity|   2.3603030823749149E-02|       1795|
 1|   5.000E+02|                 Infinity|   2.5318484177091666E-02|       1560|
 1|   5.500E+02|                 Infinity|   2.9774566708770683E-02|       1128|
 1|   6.000E+02|                 Infinity|   3.4319911152729012E-02|        849|
 1|   6.500E+02|                 Infinity|   3.6514837167011073E-02|        750|
 1|   7.000E+02|                 Infinity|   4.1594516540385151E-02|        578|
 1|   7.500E+02|                 Infinity|   4.5786854649563009E-02|        477|
 1|   8.000E+02|                 Infinity|   5.0251890762960605E-02|        396|
 1|   8.500E+02|                 Infinity|   5.4232614454664041E-02|        340|
 1|   9.000E+02|                 Infinity|   6.1545745489666362E-02|        264|
 1|   9.500E+02|                 Infinity|   6.8358592702466331E-02|        214|
 1|   1.000E+03|                 Infinity|   7.7151674981045956E-02|        168|
 1|   1.050E+03|                 Infinity|   8.5125653075874858E-02|        138|
 1|   1.100E+03|                 Infinity|   9.7590007294853329E-02|        105|
 1|   1.150E+03|                 Infinity|   1.0314212462587934E-01|         94|
 1|   1.200E+03|                 Infinity|   1.1547005383792514E-01|         75|
 1|   1.250E+03|                 Infinity|   1.3245323570650439E-01|         57|
 1|   1.300E+03|                 Infinity|   1.3130643285972254E-01|         58|
 1|   1.350E+03|                 Infinity|   1.5075567228888181E-01|         44|
 1|   1.400E+03|                 Infinity|   1.7677669529663687E-01|         32|
 1|   1.450E+03|                 Infinity|   1.6012815380508713E-01|         39|
 1|   1.500E+03|                 Infinity|   2.1821789023599239E-01|         21|
 1|   1.550E+03|                 Infinity|   2.6726124191242440E-01|         14|
 1|   1.600E+03|                 Infinity|   2.8867513459481292E-01|         12|
 1|   1.650E+03|                 Infinity|   3.5355339059327373E-01|          8|
 1|   1.700E+03|                 Infinity|   2.5819888974716110E-01|         15|
 1|   1.750E+03|                 Infinity|   3.7796447300922720E-01|          7|
 1|   1.800E+03|                 Infinity|   2.4253562503633297E-01|         17|
 1|   1.850E+03|                 Infinity|   4.0824829046386307E-01|          6|
 1|   1.900E+03|                 Infinity|   3.1622776601683794E-01|         10|
 1|   1.950E+03|                 Infinity|   3.5355339059327373E-01|          8|
 1|   2.000E+03|                 Infinity|   5.7735026918962584E-01|          3|
 1|   2.050E+03|                 Infinity|   4.0824829046386307E-01|          6|
 1|   2.100E+03|                 Infinity|   7.0710678118654746E-01|          2|
 1|   2.150E+03|                 Infinity|   3.7796447300922720E-01|          7|
 1|   2.200E+03|                      NaN|   0.0000000000000000E+00|          0|
 1|   2.250E+03|                 Infinity|   7.0710678118654746E-01|          2|
 1|   2.300E+03|                      NaN|   0.0000000000000000E+00|          0|
 1|   2.350E+03|                 Infinity|   5.7735026918962584E-01|          3|
 1|   2.400E+03|                 Infinity|   7.0710678118654746E-01|          2|
 1|   2.450E+03|                 Infinity|   1.0000000000000000E+00|          1|
 1|   2.500E+03|                 Infinity|   7.0710678118654746E-01|          2|
 1|   2.550E+03|                 Infinity|   7.0710678118654746E-01|          2|
 1|   2.600E+03|                 Infinity|   5.7735026918962584E-01|          3|
 1|   2.650E+03|                      NaN|   0.0000000000000000E+00|          0|
 1|   2.700E+03|                      NaN|   0.0000000000000000E+00|          0|
 1|   2.750E+03|                 Infinity|   7.0710678118654746E-01|          2|
 1|   2.800E+03|                      NaN|   0.0000000000000000E+00|          0|
 1|   2.850E+03|                      NaN|   0.0000000000000000E+00|          0|
 1|   2.900E+03|                 Infinity|   1.0000000000000000E+00|          1|
 1|   2.950E+03|                      NaN|   0.0000000000000000E+00|          0|
 1|   3.000E+03|                      NaN|   0.0000000000000000E+00|          0|
 1|   3.050E+03|                      NaN|   0.0000000000000000E+00|          0|
 1|   3.100E+03|                 Infinity|   1.0000000000000000E+00|          1|
 1|   3.150E+03|                      NaN|   0.0000000000000000E+00|          0|
 1|   3.200E+03|                      NaN|   0.0000000000000000E+00|          0|
 1|   3.250E+03|                      NaN|   0.0000000000000000E+00|          0|
 1|   3.300E+03|                      NaN|   0.0000000000000000E+00|          0|
 1|   3.350E+03|                      NaN|   0.0000000000000000E+00|          0|
 1|   3.400E+03|                      NaN|   0.0000000000000000E+00|          0|
 1|   3.450E+03|                      NaN|   0.0000000000000000E+00|          0|
 1|   3.500E+03|                      NaN|   0.0000000000000000E+00|          0|
 1|   3.550E+03|                      NaN|   0.0000000000000000E+00|          0|
 1|   3.600E+03|                 Infinity|   1.0000000000000000E+00|          1|
 1|   3.650E+03|                      NaN|   0.0000000000000000E+00|          0|
 1|   3.700E+03|                      NaN|   0.0000000000000000E+00|          0|
 1|   3.750E+03|                      NaN|   0.0000000000000000E+00|          0|
 1|   3.800E+03|                      NaN|   0.0000000000000000E+00|          0|
 1|   3.850E+03|                      NaN|   0.0000000000000000E+00|          0|
 1|   3.900E+03|                 Infinity|   1.0000000000000000E+00|          1|
 1|   3.950E+03|                      NaN|   0.0000000000000000E+00|          0|
 1|   4.000E+03|                      NaN|   0.0000000000000000E+00|          0|
 1|   4.050E+03|                      NaN|   0.0000000000000000E+00|          0|
 1|   4.100E+03|                      NaN|   0.0000000000000000E+00|          0|
 1|   4.150E+03|                      NaN|   0.0000000000000000E+00|          0|
 1|   4.200E+03|                 Infinity|   1.0000000000000000E+00|          1|
 1|   4.250E+03|                      NaN|   0.0000000000000000E+00|          0|
 1|   4.300E+03|                      NaN|   0.0000000000000000E+00|          0|
 1|   4.350E+03|                      NaN|   0.0000000000000000E+00|          0|
 1|   4.400E+03|                      NaN|   0.0000000000000000E+00|          0|
 1|   4.450E+03|                      NaN|   0.0000000000000000E+00|          0|
 1|   4.500E+03|                 Infinity|   1.0000000000000000E+00|          1|
 1|   4.550E+03|                      NaN|   0.0000000000000000E+00|          0|
 1|   4.600E+03|                      NaN|   0.0000000000000000E+00|          0|
 1|   4.650E+03|                      NaN|   0.0000000000000000E+00|          0|
 1|   4.700E+03|                      NaN|   0.0000000000000000E+00|          0|
 1|   4.750E+03|                      NaN|   0.0000000000000000E+00|          0|
 1|   4.800E+03|                      NaN|   0.0000000000000000E+00|          0|
 1|   4.850E+03|                      NaN|   0.0000000000000000E+00|          0|
 1|   4.900E+03|                      NaN|   0.0000000000000000E+00|          0|
 1|   4.950E+03|                      NaN|   0.0000000000000000E+00|          0|
# integrated result:   1.4327669878061911E-02
#
# Histogram 2: m_jj                                              
 2|   0.000E+00|                      NaN|   0.0000000000000000E+00|          0|
 2|   2.000E+00|                      NaN|   0.0000000000000000E+00|          0|
 2|   4.000E+00|                      NaN|   0.0000000000000000E+00|          0|
 2|   6.000E+00|                      NaN|   0.0000000000000000E+00|          0|
 2|   8.000E+00|                      NaN|   0.0000000000000000E+00|          0|
 2|   1.000E+01|                      NaN|   0.0000000000000000E+00|          0|
 2|   1.200E+01|                      NaN|   0.0000000000000000E+00|          0|
 2|   1.400E+01|                      NaN|   0.0000000000000000E+00|          0|
 2|   1.600E+01|                      NaN|   0.0000000000000000E+00|          0|
 2|   1.800E+01|                      NaN|   0.0000000000000000E+00|          0|
 2|   2.000E+01|                      NaN|   0.0000000000000000E+00|          0|
 2|   2.200E+01|                      NaN|   0.0000000000000000E+00|          0|
 2|   2.400E+01|                      NaN|   0.0000000000000000E+00|          0|
 2|   2.600E+01|                      NaN|   0.0000000000000000E+00|          0|
 2|   2.800E+01|                      NaN|   0.0000000000000000E+00|          0|
 2|   3.000E+01|                      NaN|   0.0000000000000000E+00|          0|
 2|   3.200E+01|                      NaN|   0.0000000000000000E+00|          0|
 2|   3.400E+01|                      NaN|   0.0000000000000000E+00|          0|
 2|   3.600E+01|                      NaN|   0.0000000000000000E+00|          0|
 2|   3.800E+01|                      NaN|   0.0000000000000000E+00|          0|
 2|   4.000E+01|                      NaN|   0.0000000000000000E+00|          0|
 2|   4.200E+01|                      NaN|   0.0000000000000000E+00|          0|
 2|   4.400E+01|                      NaN|   0.0000000000000000E+00|          0|
 2|   4.600E+01|                      NaN|   0.0000000000000000E+00|          0|
 2|   4.800E+01|                      NaN|   0.0000000000000000E+00|          0|
 2|   5.000E+01|                      NaN|   0.0000000000000000E+00|          0|
 2|   5.200E+01|                      NaN|   0.0000000000000000E+00|          0|
 2|   5.400E+01|                      NaN|   0.0000000000000000E+00|          0|
 2|   5.600E+01|                      NaN|   0.0000000000000000E+00|          0|
 2|   5.800E+01|                      NaN|   0.0000000000000000E+00|          0|
 2|   6.000E+01|                      NaN|   0.0000000000000000E+00|          0|
 2|   6.200E+01|                      NaN|   0.0000000000000000E+00|          0|
 2|   6.400E+01|                      NaN|   0.0000000000000000E+00|          0|
 2|   6.600E+01|                      NaN|   0.0000000000000000E+00|          0|
 2|   6.800E+01|                      NaN|   0.0000000000000000E+00|          0|
 2|   7.000E+01|                 Infinity|   4.7673129462279619E-02|        440|
 2|   7.200E+01|                 Infinity|   4.5548751867427691E-02|        482|
 2|   7.400E+01|                 Infinity|   3.8124642583151166E-02|        688|
 2|   7.600E+01|                 Infinity|   4.0323891927275590E-02|        615|
 2|   7.800E+01|                 Infinity|   2.1531531793663645E-02|       2157|
 2|   8.000E+01|                 Infinity|   1.9062321291575583E-02|       2752|
 2|   8.200E+01|                 Infinity|   2.4551430807011814E-02|       1659|
 2|   8.400E+01|                 Infinity|   2.4992191160203070E-02|       1601|
 2|   8.600E+01|                 Infinity|   2.9310519088027460E-02|       1164|
 2|   8.800E+01|                 Infinity|   2.2183912735402846E-02|       2032|
 2|   9.000E+01|                 Infinity|   1.8405254345807757E-02|       2952|
 2|   9.200E+01|                 Infinity|   2.1195195169964869E-02|       2226|
 2|   9.400E+01|                 Infinity|   2.8759865427152538E-02|       1209|
 2|   9.600E+01|                 Infinity|   2.9748205865436483E-02|       1130|
 2|   9.800E+01|                 Infinity|   3.3883707378584857E-02|        871|
 2|   1.000E+02|                 Infinity|   3.8208035995043507E-02|        685|
 2|   1.020E+02|                 Infinity|   3.6131468676496206E-02|        766|
 2|   1.040E+02|                 Infinity|   4.0323891927275590E-02|        615|
 2|   1.060E+02|                 Infinity|   3.9528470752104743E-02|        640|
 2|   1.080E+02|                 Infinity|   3.4482758620689655E-02|        841|
 2|   1.100E+02|                 Infinity|   2.5400025400038100E-02|       1550|
 2|   1.120E+02|                 Infinity|   2.7820744203732862E-02|       1292|
 2|   1.140E+02|                 Infinity|   4.9813548138671788E-02|        403|
 2|   1.160E+02|                 Infinity|   5.0379272185987839E-02|        394|
 2|   1.180E+02|                 Infinity|   5.4392829322042119E-02|        338|
 2|   1.200E+02|                 Infinity|   5.1502620262460476E-02|        377|
 2|   1.220E+02|                 Infinity|   5.1434449987363969E-02|        378|
 2|   1.240E+02|                 Infinity|   5.0507627227610534E-02|        392|
 2|   1.260E+02|                 Infinity|   5.2486388108147798E-02|        363|
 2|   1.280E+02|                 Infinity|   5.1987524491003641E-02|        370|
 2|   1.300E+02|                 Infinity|   5.5384877562171128E-02|        326|
 2|   1.320E+02|                 Infinity|   5.4717565516458275E-02|        334|
 2|   1.340E+02|                 Infinity|   5.3994924715603881E-02|        343|
 2|   1.360E+02|                 Infinity|   5.3300179088902604E-02|        352|
 2|   1.380E+02|                 Infinity|   5.5901699437494741E-02|        320|
 2|   1.400E+02|                 Infinity|   5.6254395046301198E-02|        316|
 2|   1.420E+02|                 Infinity|   5.4635836470815310E-02|        335|
 2|   1.440E+02|                 Infinity|   5.3224629541234948E-02|        353|
 2|   1.460E+02|                 Infinity|   5.8925565098878967E-02|        288|
 2|   1.480E+02|                 Infinity|   5.3224629541234948E-02|        353|
 2|   1.500E+02|                 Infinity|   5.4153036107388232E-02|        341|
 2|   1.520E+02|                 Infinity|   5.9976014390406722E-02|        278|
 2|   1.540E+02|                 Infinity|   5.7448498962142602E-02|        303|
 2|   1.560E+02|                 Infinity|   5.8823529411764705E-02|        289|
 2|   1.580E+02|                 Infinity|   5.4882129994845173E-02|        332|
 2|   1.600E+02|                 Infinity|   5.5989251095585432E-02|        319|
 2|   1.620E+02|                 Infinity|   5.7639041770423498E-02|        301|
 2|   1.640E+02|                 Infinity|   5.9549133417541367E-02|        282|
 2|   1.660E+02|                 Infinity|   5.9234887775909233E-02|        285|
 2|   1.680E+02|                 Infinity|   6.0522753266880246E-02|        273|
 2|   1.700E+02|                 Infinity|   6.0745673923078697E-02|        271|
 2|   1.720E+02|                 Infinity|   5.8925565098878967E-02|        288|
 2|   1.740E+02|                 Infinity|   5.9443829827776400E-02|        283|
 2|   1.760E+02|                 Infinity|   5.9761430466719681E-02|        280|
 2|   1.780E+02|                 Infinity|   5.8123819371909642E-02|        296|
 2|   1.800E+02|                 Infinity|   5.8621038176054921E-02|        291|
 2|   1.820E+02|                 Infinity|   6.2257280636469035E-02|        258|
 2|   1.840E+02|                 Infinity|   5.8621038176054921E-02|        291|
 2|   1.860E+02|                 Infinity|   6.1199006136210460E-02|        267|
 2|   1.880E+02|                 Infinity|   6.2869461346193145E-02|        253|
 2|   1.900E+02|                 Infinity|   6.3119440309780311E-02|        251|
 2|   1.920E+02|                 Infinity|   6.6226617853252193E-02|        228|
 2|   1.940E+02|                 Infinity|   6.2745580513815860E-02|        254|
 2|   1.960E+02|                 Infinity|   6.4820372355216441E-02|        238|
 2|   1.980E+02|                 Infinity|   6.3245553203367583E-02|        250|
# integrated result:   1.4327669878061883E-02
#
# Histogram 3: pT(H)                                             
 3|   0.000E+00|                 Infinity|   8.6454613407183807E-03|      13379|
 3|   1.000E+01|                 Infinity|   1.4128014666017078E-02|       5010|
 3|   2.000E+01|                 Infinity|   1.5899075018722335E-02|       3956|
 3|   3.000E+01|                 Infinity|   1.7030067582254289E-02|       3448|
 3|   4.000E+01|                 Infinity|   1.7920111019015680E-02|       3114|
 3|   5.000E+01|                 Infinity|   1.8608073189119671E-02|       2888|
 3|   6.000E+01|                 Infinity|   1.9114484997483857E-02|       2737|
 3|   7.000E+01|                 Infinity|   1.9488327551336875E-02|       2633|
 3|   8.000E+01|                 Infinity|   2.0353137525332639E-02|       2414|
 3|   9.000E+01|                 Infinity|   2.0906050250177270E-02|       2288|
 3|   1.000E+02|                 Infinity|   2.2167554926073633E-02|       2035|
 3|   1.100E+02|                 Infinity|   2.2439355443260010E-02|       1986|
 3|   1.200E+02|                 Infinity|   2.2971819376969831E-02|       1895|
 3|   1.300E+02|                 Infinity|   2.4633231954107330E-02|       1648|
 3|   1.400E+02|                 Infinity|   2.5351006328169692E-02|       1556|
 3|   1.500E+02|                 Infinity|   2.5725733587791941E-02|       1511|
 3|   1.600E+02|                 Infinity|   2.7076518053694116E-02|       1364|
 3|   1.700E+02|                 Infinity|   2.8432506701809173E-02|       1237|
 3|   1.800E+02|                 Infinity|   2.9630442547297988E-02|       1139|
 3|   1.900E+02|                 Infinity|   3.0178582014172842E-02|       1098|
 3|   2.000E+02|                 Infinity|   3.2042066805600074E-02|        974|
 3|   2.100E+02|                 Infinity|   3.1992834407549194E-02|        977|
 3|   2.200E+02|                 Infinity|   3.3131478096128583E-02|        911|
 3|   2.300E+02|                 Infinity|   3.5093120317179823E-02|        812|
 3|   2.400E+02|                 Infinity|   3.6860489038724284E-02|        736|
 3|   2.500E+02|                 Infinity|   3.7529331252040075E-02|        710|
 3|   2.600E+02|                 Infinity|   3.9777864208786498E-02|        632|
 3|   2.700E+02|                 Infinity|   4.0522044923655388E-02|        609|
 3|   2.800E+02|                 Infinity|   4.3726946944662608E-02|        523|
 3|   2.900E+02|                 Infinity|   4.3396303660274617E-02|        531|
 3|   3.000E+02|                 Infinity|   4.9147318718299048E-02|        414|
 3|   3.100E+02|                 Infinity|   4.8056933133221270E-02|        433|
 3|   3.200E+02|                 Infinity|   5.1708768999501914E-02|        374|
 3|   3.300E+02|                 Infinity|   5.4392829322042119E-02|        338|
 3|   3.400E+02|                 Infinity|   5.6613851707229781E-02|        312|
 3|   3.500E+02|                 Infinity|   5.8123819371909642E-02|        296|
 3|   3.600E+02|                 Infinity|   5.9028133610095526E-02|        287|
 3|   3.700E+02|                 Infinity|   6.4415662640083082E-02|        241|
 3|   3.800E+02|                 Infinity|   6.6519010523773930E-02|        226|
 3|   3.900E+02|                 Infinity|   6.6964953018242512E-02|        223|
 3|   4.000E+02|                 Infinity|   7.0888120500833582E-02|        199|
 3|   4.100E+02|                 Infinity|   6.8842839082151427E-02|        211|
 3|   4.200E+02|                 Infinity|   7.9555728417572996E-02|        158|
 3|   4.300E+02|                 Infinity|   7.7382323253413682E-02|        167|
 3|   4.400E+02|                 Infinity|   8.4215192106651904E-02|        141|
 3|   4.500E+02|                 Infinity|   8.3918135829668908E-02|        142|
 3|   4.600E+02|                 Infinity|   8.8045090632562384E-02|        129|
 3|   4.700E+02|                 Infinity|   9.5782628522115137E-02|        109|
 3|   4.800E+02|                 Infinity|   9.6673648904566353E-02|        107|
 3|   4.900E+02|                 Infinity|   9.8532927816429319E-02|        103|
# integrated result:   1.4327669878061895E-02
#
# Histogram 4: pT(j1)                                            
 4|   0.000E+00|                      NaN|   0.0000000000000000E+00|          0|
 4|   1.000E+01|                 Infinity|   2.9323117635391110E-02|       1163|
 4|   2.000E+01|                 Infinity|   1.8199876605254923E-02|       3019|
 4|   3.000E+01|                 Infinity|   1.5530496895325855E-02|       4146|
 4|   4.000E+01|                 Infinity|   1.4385883441210900E-02|       4832|
 4|   5.000E+01|                 Infinity|   1.4309095175803562E-02|       4884|
 4|   6.000E+01|                 Infinity|   1.4606713912321522E-02|       4687|
 4|   7.000E+01|                 Infinity|   1.4985583310759375E-02|       4453|
 4|   8.000E+01|                 Infinity|   1.5598365376958256E-02|       4110|
 4|   9.000E+01|                 Infinity|   1.6156374967834803E-02|       3831|
 4|   1.000E+02|                 Infinity|   1.6978442574375578E-02|       3469|
 4|   1.100E+02|                 Infinity|   1.7738751654443555E-02|       3178|
 4|   1.200E+02|                 Infinity|   1.8884739365012448E-02|       2804|
 4|   1.300E+02|                 Infinity|   1.9514284806274117E-02|       2626|
 4|   1.400E+02|                 Infinity|   2.0712325533373335E-02|       2331|
 4|   1.500E+02|                 Infinity|   2.1581616838757509E-02|       2147|
 4|   1.600E+02|                 Infinity|   2.3087854826980510E-02|       1876|
 4|   1.700E+02|                 Infinity|   2.4768870230903496E-02|       1630|
 4|   1.800E+02|                 Infinity|   2.5871684190211096E-02|       1494|
 4|   1.900E+02|                 Infinity|   2.6697534996903839E-02|       1403|
 4|   2.000E+02|                 Infinity|   2.8952080535072162E-02|       1193|
 4|   2.100E+02|                 Infinity|   2.9462782549439483E-02|       1152|
 4|   2.200E+02|                 Infinity|   3.1862649393858307E-02|        985|
 4|   2.300E+02|                 Infinity|   3.3095169616074761E-02|        913|
 4|   2.400E+02|                 Infinity|   3.5511041211421748E-02|        793|
 4|   2.500E+02|                 Infinity|   3.8984058779272523E-02|        658|
 4|   2.600E+02|                 Infinity|   3.9559388606461778E-02|        639|
 4|   2.700E+02|                 Infinity|   4.2220033092074907E-02|        561|
 4|   2.800E+02|                 Infinity|   4.2182454060959780E-02|        562|
 4|   2.900E+02|                 Infinity|   4.4946657497549475E-02|        495|
 4|   3.000E+02|                 Infinity|   4.8450158311150918E-02|        426|
 4|   3.100E+02|                 Infinity|   4.9751859510499458E-02|        404|
 4|   3.200E+02|                 Infinity|   5.3605626741889741E-02|        348|
 4|   3.300E+02|                 Infinity|   5.8222250973958202E-02|        295|
 4|   3.400E+02|                 Infinity|   6.0084176812610968E-02|        277|
 4|   3.500E+02|                 Infinity|   6.1662641597820735E-02|        263|
 4|   3.600E+02|                 Infinity|   6.6815310478106099E-02|        224|
 4|   3.700E+02|                 Infinity|   7.1611487403943297E-02|        195|
 4|   3.800E+02|                 Infinity|   7.2547625011001163E-02|        190|
 4|   3.900E+02|                 Infinity|   7.9305158571814416E-02|        159|
 4|   4.000E+02|                 Infinity|   8.6386842558136015E-02|        134|
 4|   4.100E+02|                 Infinity|   8.9442719099991588E-02|        125|
 4|   4.200E+02|                 Infinity|   8.9442719099991588E-02|        125|
 4|   4.300E+02|                 Infinity|   8.6386842558136015E-02|        134|
 4|   4.400E+02|                 Infinity|   1.0369516947304253E-01|         93|
 4|   4.500E+02|                 Infinity|   1.0721125348377948E-01|         87|
 4|   4.600E+02|                 Infinity|   1.2216944435630522E-01|         67|
 4|   4.700E+02|                 Infinity|   9.5346258924559238E-02|        110|
 4|   4.800E+02|                 Infinity|   1.2216944435630522E-01|         67|
 4|   4.900E+02|                 Infinity|   1.2598815766974239E-01|         63|
# integrated result:   1.4327669878061921E-02
#
# Histogram 5: dy(j1,j2)                                         
 5|  -5.000E+00|                 Infinity|   7.0888120500833582E-02|        199|
 5|  -4.800E+00|                 Infinity|   6.2136976600120006E-02|        259|
 5|  -4.600E+00|                 Infinity|   5.2777981396925952E-02|        359|
 5|  -4.400E+00|                 Infinity|   3.8518560788567267E-02|        674|
 5|  -4.200E+00|                 Infinity|   3.5805743701971648E-02|        780|
 5|  -4.000E+00|                 Infinity|   3.5967500063280318E-02|        773|
 5|  -3.800E+00|                 Infinity|   3.5071531191594722E-02|        813|
 5|  -3.600E+00|                 Infinity|   3.1702131247412065E-02|        995|
 5|  -3.400E+00|                 Infinity|   2.4581082304299690E-02|       1655|
 5|  -3.200E+00|                 Infinity|   2.0064308847628203E-02|       2484|
 5|  -3.000E+00|                 Infinity|   1.6910333934197906E-02|       3497|
 5|  -2.800E+00|                 Infinity|   1.7527682734987296E-02|       3255|
 5|  -2.600E+00|                 Infinity|   2.0153755044768931E-02|       2462|
 5|  -2.400E+00|                 Infinity|   1.7817416127494958E-02|       3150|
 5|  -2.200E+00|                 Infinity|   1.6205093088804110E-02|       3808|
 5|  -2.000E+00|                 Infinity|   1.9223661202719809E-02|       2706|
 5|  -1.800E+00|                 Infinity|   1.7360483211470365E-02|       3318|
 5|  -1.600E+00|                 Infinity|   1.4769904781684780E-02|       4584|
 5|  -1.400E+00|                 Infinity|   1.4932027335788824E-02|       4485|
 5|  -1.200E+00|                 Infinity|   1.5235690883400130E-02|       4308|
 5|  -1.000E+00|                 Infinity|   1.6538530041390560E-02|       3656|
 5|  -8.000E-01|                 Infinity|   1.6520465011377244E-02|       3664|
 5|  -6.000E-01|                 Infinity|   1.7514236102601468E-02|       3260|
 5|  -4.000E-01|                 Infinity|   2.3143436208321693E-02|       1867|
 5|  -2.000E-01|                 Infinity|   2.8116077855776665E-02|       1265|
 5|   0.000E+00|                 Infinity|   2.4119153509747387E-02|       1719|
 5|   2.000E-01|                 Infinity|   2.8653412753062640E-02|       1218|
 5|   4.000E-01|                 Infinity|   3.3113308926626096E-02|        912|
 5|   6.000E-01|                 Infinity|   3.2933246096939213E-02|        922|
 5|   8.000E-01|                 Infinity|   3.4319911152729012E-02|        849|
 5|   1.000E+00|                 Infinity|   3.5691530512412487E-02|        785|
 5|   1.200E+00|                 Infinity|   3.8291979053374177E-02|        682|
 5|   1.400E+00|                 Infinity|   4.1739193556484110E-02|        574|
 5|   1.600E+00|                 Infinity|   4.5129368240652418E-02|        491|
 5|   1.800E+00|                 Infinity|   4.5596075258755323E-02|        481|
 5|   2.000E+00|                 Infinity|   5.1298917604257706E-02|        380|
 5|   2.200E+00|                 Infinity|   5.3994924715603881E-02|        343|
 5|   2.400E+00|                 Infinity|   4.7781848256749658E-02|        438|
 5|   2.600E+00|                 Infinity|   4.5834924851410566E-02|        476|
 5|   2.800E+00|                 Infinity|   5.6613851707229781E-02|        312|
 5|   3.000E+00|                 Infinity|   6.6666666666666666E-02|        225|
 5|   3.200E+00|                 Infinity|   7.1428571428571425E-02|        196|
 5|   3.400E+00|                 Infinity|   8.3624201000709081E-02|        143|
 5|   3.600E+00|                 Infinity|   9.0166963466743230E-02|        123|
 5|   3.800E+00|                 Infinity|   1.0101525445522107E-01|         98|
 5|   4.000E+00|                 Infinity|   1.3018891098082389E-01|         59|
 5|   4.200E+00|                 Infinity|   1.3483997249264842E-01|         55|
 5|   4.400E+00|                 Infinity|   1.5075567228888181E-01|         44|
 5|   4.600E+00|                 Infinity|   1.9611613513818404E-01|         26|
 5|   4.800E+00|                 Infinity|   2.0851441405707477E-01|         23|
# integrated result:   1.4327669878061909E-02
#
# Histogram 6: mz1                                               
 6|   0.000E+00|                      NaN|   0.0000000000000000E+00|          0|
 6|   2.000E+00|                      NaN|   0.0000000000000000E+00|          0|
 6|   4.000E+00|                 Infinity|   2.5976216673306556E-02|       1482|
 6|   6.000E+00|                 Infinity|   1.6534008228581126E-02|       3658|
 6|   8.000E+00|                 Infinity|   3.5028472205202936E-02|        815|
 6|   1.000E+01|                 Infinity|   4.0160966445124943E-02|        620|
 6|   1.200E+01|                 Infinity|   3.9621442587516369E-02|        637|
 6|   1.400E+01|                 Infinity|   4.7619047619047616E-02|        441|
 6|   1.600E+01|                 Infinity|   5.7735026918962568E-02|        300|
 6|   1.800E+01|                 Infinity|   6.2500000000000000E-02|        256|
 6|   2.000E+01|                 Infinity|   6.3887656499993992E-02|        245|
 6|   2.200E+01|                 Infinity|   6.0084176812610968E-02|        277|
 6|   2.400E+01|                 Infinity|   5.6613851707229781E-02|        312|
 6|   2.600E+01|                 Infinity|   6.4018439966447988E-02|        244|
 6|   2.800E+01|                 Infinity|   7.3922127095457285E-02|        183|
 6|   3.000E+01|                 Infinity|   7.7382323253413682E-02|        167|
 6|   3.200E+01|                 Infinity|   8.2760588860236795E-02|        146|
 6|   3.400E+01|                 Infinity|   7.9305158571814416E-02|        159|
 6|   3.600E+01|                 Infinity|   8.3045479853739973E-02|        145|
 6|   3.800E+01|                 Infinity|   8.0845208345444328E-02|        153|
 6|   4.000E+01|                 Infinity|   7.4535599249992993E-02|        180|
 6|   4.200E+01|                 Infinity|   7.8086880944303036E-02|        164|
 6|   4.400E+01|                 Infinity|   7.7382323253413682E-02|        167|
 6|   4.600E+01|                 Infinity|   7.2739296745330792E-02|        189|
 6|   4.800E+01|                 Infinity|   8.3333333333333329E-02|        144|
 6|   5.000E+01|                 Infinity|   7.8567420131838608E-02|        162|
 6|   5.200E+01|                 Infinity|   7.3127242412713067E-02|        187|
 6|   5.400E+01|                 Infinity|   6.3887656499993992E-02|        245|
 6|   5.600E+01|                 Infinity|   3.3445003104532557E-02|        894|
 6|   5.800E+01|                 Infinity|   2.7206478089547161E-02|       1351|
 6|   6.000E+01|                 Infinity|   2.4595948397164089E-02|       1653|
 6|   6.200E+01|                 Infinity|   2.4588511980245170E-02|       1654|
 6|   6.400E+01|                 Infinity|   2.0752426878823012E-02|       2322|
 6|   6.600E+01|                 Infinity|   2.6870460745022952E-02|       1385|
 6|   6.800E+01|                 Infinity|   2.4084152542954401E-02|       1724|
 6|   7.000E+01|                 Infinity|   4.0756957296961119E-02|        602|
 6|   7.200E+01|                 Infinity|   5.9976014390406722E-02|        278|
 6|   7.400E+01|                 Infinity|   6.0192926542884599E-02|        276|
 6|   7.600E+01|                 Infinity|   5.7353933467640436E-02|        304|
 6|   7.800E+01|                 Infinity|   4.3478260869565216E-02|        529|
 6|   8.000E+01|                 Infinity|   3.9163022499397869E-02|        652|
 6|   8.200E+01|                 Infinity|   2.5490637096729083E-02|       1539|
 6|   8.400E+01|                 Infinity|   2.4875929755249729E-02|       1616|
 6|   8.600E+01|                 Infinity|   2.1011927654376678E-02|       2265|
 6|   8.800E+01|                 Infinity|   1.3835613322812138E-02|       5224|
 6|   9.000E+01|                 Infinity|   7.3180092044074982E-03|      18673|
 6|   9.200E+01|                 Infinity|   1.0148231951452121E-02|       9710|
 6|   9.400E+01|                 Infinity|   2.1044471869825901E-02|       2258|
 6|   9.600E+01|                 Infinity|   2.9988007195203361E-02|       1112|
 6|   9.800E+01|                 Infinity|   2.5391835805951279E-02|       1551|
 6|   1.000E+02|                 Infinity|   4.8564293117863207E-02|        424|
 6|   1.020E+02|                 Infinity|   8.1923192051904056E-02|        149|
 6|   1.040E+02|                 Infinity|   8.4818892967997092E-02|        139|
 6|   1.060E+02|                 Infinity|   1.0425720702853739E-01|         92|
 6|   1.080E+02|                 Infinity|   1.0976425998969035E-01|         83|
 6|   1.100E+02|                 Infinity|   1.0599978800063600E-01|         89|
 6|   1.120E+02|                 Infinity|   1.2803687993289598E-01|         61|
 6|   1.140E+02|                 Infinity|   1.6666666666666666E-01|         36|
 6|   1.160E+02|                 Infinity|   1.6012815380508713E-01|         39|
 6|   1.180E+02|                 Infinity|   2.2360679774997896E-01|         20|
 6|   1.200E+02|                 Infinity|   1.8898223650461360E-01|         28|
 6|   1.220E+02|                 Infinity|   2.2941573387056174E-01|         19|
 6|   1.240E+02|                 Infinity|   3.0151134457776363E-01|         11|
 6|   1.260E+02|                 Infinity|   2.8867513459481292E-01|         12|
 6|   1.280E+02|                 Infinity|   3.0151134457776363E-01|         11|
 6|   1.300E+02|                 Infinity|   3.5355339059327373E-01|          8|
 6|   1.320E+02|                 Infinity|   4.4721359549995793E-01|          5|
 6|   1.340E+02|                 Infinity|   3.3333333333333331E-01|          9|
 6|   1.360E+02|                 Infinity|   4.0824829046386307E-01|          6|
 6|   1.380E+02|                 Infinity|   3.7796447300922720E-01|          7|
 6|   1.400E+02|                 Infinity|   5.0000000000000000E-01|          4|
 6|   1.420E+02|                 Infinity|   4.4721359549995793E-01|          5|
 6|   1.440E+02|                 Infinity|   4.0824829046386307E-01|          6|
 6|   1.460E+02|                 Infinity|   4.4721359549995793E-01|          5|
 6|   1.480E+02|                 Infinity|   1.0000000000000000E+00|          1|
 6|   1.500E+02|                 Infinity|   5.0000000000000000E-01|          4|
 6|   1.520E+02|                 Infinity|   4.4721359549995793E-01|          5|
 6|   1.540E+02|                 Infinity|   1.0000000000000000E+00|          1|
 6|   1.560E+02|                 Infinity|   5.7735026918962584E-01|          3|
 6|   1.580E+02|                 Infinity|   5.7735026918962584E-01|          3|
 6|   1.600E+02|                 Infinity|   1.0000000000000000E+00|          1|
 6|   1.620E+02|                      NaN|   0.0000000000000000E+00|          0|
 6|   1.640E+02|                 Infinity|   7.0710678118654746E-01|          2|
 6|   1.660E+02|                 Infinity|   1.0000000000000000E+00|          1|
 6|   1.680E+02|                 Infinity|   5.0000000000000000E-01|          4|
 6|   1.700E+02|                 Infinity|   1.0000000000000000E+00|          1|
 6|   1.720E+02|                      NaN|   0.0000000000000000E+00|          0|
 6|   1.740E+02|                      NaN|   0.0000000000000000E+00|          0|
 6|   1.760E+02|                      NaN|   0.0000000000000000E+00|          0|
 6|   1.780E+02|                      NaN|   0.0000000000000000E+00|          0|
 6|   1.800E+02|                 Infinity|   5.7735026918962584E-01|          3|
 6|   1.820E+02|                      NaN|   0.0000000000000000E+00|          0|
 6|   1.840E+02|                      NaN|   0.0000000000000000E+00|          0|
 6|   1.860E+02|                 Infinity|   7.0710678118654746E-01|          2|
 6|   1.880E+02|                      NaN|   0.0000000000000000E+00|          0|
 6|   1.900E+02|                      NaN|   0.0000000000000000E+00|          0|
 6|   1.920E+02|                 Infinity|   1.0000000000000000E+00|          1|
 6|   1.940E+02|                 Infinity|   1.0000000000000000E+00|          1|
 6|   1.960E+02|                      NaN|   0.0000000000000000E+00|          0|
 6|   1.980E+02|                 Infinity|   1.0000000000000000E+00|          1|
# integrated result:   1.4327669878061930E-02
#
# Histogram 7: mz2                                               
 7|   0.000E+00|                      NaN|   0.0000000000000000E+00|          0|
 7|   2.000E+00|                      NaN|   0.0000000000000000E+00|          0|
 7|   4.000E+00|                 Infinity|   2.2651349466027825E-02|       1949|
 7|   6.000E+00|                 Infinity|   2.8653412753062640E-02|       1218|
 7|   8.000E+00|                 Infinity|   2.7607881518711633E-02|       1312|
 7|   1.000E+01|                 Infinity|   3.0831320798910367E-02|       1052|
 7|   1.200E+01|                 Infinity|   3.0993786368687184E-02|       1041|
 7|   1.400E+01|                 Infinity|   2.9934217004462482E-02|       1116|
 7|   1.600E+01|                 Infinity|   2.8903665650803999E-02|       1197|
 7|   1.800E+01|                 Infinity|   3.1638599858416633E-02|        999|
 7|   2.000E+01|                 Infinity|   3.2844309272143102E-02|        927|
 7|   2.200E+01|                 Infinity|   3.4482758620689655E-02|        841|
 7|   2.400E+01|                 Infinity|   3.4565056491014177E-02|        837|
 7|   2.600E+01|                 Infinity|   3.5511041211421748E-02|        793|
 7|   2.800E+01|                 Infinity|   3.5897907930886909E-02|        776|
 7|   3.000E+01|                 Infinity|   3.6686441912352652E-02|        743|
 7|   3.200E+01|                 Infinity|   3.6037498507822355E-02|        770|
 7|   3.400E+01|                 Infinity|   3.8041792845426678E-02|        691|
 7|   3.600E+01|                 Infinity|   3.9163022499397869E-02|        652|
 7|   3.800E+01|                 Infinity|   3.8954469356580992E-02|        659|
 7|   4.000E+01|                 Infinity|   4.0032038451271783E-02|        624|
 7|   4.200E+01|                 Infinity|   4.1274417170649801E-02|        587|
 7|   4.400E+01|                 Infinity|   4.1922180815031851E-02|        569|
 7|   4.600E+01|                 Infinity|   4.1415768328129106E-02|        583|
 7|   4.800E+01|                 Infinity|   4.3033148291193521E-02|        540|
 7|   5.000E+01|                 Infinity|   4.4237395520380883E-02|        511|
 7|   5.200E+01|                 Infinity|   4.3478260869565216E-02|        529|
 7|   5.400E+01|                 Infinity|   4.4455422447438706E-02|        506|
 7|   5.600E+01|                 Infinity|   4.3685202833051898E-02|        524|
 7|   5.800E+01|                 Infinity|   4.4811071494822087E-02|        498|
 7|   6.000E+01|                 Infinity|   4.5883146774112350E-02|        475|
 7|   6.200E+01|                 Infinity|   4.1885390829169547E-02|        570|
 7|   6.400E+01|                 Infinity|   4.6880723093849538E-02|        455|
 7|   6.600E+01|                 Infinity|   4.8168305085908802E-02|        431|
 7|   6.800E+01|                 Infinity|   5.0062617432175889E-02|        399|
 7|   7.000E+01|                 Infinity|   4.9751859510499458E-02|        404|
 7|   7.200E+01|                 Infinity|   5.2057920629535355E-02|        369|
 7|   7.400E+01|                 Infinity|   5.0898659855928764E-02|        386|
 7|   7.600E+01|                 Infinity|   4.6175709653961020E-02|        469|
 7|   7.800E+01|                 Infinity|   3.8376477822666816E-02|        679|
 7|   8.000E+01|                 Infinity|   3.9559388606461778E-02|        639|
 7|   8.200E+01|                 Infinity|   2.5173668017796205E-02|       1578|
 7|   8.400E+01|                 Infinity|   1.6413304107465318E-02|       3712|
 7|   8.600E+01|                 Infinity|   1.7241379310344827E-02|       3364|
 7|   8.800E+01|                 Infinity|   1.1472296305522982E-02|       7598|
 7|   9.000E+01|                 Infinity|   7.8791467535163171E-03|      16108|
 7|   9.200E+01|                 Infinity|   1.4272612797395282E-02|       4909|
 7|   9.400E+01|                 Infinity|   1.8911736861805844E-02|       2796|
 7|   9.600E+01|                 Infinity|   5.0767308256680958E-02|        388|
 7|   9.800E+01|                 Infinity|   9.6225044864937631E-02|        108|
 7|   1.000E+02|                 Infinity|   8.8388347648318433E-02|        128|
 7|   1.020E+02|                 Infinity|   1.1043152607484653E-01|         82|
 7|   1.040E+02|                 Infinity|   1.1043152607484653E-01|         82|
 7|   1.060E+02|                 Infinity|   1.1952286093343936E-01|         70|
 7|   1.080E+02|                 Infinity|   1.1785113019775793E-01|         72|
 7|   1.100E+02|                 Infinity|   1.1952286093343936E-01|         70|
 7|   1.120E+02|                 Infinity|   1.2598815766974239E-01|         63|
 7|   1.140E+02|                 Infinity|   1.2038585308576920E-01|         69|
 7|   1.160E+02|                 Infinity|   1.1396057645963795E-01|         77|
 7|   1.180E+02|                 Infinity|   1.0846522890932808E-01|         85|
 7|   1.200E+02|                 Infinity|   1.2216944435630522E-01|         67|
 7|   1.220E+02|                 Infinity|   1.1952286093343936E-01|         70|
 7|   1.240E+02|                 Infinity|   1.1952286093343936E-01|         70|
 7|   1.260E+02|                 Infinity|   1.4285714285714285E-01|         49|
 7|   1.280E+02|                 Infinity|   1.3736056394868904E-01|         53|
 7|   1.300E+02|                 Infinity|   1.6439898730535729E-01|         37|
 7|   1.320E+02|                 Infinity|   1.4907119849998599E-01|         45|
 7|   1.340E+02|                 Infinity|   1.5075567228888181E-01|         44|
 7|   1.360E+02|                 Infinity|   1.6439898730535729E-01|         37|
 7|   1.380E+02|                 Infinity|   1.6903085094570330E-01|         35|
 7|   1.400E+02|                 Infinity|   1.8898223650461360E-01|         28|
 7|   1.420E+02|                 Infinity|   2.0412414523193154E-01|         24|
 7|   1.440E+02|                 Infinity|   2.0000000000000001E-01|         25|
 7|   1.460E+02|                 Infinity|   2.2360679774997896E-01|         20|
 7|   1.480E+02|                 Infinity|   2.0851441405707477E-01|         23|
 7|   1.500E+02|                 Infinity|   2.3570226039551587E-01|         18|
 7|   1.520E+02|                 Infinity|   2.5819888974716110E-01|         15|
 7|   1.540E+02|                 Infinity|   4.0824829046386307E-01|          6|
 7|   1.560E+02|                 Infinity|   2.5819888974716110E-01|         15|
 7|   1.580E+02|                 Infinity|   2.8867513459481292E-01|         12|
 7|   1.600E+02|                 Infinity|   3.7796447300922720E-01|          7|
 7|   1.620E+02|                 Infinity|   5.7735026918962584E-01|          3|
 7|   1.640E+02|                 Infinity|   3.7796447300922720E-01|          7|
 7|   1.660E+02|                 Infinity|   3.3333333333333331E-01|          9|
 7|   1.680E+02|                 Infinity|   3.5355339059327373E-01|          8|
 7|   1.700E+02|                 Infinity|   3.3333333333333331E-01|          9|
 7|   1.720E+02|                 Infinity|   4.0824829046386307E-01|          6|
 7|   1.740E+02|                 Infinity|   5.7735026918962584E-01|          3|
 7|   1.760E+02|                 Infinity|   4.0824829046386307E-01|          6|
 7|   1.780E+02|                 Infinity|   3.7796447300922720E-01|          7|
 7|   1.800E+02|                 Infinity|   5.0000000000000000E-01|          4|
 7|   1.820E+02|                 Infinity|   4.0824829046386307E-01|          6|
 7|   1.840E+02|                 Infinity|   4.0824829046386307E-01|          6|
 7|   1.860E+02|                 Infinity|   4.0824829046386307E-01|          6|
 7|   1.880E+02|                 Infinity|   4.4721359549995793E-01|          5|
 7|   1.900E+02|                 Infinity|   5.7735026918962584E-01|          3|
 7|   1.920E+02|                 Infinity|   5.7735026918962584E-01|          3|
 7|   1.940E+02|                 Infinity|   4.4721359549995793E-01|          5|
 7|   1.960E+02|                 Infinity|   4.4721359549995793E-01|          5|
 7|   1.980E+02|                 Infinity|   4.0824829046386307E-01|          6|
# integrated result:   1.4327669878061894E-02
#
# Histogram 8: m_4l                                              
 8|   1.000E+02|                 Infinity|   8.9414111160958185E-03|      12508|
 8|   1.400E+02|                 Infinity|   9.1566031127872077E-03|      11927|
 8|   1.800E+02|                 Infinity|   1.0247924365022427E-02|       9522|
 8|   2.200E+02|                 Infinity|   1.1741975267363411E-02|       7253|
 8|   2.600E+02|                 Infinity|   1.3666610481827953E-02|       5354|
 8|   3.000E+02|                 Infinity|   1.5435848784127248E-02|       4197|
 8|   3.400E+02|                 Infinity|   1.7436851272653899E-02|       3289|
 8|   3.800E+02|                 Infinity|   1.9900743804199782E-02|       2525|
 8|   4.200E+02|                 Infinity|   2.2377469175267228E-02|       1997|
 8|   4.600E+02|                 Infinity|   2.5294174537134732E-02|       1563|
 8|   5.000E+02|                 Infinity|   2.9000739528287078E-02|       1189|
 8|   5.400E+02|                 Infinity|   3.2191138998982523E-02|        965|
 8|   5.800E+02|                 Infinity|   3.6297700432031385E-02|        759|
 8|   6.200E+02|                 Infinity|   3.9872611141444997E-02|        629|
 8|   6.600E+02|                 Infinity|   4.3937477516374682E-02|        518|
 8|   7.000E+02|                 Infinity|   4.6625240412015691E-02|        460|
 8|   7.400E+02|                 Infinity|   5.5215763037423267E-02|        328|
 8|   7.800E+02|                 Infinity|   6.3119440309780311E-02|        251|
 8|   8.200E+02|                 Infinity|   6.8199433947047347E-02|        215|
 8|   8.600E+02|                 Infinity|   7.3127242412713067E-02|        187|
 8|   9.000E+02|                 Infinity|   8.6710996952411995E-02|        133|
 8|   9.400E+02|                 Infinity|   9.2450032704204849E-02|        117|
 8|   9.800E+02|                 Infinity|   9.8532927816429319E-02|        103|
 8|   1.020E+03|                 Infinity|   1.1043152607484653E-01|         82|
 8|   1.060E+03|                 Infinity|   1.0783277320343841E-01|         86|
 8|   1.100E+03|                 Infinity|   1.2803687993289598E-01|         61|
 8|   1.140E+03|                 Infinity|   1.3736056394868904E-01|         53|
 8|   1.180E+03|                 Infinity|   1.6222142113076254E-01|         38|
 8|   1.220E+03|                 Infinity|   1.4433756729740646E-01|         48|
 8|   1.260E+03|                 Infinity|   1.7149858514250882E-01|         34|
 8|   1.300E+03|                 Infinity|   1.6666666666666666E-01|         36|
 8|   1.340E+03|                 Infinity|   2.0000000000000001E-01|         25|
 8|   1.380E+03|                 Infinity|   2.5819888974716110E-01|         15|
 8|   1.420E+03|                 Infinity|   2.2360679774997896E-01|         20|
 8|   1.460E+03|                 Infinity|   3.0151134457776363E-01|         11|
 8|   1.500E+03|                 Infinity|   2.4253562503633297E-01|         17|
 8|   1.540E+03|                 Infinity|   3.3333333333333331E-01|          9|
 8|   1.580E+03|                 Infinity|   2.4253562503633297E-01|         17|
 8|   1.620E+03|                 Infinity|   3.1622776601683794E-01|         10|
 8|   1.660E+03|                 Infinity|   3.1622776601683794E-01|         10|
 8|   1.700E+03|                 Infinity|   3.1622776601683794E-01|         10|
 8|   1.740E+03|                 Infinity|   4.0824829046386307E-01|          6|
 8|   1.780E+03|                 Infinity|   5.7735026918962584E-01|          3|
 8|   1.820E+03|                 Infinity|   1.0000000000000000E+00|          1|
 8|   1.860E+03|                 Infinity|   5.0000000000000000E-01|          4|
 8|   1.900E+03|                      NaN|   0.0000000000000000E+00|          0|
 8|   1.940E+03|                 Infinity|   5.0000000000000000E-01|          4|
 8|   1.980E+03|                 Infinity|   5.7735026918962584E-01|          3|
 8|   2.020E+03|                 Infinity|   1.0000000000000000E+00|          1|
 8|   2.060E+03|                 Infinity|   1.0000000000000000E+00|          1|
 8|   2.100E+03|                 Infinity|   5.7735026918962584E-01|          3|
 8|   2.140E+03|                 Infinity|   5.0000000000000000E-01|          4|
 8|   2.180E+03|                 Infinity|   7.0710678118654746E-01|          2|
 8|   2.220E+03|                 Infinity|   5.7735026918962584E-01|          3|
 8|   2.260E+03|                 Infinity|   1.0000000000000000E+00|          1|
 8|   2.300E+03|                 Infinity|   1.0000000000000000E+00|          1|
 8|   2.340E+03|                 Infinity|   1.0000000000000000E+00|          1|
 8|   2.380E+03|                 Infinity|   1.0000000000000000E+00|          1|
 8|   2.420E+03|                 Infinity|   1.0000000000000000E+00|          1|
 8|   2.460E+03|                 Infinity|   7.0710678118654746E-01|          2|
 8|   2.500E+03|                 Infinity|   1.0000000000000000E+00|          1|
 8|   2.540E+03|                      NaN|   0.0000000000000000E+00|          0|
 8|   2.580E+03|                      NaN|   0.0000000000000000E+00|          0|
 8|   2.620E+03|                 Infinity|   1.0000000000000000E+00|          1|
 8|   2.660E+03|                      NaN|   0.0000000000000000E+00|          0|
 8|   2.700E+03|                 Infinity|   1.0000000000000000E+00|          1|
 8|   2.740E+03|                 Infinity|   1.0000000000000000E+00|          1|
 8|   2.780E+03|                 Infinity|   1.0000000000000000E+00|          1|
 8|   2.820E+03|                      NaN|   0.0000000000000000E+00|          0|
 8|   2.860E+03|                      NaN|   0.0000000000000000E+00|          0|
 8|   2.900E+03|                      NaN|   0.0000000000000000E+00|          0|
 8|   2.940E+03|                 Infinity|   1.0000000000000000E+00|          1|
 8|   2.980E+03|                 Infinity|   1.0000000000000000E+00|          1|
 8|   3.020E+03|                      NaN|   0.0000000000000000E+00|          0|
 8|   3.060E+03|                      NaN|   0.0000000000000000E+00|          0|
 8|   3.100E+03|                      NaN|   0.0000000000000000E+00|          0|
 8|   3.140E+03|                      NaN|   0.0000000000000000E+00|          0|
 8|   3.180E+03|                      NaN|   0.0000000000000000E+00|          0|
 8|   3.220E+03|                      NaN|   0.0000000000000000E+00|          0|
 8|   3.260E+03|                 Infinity|   7.0710678118654746E-01|          2|
 8|   3.300E+03|                      NaN|   0.0000000000000000E+00|          0|
 8|   3.340E+03|                      NaN|   0.0000000000000000E+00|          0|
 8|   3.380E+03|                      NaN|   0.0000000000000000E+00|          0|
 8|   3.420E+03|                      NaN|   0.0000000000000000E+00|          0|
 8|   3.460E+03|                 Infinity|   1.0000000000000000E+00|          1|
 8|   3.500E+03|                      NaN|   0.0000000000000000E+00|          0|
 8|   3.540E+03|                      NaN|   0.0000000000000000E+00|          0|
 8|   3.580E+03|                      NaN|   0.0000000000000000E+00|          0|
 8|   3.620E+03|                      NaN|   0.0000000000000000E+00|          0|
 8|   3.660E+03|                      NaN|   0.0000000000000000E+00|          0|
 8|   3.700E+03|                      NaN|   0.0000000000000000E+00|          0|
 8|   3.740E+03|                      NaN|   0.0000000000000000E+00|          0|
 8|   3.780E+03|                      NaN|   0.0000000000000000E+00|          0|
 8|   3.820E+03|                      NaN|   0.0000000000000000E+00|          0|
 8|   3.860E+03|                      NaN|   0.0000000000000000E+00|          0|
 8|   3.900E+03|                      NaN|   0.0000000000000000E+00|          0|
 8|   3.940E+03|                      NaN|   0.0000000000000000E+00|          0|
 8|   3.980E+03|                      NaN|   0.0000000000000000E+00|          0|
 8|   4.020E+03|                      NaN|   0.0000000000000000E+00|          0|
 8|   4.060E+03|                      NaN|   0.0000000000000000E+00|          0|
# integrated result:   1.4327669878061888E-02
#
# Histogram 9: m_4l                                              
 9|   8.500E+01|                 Infinity|   8.2760588860236795E-02|        146|
 9|   8.600E+01|                 Infinity|   8.0321932890249886E-02|        155|
 9|   8.700E+01|                 Infinity|   8.2478609884232251E-02|        147|
 9|   8.800E+01|                 Infinity|   8.8045090632562384E-02|        129|
 9|   8.900E+01|                 Infinity|   8.6386842558136015E-02|        134|
 9|   9.000E+01|                 Infinity|   8.9802651013387455E-02|        124|
 9|   9.100E+01|                 Infinity|   8.7038827977848926E-02|        132|
 9|   9.200E+01|                 Infinity|   9.7128586235726413E-02|        106|
 9|   9.300E+01|                 Infinity|   9.2847669088525930E-02|        116|
 9|   9.400E+01|                 Infinity|   8.8045090632562384E-02|        129|
 9|   9.500E+01|                 Infinity|   9.2847669088525930E-02|        116|
 9|   9.600E+01|                 Infinity|   8.0321932890249886E-02|        155|
 9|   9.700E+01|                 Infinity|   7.7849894416152296E-02|        165|
 9|   9.800E+01|                 Infinity|   7.9808688446762213E-02|        157|
 9|   9.900E+01|                 Infinity|   7.4535599249992993E-02|        180|
 9|   1.000E+02|                 Infinity|   6.9843029576957816E-02|        205|
 9|   1.010E+02|                 Infinity|   6.8518870982753166E-02|        213|
 9|   1.020E+02|                 Infinity|   6.3500063500095252E-02|        248|
 9|   1.030E+02|                 Infinity|   5.8722021951470346E-02|        290|
 9|   1.040E+02|                 Infinity|   6.2378286155180533E-02|        257|
 9|   1.050E+02|                 Infinity|   6.0971076084969232E-02|        269|
 9|   1.060E+02|                 Infinity|   5.9234887775909233E-02|        285|
 9|   1.070E+02|                 Infinity|   5.8621038176054921E-02|        291|
 9|   1.080E+02|                 Infinity|   6.0192926542884599E-02|        276|
 9|   1.090E+02|                 Infinity|   5.5215763037423267E-02|        328|
 9|   1.100E+02|                 Infinity|   5.8025885318565944E-02|        297|
 9|   1.110E+02|                 Infinity|   5.6796183424706478E-02|        310|
 9|   1.120E+02|                 Infinity|   5.8520573598065284E-02|        292|
 9|   1.130E+02|                 Infinity|   5.6704797712374272E-02|        311|
 9|   1.140E+02|                 Infinity|   5.6796183424706478E-02|        310|
 9|   1.150E+02|                 Infinity|   5.4717565516458275E-02|        334|
 9|   1.160E+02|                 Infinity|   5.4964970992931267E-02|        331|
 9|   1.170E+02|                 Infinity|   5.4153036107388232E-02|        341|
 9|   1.180E+02|                 Infinity|   5.1571062312939668E-02|        376|
 9|   1.190E+02|                 Infinity|   5.4635836470815310E-02|        335|
 9|   1.200E+02|                 Infinity|   5.7166195047502949E-02|        306|
 9|   1.210E+02|                 Infinity|   5.4073807043587517E-02|        342|
 9|   1.220E+02|                 Infinity|   5.4799662435119099E-02|        333|
 9|   1.230E+02|                 Infinity|   5.3149400345273393E-02|        354|
 9|   1.240E+02|                 Infinity|   5.5048188256318034E-02|        330|
 9|   1.250E+02|                 Infinity|   5.1502620262460476E-02|        377|
 9|   1.260E+02|                 Infinity|   5.3916386601719206E-02|        344|
 9|   1.270E+02|                 Infinity|   5.5048188256318034E-02|        330|
 9|   1.280E+02|                 Infinity|   5.5048188256318034E-02|        330|
 9|   1.290E+02|                 Infinity|   5.3605626741889741E-02|        348|
 9|   1.300E+02|                 Infinity|   5.5555555555555552E-02|        324|
 9|   1.310E+02|                 Infinity|   5.7353933467640436E-02|        304|
 9|   1.320E+02|                 Infinity|   5.8420623783698597E-02|        293|
 9|   1.330E+02|                 Infinity|   5.3682812709501898E-02|        347|
 9|   1.340E+02|                 Infinity|   5.4799662435119099E-02|        333|
# integrated result:   1.4327669878061911E-02
#
# Histogram10: Phi1                                              
10|  -3.142E+00|                 Infinity|   2.4441185836892216E-02|       1674|
10|  -2.985E+00|                 Infinity|   2.3782574707724703E-02|       1768|
10|  -2.827E+00|                 Infinity|   2.2332781224177669E-02|       2005|
10|  -2.670E+00|                 Infinity|   2.3318957740501974E-02|       1839|
10|  -2.513E+00|                 Infinity|   2.4289308377863014E-02|       1695|
10|  -2.356E+00|                 Infinity|   2.4253562503633298E-02|       1700|
10|  -2.199E+00|                 Infinity|   2.4070194759954793E-02|       1726|
10|  -2.042E+00|                 Infinity|   2.3075557699702289E-02|       1878|
10|  -1.885E+00|                 Infinity|   2.2558941739747075E-02|       1965|
10|  -1.728E+00|                 Infinity|   2.2461987174119138E-02|       1982|
10|  -1.571E+00|                 Infinity|   2.2327214034455325E-02|       2006|
10|  -1.414E+00|                 Infinity|   2.1816595214404266E-02|       2101|
10|  -1.257E+00|                 Infinity|   2.2327214034455325E-02|       2006|
10|  -1.100E+00|                 Infinity|   2.2293898103385491E-02|       2012|
10|  -9.425E-01|                 Infinity|   2.2576182049286544E-02|       1962|
10|  -7.854E-01|                 Infinity|   2.3973165074269207E-02|       1740|
10|  -6.283E-01|                 Infinity|   2.5457575296697801E-02|       1543|
10|  -4.713E-01|                 Infinity|   2.5674808298154838E-02|       1517|
10|  -3.142E-01|                 Infinity|   2.6334032657486166E-02|       1442|
10|  -1.571E-01|                 Infinity|   2.7066598098038335E-02|       1365|
10|  -3.000E-05|                 Infinity|   2.7907278609297381E-02|       1284|
10|   1.570E-01|                 Infinity|   2.6793191107712163E-02|       1393|
10|   3.141E-01|                 Infinity|   2.6640630772354096E-02|       1409|
10|   4.712E-01|                 Infinity|   2.5923792368260631E-02|       1488|
10|   6.283E-01|                 Infinity|   2.4976595407570312E-02|       1603|
10|   7.854E-01|                 Infinity|   2.2905435417568808E-02|       1906|
10|   9.424E-01|                 Infinity|   2.2996102490913696E-02|       1891|
10|   1.100E+00|                 Infinity|   2.2786197567488776E-02|       1926|
10|   1.257E+00|                 Infinity|   2.2605003945421219E-02|       1957|
10|   1.414E+00|                 Infinity|   2.2633936510629633E-02|       1952|
10|   1.571E+00|                 Infinity|   2.2564684120326209E-02|       1964|
10|   1.728E+00|                 Infinity|   2.2875450543583874E-02|       1911|
10|   1.885E+00|                 Infinity|   2.3669053416557544E-02|       1785|
10|   2.042E+00|                 Infinity|   2.4485105343719588E-02|       1668|
10|   2.199E+00|                 Infinity|   2.5490637096729083E-02|       1539|
10|   2.356E+00|                 Infinity|   2.5015639663712997E-02|       1598|
10|   2.513E+00|                 Infinity|   2.3224433809720592E-02|       1854|
10|   2.670E+00|                 Infinity|   2.2145800696175846E-02|       2039|
10|   2.827E+00|                 Infinity|   2.3596458909150436E-02|       1796|
10|   2.984E+00|                 Infinity|   2.4404766228169002E-02|       1679|
# integrated result:   1.4327669878061916E-02
#
